1.02E-17
1.15E-17
6.70E-18
7.28E-18
2.37E-18
2.61E-18
5.14E-17
4.89E-18
2.42E-18
2.95E-18
6.05E-18
9.75E-18
5.15E-18
7.60E-18
3.02E-18
4.40E-18
3.38E-18
1.92E-18
1.08E-17
3.28E-18
4.21E-18
1.72E-17
9.64E-18
3.52E-19
4.14E-18
1.00E-17
3.87E-18
3.92E-18
1.77E-17
4.38E-18
3.54E-18
6.72E-18
1.68E-18
2.78E-18
6.26E-18
2.19E-17
4.60E-18
2.29E-18
1.88E-18
2.29E-18
2.55E-18
1.87E-18
4.39E-18
1.42E-18
2.98E-18
1.10E-17
1.12E-18
4.20E-18
3.94E-18
9.54E-18
2.49E-18
2.47E-18
6.39E-18
1.39E-18
1.57E-18
1.33E-18
5.45E-20
2.02E-18
4.77E-18
7.41E-18
3.19E-18