5.086027190280562e-19
6.033479983542376e-19
7.454659173435342e-19
8.402111966697155e-19
9.349564759958968e-19
1.0297017553220781e-18
1.1718196743113501e-18
1.3613102329637374e-18
1.5034281519530094e-18
1.692918710605372e-18
1.7876639899315656e-18
1.8824092692577593e-18
1.9771545485839406e-18
2.1192724675732126e-18
2.2613903865624845e-18
2.3561356658886905e-18
2.545626224541053e-18
2.687744143530325e-18
2.8772347021827124e-18
2.9719799815088937e-18
3.1614705401612564e-18
3.3509610988136313e-18
3.540451657466006e-18
3.6351969367921876e-18
3.7773148557814596e-18
3.966805414433847e-18
4.108923333423119e-18
4.2984138920754815e-18
4.393159171401663e-18
4.5352770903909594e-18
4.630022369717141e-18
4.772140288706413e-18
4.914258207695685e-18
5.056376126684981e-18
5.2932393250004346e-18
5.4353572439897066e-18
5.577475162979003e-18
5.719593081968275e-18
5.909083640620638e-18
6.0512015596099344e-18
6.240692118262297e-18
6.382810037251569e-18
6.524927956240853e-18
6.714418514893228e-18
6.903909073545591e-18
7.046026992534875e-18
7.18814491152416e-18
7.330262830513432e-18
7.425008109839613e-18
7.519753389165794e-18
7.614498668491988e-18
7.803989227144363e-18
7.898734506470544e-18
7.993479785796725e-18
8.230342984112203e-18
8.372460903101475e-18
8.561951461753838e-18
8.656696741080032e-18
8.798814660069316e-18
8.893559939395497e-18
9.035677858384769e-18
9.225168417037156e-18
9.367286336026428e-18
9.5094042550157e-18
9.604149534341882e-18
9.698894813668075e-18
9.84101273265736e-18
9.935758011983541e-18
1.0030503291309722e-17
1.0125248570635904e-17
1.0314739129288291e-17
1.0456857048277563e-17
1.0646347606929925e-17
1.0835838165582313e-17
1.0930583444908494e-17
1.1025328724234675e-17
1.1167446643223947e-17
1.1309564562213232e-17
1.1499055120865607e-17
1.1641173039854879e-17
1.173591831918106e-17
1.1878036238170357e-17
1.2020154157159629e-17
1.2209644715811991e-17
1.2351762634801275e-17
1.2446507914127469e-17
1.254125319345365e-17
1.2635998472779832e-17
1.2730743752106013e-17
1.2825489031432194e-17
1.2967606950421491e-17
1.3062352229747672e-17
1.3251842788400035e-17
1.3630823905704785e-17
1.3772941824694057e-17
1.3867687104020238e-17
1.3962432383346444e-17
1.4057177662672625e-17
1.4246668221324988e-17
1.4530904059303557e-17
1.467302197829283e-17
1.476776725761901e-17
1.486251253694519e-17
1.505200309559758e-17
1.524149365424994e-17
1.5430984212902304e-17
1.55731021318916e-17
1.5762592690543963e-17
1.5857337969870144e-17
1.6141573807848713e-17
1.6236319087174894e-17
1.6331064366501076e-17
1.6520554925153438e-17
1.6710045483805826e-17
1.6852163402795098e-17
1.699428132178437e-17
1.7089026601110563e-17
1.732588979942603e-17
1.742063507875221e-17
1.7562752997741482e-17
1.7657498277067676e-17
1.775224355639387e-17
1.784698883572005e-17
1.7989106754709323e-17
1.8083852034035504e-17
1.8178597313361698e-17
1.8320715232350982e-17
1.8415460511677163e-17
1.8557578430666435e-17
1.8652323709992617e-17
1.8794441628981913e-17
1.8983932187634276e-17
1.9078677466960457e-17
1.9173422746286638e-17
1.9315540665275935e-17
1.9457658584265207e-17
1.959977650325448e-17
1.969452178258066e-17
1.9789267061906866e-17
1.997875762055923e-17
2.007350289988541e-17
2.016824817921159e-17
2.0262993458537785e-17
2.040511137752707e-17
2.049985665685325e-17
2.0594601936179432e-17
2.0736719855168704e-17
2.0831465134494898e-17
2.0973583053484182e-17
2.1163073612136545e-17
2.1257818891462726e-17
2.1447309450115113e-17
2.1542054729441295e-17
2.1636800008767476e-17
2.1778917927756748e-17
2.187366320708294e-17
2.2015781126072226e-17
2.2157899045061498e-17
2.234738960371386e-17
2.2442134883040066e-17
2.2536880162366248e-17
2.263162544169243e-17
2.27737433606817e-17
2.2868488640007882e-17
2.305797919866027e-17
2.315272447798645e-17
2.3342215036638814e-17
2.348433295562811e-17
2.3768568793606654e-17
2.3863314072932835e-17
2.400543199192212e-17
2.4100177271248313e-17
2.4289667829900676e-17
2.447915838855304e-17
2.4573903667879245e-17
2.4763394226531607e-17
2.490551214552088e-17
2.500025742484706e-17
2.5189747983499448e-17
2.528449326282563e-17
2.5521356461141082e-17
2.575821965945656e-17
2.5900337578445832e-17
2.5995082857772014e-17
2.613720077676131e-17
2.6326691335413673e-17
2.6563554533729126e-17
2.6753045092381514e-17
2.7037280930360057e-17
2.713202620968625e-17
2.751100732699099e-17
2.765312524598026e-17
2.779524316496956e-17
2.788998844429574e-17
2.80794790029481e-17
2.817422428227428e-17
2.826896956160049e-17
2.836371484092667e-17
2.845846012025285e-17
2.855320539957903e-17
2.874269595823141e-17
2.888481387722069e-17
2.9026931796209964e-17
2.9216422354862326e-17
2.931116763418853e-17
2.9405912913514714e-17
2.969014875149326e-17
2.9832266670482554e-17
2.9974384589471826e-17
3.01165025084611e-17
3.021124778778728e-17
3.0305993067113473e-17
3.054285626542894e-17
3.063760154475512e-17
3.07323468240813e-17
3.082709210340748e-17
3.1016582662059845e-17
3.111132794138605e-17
3.120607322071226e-17
3.130081850003844e-17
3.139556377936462e-17
3.153768169835389e-17
3.1632426977680073e-17
3.1774544896669345e-17
3.191666281565862e-17
3.215352601397407e-17
3.229564393296339e-17
3.239038921228957e-17
3.2532507131278845e-17
3.272199768993121e-17
3.281674296925739e-17
3.295886088824666e-17
3.3148351446899024e-17
3.324309672622523e-17
3.3432587284877617e-17
3.35273325642038e-17
3.371682312285616e-17
3.385894104184543e-17
3.4001058960834705e-17
3.419054951948707e-17
3.433266743847639e-17
3.456953063679184e-17
3.4711648555781114e-17
3.4806393835107295e-17
3.499588439375966e-17
3.509062967308584e-17
3.518537495241202e-17
3.542223815072752e-17
3.5611728709379886e-17
3.575384662836916e-17
3.584859190769534e-17
3.608545510601079e-17
3.6180200385336974e-17
3.6274945664663155e-17
3.641706358365245e-17
3.655918150264175e-17
3.665392678196793e-17
3.689078998028338e-17
3.6985535259609564e-17
3.7080280538935745e-17
3.736451637691429e-17
3.764875221489288e-17
3.7838242773545245e-17
3.7932988052871427e-17
3.80751059718607e-17
3.816985125118688e-17
3.831196917017615e-17
3.850145972882854e-17
3.8596205008154745e-17
3.878569556680711e-17
3.892781348579638e-17
3.906993140478565e-17
3.916467668411183e-17
3.9354167242764196e-17
3.949628516175347e-17
3.968577572040588e-17
3.978052099973206e-17
3.987526627905824e-17
4.0064756837710605e-17
4.025424739636297e-17
4.039636531535224e-17
4.049111059467842e-17
4.063322851366772e-17
4.0727973792993923e-17
4.0917464351646286e-17
4.101220963097247e-17
4.110695491029865e-17
4.124907282928792e-17
4.139119074827719e-17
4.1533308667266464e-17
4.177017186558197e-17
4.214915298288669e-17
4.2291270901875964e-17
4.252813410019142e-17
4.271762465884378e-17
4.281236993817001e-17
4.3191351055474736e-17
4.33808416141271e-17
4.352295953311637e-17
4.3712450091768733e-17
4.3854568010758055e-17
4.3949313290084236e-17
4.409143120907351e-17
4.418617648839969e-17
4.437566704705205e-17
4.4517784966041324e-17
4.4659902885030596e-17
4.475464816435678e-17
4.4849393443682983e-17
4.499151136267228e-17
4.508625664199846e-17
4.518100192132464e-17
4.5370492479977005e-17
4.551261039896628e-17
4.565472831795555e-17
4.574947359728173e-17
4.584421887660791e-17
4.6033709435260324e-17
4.6175827354249596e-17
4.636531791290196e-17
4.646006319222814e-17
4.655480847155432e-17
4.6744299030206683e-17
4.6839044309532865e-17
4.6933789588859046e-17
4.707590750784837e-17
4.717065278717455e-17
4.731277070616382e-17
4.745488862515309e-17
4.7597006544142365e-17
4.7691751823468546e-17
4.778649710279473e-17
4.797598766144709e-17
4.81654782200995e-17
4.8260223499425683e-17
4.8402341418414955e-17
4.854445933740423e-17
4.863920461673041e-17
4.878132253571968e-17
4.897081309437204e-17
4.9065558373698224e-17
4.9207676292687546e-17
4.9444539491003e-17
4.958665740999227e-17
4.972877532898154e-17
4.9870893247970815e-17
4.9965638527296996e-17
5.010775644628627e-17
5.024987436527559e-17
5.043936492392795e-17
5.0534110203254133e-17
5.0628855482580315e-17
5.0770973401569587e-17
5.091309132055886e-17
5.105520923954813e-17
5.119732715853743e-17
5.1292072437863633e-17
