4.778014908790091e-19
6.218629675005509e-19
9.099859207436098e-19
1.1020678895723322e-18
1.1981088739866934e-18
1.2941498584010546e-18
1.534252319436933e-18
1.7263342882656554e-18
1.9184162570943778e-18
2.014457241508739e-18
2.110498225923088e-18
2.2065392103374367e-18
2.302580194751798e-18
2.4466416713733397e-18
2.542682655787701e-18
2.638723640202062e-18
2.734764624616411e-18
3.0228875778594823e-18
3.166949054481024e-18
3.2629900388953853e-18
3.4070515155169024e-18
3.551112992138444e-18
3.695174468759986e-18
3.839235945381528e-18
4.079338406417406e-18
4.175379390831767e-18
4.2714203752461286e-18
4.36746135966049e-18
4.463502344074851e-18
4.6075638206963804e-18
4.75162529731791e-18
4.847666281732271e-18
5.0397482505609935e-18
5.231830219389691e-18
5.423912188218414e-18
5.615994157047136e-18
5.8560966180830144e-18
5.952137602497376e-18
6.144219571326098e-18
6.28828104794764e-18
6.432342524569169e-18
6.576404001190699e-18
6.768485970019421e-18
7.008588431055324e-18
7.152649907676841e-18
7.248690892091203e-18
7.392752368712744e-18
7.536813845334286e-18
7.680875321955816e-18
7.824936798577345e-18
8.017018767406067e-18
8.113059751820429e-18
8.20910073623479e-18
8.305141720649139e-18
8.497223689477849e-18
8.64128516609939e-18
8.833367134928113e-18
9.02544910375681e-18
9.121490088171172e-18
9.265551564792714e-18
9.409613041414256e-18
9.505654025828617e-18
9.601695010242953e-18
9.745756486864495e-18
9.937838455693217e-18
1.008189993231476e-17
1.0273981901143457e-17
1.0418043377764999e-17
1.051408436217936e-17
1.0610125346593721e-17
1.0706166331008082e-17
1.08502278076296e-17
1.0994289284251141e-17
1.1186371253079864e-17
1.1378453221908574e-17
1.1474494206322923e-17
1.1570535190737284e-17
1.1666576175151645e-17
1.1762617159566006e-17
1.1906678636187548e-17
1.2098760605016246e-17
1.2242822081637788e-17
1.243490405046651e-17
1.2675006511502388e-17
1.277104749591675e-17
1.3011149956952653e-17
1.3107190941367014e-17
1.3251252417988543e-17
1.3347293402402892e-17
1.3491354879024434e-17
1.3683436847853156e-17
1.3875518816681866e-17
1.3971559801096215e-17
1.4115621277717757e-17
1.4211662262132118e-17
1.435572373875366e-17
1.445176472316802e-17
1.459582619978954e-17
1.478790816861826e-17
1.4979990137446983e-17
1.517207210627568e-17
1.5364154075104403e-17
1.5508215551725945e-17
1.5748318012761824e-17
1.6036440966004907e-17
1.618050244262645e-17
1.627654342704081e-17
1.6372584411455147e-17
1.651664588807669e-17
1.666070736469823e-17
1.6804768841319772e-17
1.6900809825734133e-17
1.704487130235565e-17
1.7140912286770012e-17
1.7284973763391553e-17
1.7525076224427456e-17
1.7621117208841793e-17
1.7765178685463335e-17
1.7861219669877696e-17
1.7957260654292057e-17
1.8053301638706418e-17
1.8245383607535116e-17
1.8389445084156658e-17
1.858152705298538e-17
1.8677568037399742e-17
1.882162951402127e-17
1.891767049843562e-17
1.901371148284998e-17
1.9109752467264342e-17
1.9205793451678704e-17
1.9349854928300245e-17
1.9445895912714594e-17
1.9541936897128943e-17
1.9637977881543304e-17
1.9830059850372027e-17
1.9926100834786388e-17
2.002214181920075e-17
2.0118182803615086e-17
2.0262244280236627e-17
2.040630575685817e-17
2.050234674127253e-17
2.0598387725686892e-17
2.083849018672277e-17
2.093453117113713e-17
2.1078592647758673e-17
2.1174633632173034e-17
2.1414736093208912e-17
2.1558797569830454e-17
2.1702859046451996e-17
2.1798900030866357e-17
2.1942961507487874e-17
2.2039002491902236e-17
2.232712544514532e-17
2.247118692176686e-17
2.2615248398388378e-17
2.28073303672171e-17
2.2999412336045823e-17
2.3143473812667352e-17
2.3335555781496063e-17
2.3431596765910424e-17
2.3623678734739146e-17
2.3911801687982205e-17
2.4007842672396566e-17
2.4103883656810927e-17
2.429596562563965e-17
2.4440027102261167e-17
2.463210907108989e-17
2.477617054771143e-17
2.4920232024332973e-17
2.511231399316167e-17
2.5208354977576032e-17
2.5304395961990393e-17
2.5400436946404754e-17
2.5544498423026296e-17
2.5640539407440633e-17
2.5832621376269355e-17
2.6024703345098078e-17
2.616876482171962e-17
2.6264805806133956e-17
2.6360846790548317e-17
2.6456887774962678e-17
2.655292875937704e-17
2.669699023599858e-17
2.688907220482728e-17
2.698511318924164e-17
2.7225215650277543e-17
2.7321256634691904e-17
2.7417297619106266e-17
2.7513338603520602e-17
2.7609379587934963e-17
2.7705420572349325e-17
2.7801461556763686e-17
2.794552303338523e-17
2.8137605002213925e-17
2.828166647883547e-17
2.856978943207855e-17
2.866583041649291e-17
2.876187140090725e-17
2.890593287752879e-17
2.9146035338564693e-17
2.9290096815186235e-17
2.9530199276222113e-17
2.9674260752843655e-17
2.991436321387956e-17
3.0058424690501075e-17
3.02505066593298e-17
3.034654764374416e-17
3.044258862815852e-17
3.053862961257288e-17
3.073071158140158e-17
3.087477305802312e-17
3.097081404243748e-17
3.1066855026851843e-17
3.121091650347336e-17
3.1451018964509263e-17
3.1595080441130805e-17
3.1787162409959515e-17
3.1931223886581045e-17
3.2027264870995406e-17
3.212330585540977e-17
3.226736733203131e-17
3.2459449300860007e-17
3.260351077748155e-17
3.279559274631027e-17
3.293965422293181e-17
3.322777717617487e-17
3.3371838652796413e-17
3.3611941113832316e-17
3.3804023082661014e-17
3.3900064067075375e-17
3.414016652811128e-17
3.4332248496939976e-17
3.442828948135434e-17
3.457235095797588e-17
3.466839194239024e-17
3.47644329268046e-17
3.486047391121896e-17
3.49565148956333e-17
3.514859686446202e-17
3.5292658341083564e-17
3.5388699325497925e-17
3.5484740309912286e-17
3.5676822278740984e-17
3.5868904247569706e-17
3.606098621639843e-17
3.6157027200812765e-17
3.6253068185227126e-17
3.639712966184867e-17
3.654119113847021e-17
3.678129359950609e-17
3.687733458392045e-17
3.702139606054199e-17
3.711743704495635e-17
3.735753950599224e-17
3.7597641967028134e-17
3.7741703443649676e-17
3.788576492027122e-17
3.7981805904685566e-17
3.8077846889099915e-17
3.8221908365721457e-17
3.846201082675736e-17
3.855805181117172e-17
3.870211328779324e-17
3.884617476441478e-17
3.894221574882914e-17
3.90382567332435e-17
3.937440017869374e-17
3.9566482147522464e-17
3.9662523131936826e-17
3.9758564116351187e-17
3.9854605100765536e-17
3.9950646085179885e-17
4.0094707561801426e-17
4.019074854621579e-17
4.033481002283733e-17
4.043085100725169e-17
4.067095346828757e-17
4.081501494490911e-17
4.095907642153065e-17
4.110313789815217e-17
4.119917888256653e-17
4.129521986698089e-17
4.1391260851395253e-17
4.1487301835809614e-17
4.1631363312431156e-17
4.172740429684549e-17
4.1919486265674215e-17
4.211156823450294e-17
4.230365020333165e-17
4.2399691187745996e-17
4.249573217216036e-17
4.26397936487819e-17
4.278385512540344e-17
4.28798961098178e-17
4.297593709423214e-17
4.321603955526804e-17
4.3408121524096764e-17
4.3504162508511126e-17
4.3696244477339823e-17
4.3840305953961365e-17
4.403238792279009e-17
4.4224469891618785e-17
4.436853136824033e-17
4.446457235265469e-17
4.456061333706905e-17
4.465665432148341e-17
4.480071579810494e-17
4.499279776693365e-17
4.508883875134801e-17
4.518487973576237e-17
4.5328941212383914e-17
4.5424982196798263e-17
4.552102318121261e-17
4.5665084657834154e-17
4.5761125642248515e-17
4.600122810328442e-17
4.6097269087698755e-17
4.628935105652748e-17
4.638539204094184e-17
4.64814330253562e-17
4.662549450197773e-17
4.676955597859926e-17
4.686559696301362e-17
4.710569942404952e-17
4.73458018850854e-17
4.748986336170694e-17
4.7585904346121304e-17
4.7729965822742846e-17
4.7874027299364375e-17
4.8018088775985905e-17
4.816215025260746e-17
4.8306211729228964e-17
4.8402252713643325e-17
4.8498293698057686e-17
4.859433468247205e-17
4.873839615909359e-17
4.883443714350795e-17
4.9074539604543853e-17
4.9170580588958215e-17
4.941068304999409e-17
4.950672403440843e-17
4.969880600323715e-17
4.9842867479858694e-17
4.9986928956480235e-17
5.0082969940894597e-17
5.017901092530896e-17
5.03230724019305e-17
5.041911338634486e-17
5.065921584738074e-17
5.0755256831795076e-17
5.085129781620944e-17
5.09473388006238e-17
5.104337978503816e-17
5.113942076945252e-17
5.133150273828124e-17
