4.51850881648179e-19
5.625683777164073e-19
6.732858737846356e-19
8.947208659210676e-19
1.0607971100233977e-18
1.1715146060916014e-18
1.392949598228058e-18
1.5036670942962617e-18
1.6143845903645147e-18
1.7251020864327183e-18
1.946537078569175e-18
2.1679720707055823e-18
2.389407062842039e-18
2.5001245589102426e-18
2.6662008030125973e-18
2.832277047114903e-18
3.0537120392513595e-18
3.164429535319563e-18
3.330505779421918e-18
3.662658267626578e-18
3.773375763694782e-18
3.9948107558312385e-18
4.271604496001772e-18
4.4376807401041024e-18
4.6037569842064326e-18
4.769833228308763e-18
4.935909472411093e-18
5.046626968479321e-18
5.212703212581627e-18
5.3787794566839815e-18
5.489496952752185e-18
5.710931944888642e-18
5.877008188990947e-18
6.153801929161506e-18
6.264519425229734e-18
6.430595669332064e-18
6.596671913434394e-18
6.873465653604928e-18
6.984183149673181e-18
7.150259393775487e-18
7.260976889843715e-18
7.482411881980147e-18
7.648488126082502e-18
7.814564370184807e-18
8.035999362321264e-18
8.20207560642357e-18
8.423510598560026e-18
8.53422809462823e-18
8.644945590696483e-18
8.921739330867016e-18
9.253891819071677e-18
9.419968063174007e-18
9.641403055310463e-18
9.86283804744687e-18
9.973555543515099e-18
1.0084273039583327e-17
1.0250349283685633e-17
1.047178427582209e-17
1.0582501771890293e-17
1.0693219267958546e-17
1.0914654260094953e-17
1.1025371756163206e-17
1.1578959236504274e-17
1.1745035480606629e-17
1.1855752976674832e-17
1.2021829220777187e-17
1.2353981708981848e-17
1.2520057953084153e-17
1.2630775449152381e-17
1.2852210441288813e-17
1.2962927937357042e-17
1.3129004181459372e-17
1.3239721677527575e-17
1.3350439173595828e-17
1.3516515417698134e-17
1.3627232913766362e-17
1.3793309157868692e-17
1.3959385401971022e-17
1.407010289803925e-17
1.4291537890175683e-17
1.4623690378380343e-17
1.4845125370516775e-17
1.501120161461913e-17
1.5121919110687333e-17
1.5232636606755537e-17
1.5454071598891994e-17
1.5564789094960197e-17
1.5675506591028426e-17
1.5896941583164858e-17
1.6173735323335416e-17
1.6339811567437746e-17
1.6561246559574178e-17
1.6727322803676533e-17
1.6838040299744737e-17
1.7004116543847067e-17
1.7170192787949397e-17
1.7336269032051727e-17
1.7446986528119955e-17
1.761306277222226e-17
1.7779139016324616e-17
1.794521526042692e-17
1.8111291504529276e-17
1.8332726496665708e-17
1.8498802740768038e-17
1.8664878984870368e-17
1.8775596480938597e-17
1.899703147307503e-17
1.916310771717736e-17
1.9439901457347917e-17
1.9605977701450223e-17
1.999348893768901e-17
2.0104206433757238e-17
2.021492392982544e-17
2.0381000173927796e-17
2.0547076418030102e-17
2.0713152662132457e-17
2.082387015820066e-17
2.0934587654268864e-17
2.115602264640532e-17
2.1377457638541752e-17
2.148817513460998e-17
2.1654251378712286e-17
2.1875686370848743e-17
2.1986403866916947e-17
2.21524801110193e-17
2.2373915103155733e-17
2.2595350095292165e-17
2.276142633939452e-17
2.2927502583496826e-17
2.309357882759918e-17
2.3481090063837943e-17
2.3591807559906146e-17
2.37578838040085e-17
2.3979318796144908e-17
2.409003629221316e-17
2.4200753788281365e-17
2.4477547528451923e-17
2.4698982520588355e-17
2.4809700016656584e-17
2.497577626075889e-17
2.5086493756827142e-17
2.5418646245031802e-17
2.5529363741100006e-17
2.564008123716821e-17
2.5806157481270565e-17
2.5916874977338768e-17
2.6027592473406996e-17
2.6193668717509327e-17
2.6359744961611657e-17
2.6802614945884545e-17
2.691333244195275e-17
2.707940868605508e-17
2.724548493015741e-17
2.7356202426225613e-17
2.77437136624644e-17
2.8020507402634934e-17
2.8131224898703187e-17
2.824194239477139e-17
2.8352659890839594e-17
2.857409488297605e-17
2.885088862314661e-17
2.9016964867248914e-17
2.923839985938537e-17
2.9349117355453575e-17
2.945983485152183e-17
2.9625911095624133e-17
2.979198733972649e-17
2.990270483579469e-17
3.0013422331862895e-17
3.0290216072033454e-17
3.045629231613581e-17
3.0677727308272216e-17
3.089916230040867e-17
3.1009879796476876e-17
3.112059729254513e-17
3.1342032284681536e-17
3.145274978074979e-17
3.1674184772886197e-17
3.178490226895445e-17
3.1895619765022653e-17
3.217241350519321e-17
3.239384849732962e-17
3.2559924741431974e-17
3.267064223750018e-17
3.2781359733568406e-17
3.2892077229636634e-17
3.305815347373894e-17
3.316887096980719e-17
3.3279588465875396e-17
3.3445664709977726e-17
3.3611740954080057e-17
3.372245845014826e-17
3.3888534694250615e-17
3.405461093835292e-17
3.4165328434421174e-17
3.427604593048938e-17
3.444212217459171e-17
3.4552839670659936e-17
3.4829633410830494e-17
3.49957096549328e-17
3.5217144647069256e-17
3.5493938387239815e-17
3.566001463134212e-17
3.5826090875444475e-17
3.604752586758088e-17
3.626896085971734e-17
3.6490395851853796e-17
3.6822548340058456e-17
3.698862458416076e-17
3.7154700828263116e-17
3.726541832433132e-17
3.754221206450188e-17
3.7708288308604184e-17
3.787436455270654e-17
3.8040440796808844e-17
3.82065170409112e-17
3.848331078108173e-17
3.859402827714996e-17
3.8760104521252266e-17
3.887082201732052e-17
3.898153951338872e-17
3.9092257009456927e-17
3.920297450552518e-17
3.9313692001593383e-17
3.953512699372984e-17
3.9645844489798044e-17
3.9811920733900374e-17
3.9977996978002704e-17
4.019943197013916e-17
4.0310149466207364e-17
4.0476225710309694e-17
4.0697660702446126e-17
4.0974454442616685e-17
4.108517193868489e-17
4.1251248182787243e-17
4.1361965678855447e-17
4.1583400670991904e-17
4.174947691509421e-17
4.1915553159196564e-17
4.202627065526477e-17
4.219234689936712e-17
4.235842314346943e-17
4.2635216883639986e-17
4.2801293127742316e-17
4.2967369371844647e-17
4.3188804363981103e-17
4.3299521860049307e-17
4.341023935611751e-17
4.3520956852185763e-17
4.368703309628807e-17
4.379775059235627e-17
4.396382683645863e-17
4.407454433252683e-17
4.429597932466329e-17
4.4462055568765593e-17
4.4572773064833846e-17
4.473884930893615e-17
4.484956680500438e-17
4.496028430107261e-17
4.5126360545174914e-17
4.5237078041243167e-17
4.534779553731137e-17
4.556923052944783e-17
4.567994802551603e-17
4.584602426961836e-17
4.601210051372069e-17
4.6122818009788895e-17
4.628889425389125e-17
4.639961174995945e-17
4.667640549013001e-17
4.684248173423234e-17
4.695319923030057e-17
4.7174634222437e-17
4.750678671064166e-17
4.783893919884632e-17
4.794965669491455e-17
4.817109168705098e-17
4.833716793115331e-17
4.8503244175255643e-17
4.8724679167392075e-17
4.9056831655596735e-17
4.927826664773319e-17
4.94443428918355e-17
4.961041913593785e-17
4.9721136632006056e-17
4.983185412807426e-17
5.0053289120210716e-17
5.016400661627892e-17
5.027472411234717e-17
5.0385441608415376e-17
5.049615910448358e-17
5.0606876600551833e-17
5.088367034072237e-17
5.10497465848247e-17
5.121582282892703e-17
