5.785485650412479e-19
7.325206932741402e-19
1.0404649497399e-18
1.2970851634613706e-18
1.3997332489499613e-18
1.502381334438552e-18
1.656353462671432e-18
1.810325590904312e-18
2.0669458046257825e-18
2.2209179328586624e-18
2.323566018347253e-18
2.4262141038358315e-18
2.5801862320687237e-18
2.682834317557302e-18
2.785482403045905e-18
2.8881304885344836e-18
3.1960747450002434e-18
3.3500468732331356e-18
3.5040190014660155e-18
3.709315172443185e-18
3.811963257931788e-18
3.9146113434203784e-18
4.1199075143975475e-18
4.273879642630415e-18
4.3765277281189935e-18
4.479175813607621e-18
4.633147941840489e-18
4.8384441128176455e-18
5.197712412027719e-18
5.351684540260587e-18
5.556980711237793e-18
5.659628796726371e-18
5.76227688221495e-18
5.916249010447817e-18
6.070221138680734e-18
6.32684135240218e-18
6.480813480635048e-18
6.583461566123675e-18
6.788757737100832e-18
6.9427298653337e-18
7.096701993566617e-18
7.199350079055195e-18
7.404646250032352e-18
7.609942421009533e-18
7.815238591986715e-18
7.917886677475293e-18
8.07185880570816e-18
8.328479019429656e-18
8.482451147662523e-18
8.790395404128308e-18
8.995691575105465e-18
9.149663703338357e-18
9.303635831571249e-18
9.457607959804117e-18
9.560256045292695e-18
9.714228173525587e-18
9.86820030175848e-18
9.970848387247058e-18
1.0176144558224215e-17
1.0586736900178578e-17
1.074070902841147e-17
1.0843357113900073e-17
1.0946005199388651e-17
1.1202625413110097e-17
1.1407921584087303e-17
1.166454179780875e-17
1.1767189883297352e-17
1.1921162011530245e-17
1.2075134139763112e-17
1.2280430310740269e-17
1.2434402438973186e-17
1.2588374567206054e-17
1.2691022652694632e-17
1.279367073818321e-17
1.2947642866416127e-17
1.3255587122881862e-17
1.3460883293859068e-17
1.3614855422091936e-17
1.3820151593069093e-17
1.392279967855772e-17
1.4076771806790588e-17
1.4436040106000637e-17
1.459001223423353e-17
1.4692660319722108e-17
1.4795308405210686e-17
1.4949280533443578e-17
1.505192861893218e-17
1.515457670442076e-17
1.5308548832653627e-17
1.546252096088652e-17
1.5616493089119412e-17
1.577046521735228e-17
1.5924437345585147e-17
1.6078409473818064e-17
1.628370564479522e-17
1.6437677773028088e-17
1.6591649901261005e-17
1.6694297986749584e-17
1.6796946072238162e-17
1.695091820047103e-17
1.7053566285959633e-17
1.7310186499681103e-17
1.746415862791397e-17
1.7566806713402574e-17
1.7720778841635466e-17
1.7926075012612623e-17
1.813137118358983e-17
1.8234019269078407e-17
1.8490639482799853e-17
1.869593565377706e-17
1.8901231824754216e-17
1.9055203952987084e-17
1.9157852038475687e-17
1.926050012396429e-17
1.9465796294941447e-17
1.9568444380430025e-17
1.9671092465918628e-17
1.977374055140723e-17
1.987638863689581e-17
1.9979036722384388e-17
2.0286980978850172e-17
2.038962906433875e-17
2.0543601192571618e-17
2.0697573320804486e-17
2.0851545449037403e-17
2.105684162001456e-17
2.1210813748247427e-17
2.1313461833736055e-17
2.1518758004713212e-17
2.162140609020179e-17
2.1826702261178996e-17
2.2031998432156153e-17
2.2288618645877623e-17
2.2442590774110516e-17
2.2545238859599094e-17
2.2647886945087672e-17
2.275053503057625e-17
2.3007155244297746e-17
2.3161127372530614e-17
2.3263775458019192e-17
2.3469071628996398e-17
2.3623043757229266e-17
2.3725691842717844e-17
2.398231205643934e-17
2.4084960141927918e-17
2.4238932270160785e-17
2.4392904398393678e-17
2.449555248388228e-17
2.459820056937086e-17
2.4752172697603727e-17
2.4854820783092305e-17
2.51114409968138e-17
2.5265413125046668e-17
2.5368061210535246e-17
2.5573357381512452e-17
2.572732950974532e-17
2.5881301637978188e-17
2.6035273766211104e-17
2.6189245894443972e-17
2.639454206542113e-17
2.6548514193654046e-17
2.6702486321886913e-17
2.6805134407375492e-17
2.690778249286407e-17
2.7061754621096987e-17
2.7318374834818433e-17
2.752367100579559e-17
2.7626319091284217e-17
2.7728967176772796e-17
2.7831615262261374e-17
2.798558739049424e-17
2.8088235475982845e-17
2.819088356147145e-17
2.8293531646960026e-17
2.855015186068147e-17
2.86527999461701e-17
2.880677207440297e-17
2.8909420159891546e-17
2.9012068245380124e-17
2.911471633086873e-17
2.926868845910162e-17
2.942266058733449e-17
2.9627956758311644e-17
2.983325292928885e-17
2.993590101477743e-17
3.0038549100266007e-17
3.02951693139875e-17
3.039781739947608e-17
3.055178952770895e-17
3.085973378417473e-17
3.10137059124076e-17
3.111635399789618e-17
3.121900208338478e-17
3.1372974211617674e-17
3.147562229710625e-17
3.157827038259483e-17
3.178356655357201e-17
3.1937538681804904e-17
3.209151081003777e-17
3.219415889552635e-17
3.2296806981014953e-17
3.2450779109247845e-17
3.2553427194736424e-17
3.270739932296929e-17
3.2964019536690787e-17
3.3066667622179365e-17
3.3169315707667943e-17
3.342593592138944e-17
3.352858400687802e-17
3.3631232092366596e-17
3.383652826334375e-17
3.404182443432096e-17
3.4298444648042404e-17
3.450374081901961e-17
3.4811685075485346e-17
3.501698124646255e-17
3.511962933195113e-17
3.5273601460184e-17
3.542757358841689e-17
3.563286975939407e-17
3.578684188762694e-17
3.599213805860412e-17
3.614611018683701e-17
3.645405444330275e-17
3.6556702528791375e-17
3.6659350614279954e-17
3.686464678525711e-17
3.7069942956234317e-17
3.7275239127211474e-17
3.737788721270005e-17
3.7531859340932944e-17
3.7788479554654415e-17
3.8045099768375885e-17
3.814774785386449e-17
3.8301719982097356e-17
3.8404368067585934e-17
3.8609664238563116e-17
3.871231232405172e-17
3.88149604095403e-17
3.9020256580517454e-17
3.912290466600606e-17
3.922555275149466e-17
3.937952487972753e-17
3.9584821050704685e-17
3.97387931789376e-17
3.984144126442618e-17
4.025203360638054e-17
4.04573297773577e-17
4.061130190559057e-17
4.091924616205635e-17
4.102189424754493e-17
4.112454233303351e-17
4.1278514461266425e-17
4.143248658949929e-17
4.153513467498787e-17
4.163778276047645e-17
4.174043084596505e-17
4.1843078931453656e-17
4.1945727016942234e-17
4.215102318791939e-17
4.230499531615231e-17
4.2407643401640886e-17
4.2561615529873754e-17
4.271558765810662e-17
4.2818235743595224e-17
4.2972207871828116e-17
4.3126180000060984e-17
4.322882808554956e-17
4.343412425652677e-17
4.3588096384759636e-17
4.3742068512992504e-17
4.389604064122542e-17
4.410133681220258e-17
4.4255308940435445e-17
4.440928106866836e-17
4.47172253251341e-17
4.492252149611128e-17
4.512781766708846e-17
4.528178979532133e-17
4.543576192355422e-17
4.574370618001998e-17
4.584635426550856e-17
4.594900235099716e-17
4.6102974479230053e-17
4.625694660746292e-17
4.641091873569579e-17
4.6513566821184416e-17
4.6616214906672994e-17
4.682151107765015e-17
4.697548320588302e-17
4.7180779376860225e-17
4.738607554783738e-17
4.7540047676070274e-17
4.7694019804303166e-17
4.7796667889791745e-17
4.789931597528032e-17
4.8053288103513215e-17
4.820726023174611e-17
4.8412556402723264e-17
4.8566528530956156e-17
4.866917661644476e-17
4.8925796830166205e-17
4.9028444915654784e-17
4.91824170438877e-17
4.933638917212057e-17
4.9439037257609147e-17
4.9541685343097725e-17
4.974698151407493e-17
4.99009536423078e-17
5.0106249813284956e-17
5.026022194151787e-17
5.036287002700645e-17
5.051684215523932e-17
5.067081428347221e-17
5.08247864117051e-17
5.092743449719368e-17
5.103008258268226e-17
5.118405471091513e-17
5.1286702796403755e-17
