5.397951639282714e-19
6.820081006776942e-19
9.190296619267568e-19
1.1086469109260118e-18
1.2982641599252668e-18
1.4404770966746896e-18
1.582690033424137e-18
1.7249029701735598e-18
1.8671159069230072e-18
2.0093288436724423e-18
2.1515417804218774e-18
2.2463504049214926e-18
2.38856334167094e-18
2.6255849029200026e-18
2.8152021519192453e-18
2.9574150886686804e-18
3.099628025418128e-18
3.2418409621675506e-18
3.384053898916998e-18
3.526266835666421e-18
3.715884084665676e-18
3.858097021415111e-18
4.000309958164546e-18
4.1425228949139934e-18
4.426948768412864e-18
4.5691617051622864e-18
4.663970329661926e-18
4.806183266411349e-18
4.9483962031607964e-18
5.043204827660412e-18
5.138013452160039e-18
5.280226388909474e-18
5.422439325658909e-18
5.5646522624083444e-18
5.801673823657407e-18
6.03869538490647e-18
6.180908321655905e-18
6.3705255706551474e-18
6.5601428196544024e-18
6.797164380903465e-18
6.939377317652888e-18
7.128994566652143e-18
7.27120750340159e-18
7.366016127901205e-18
7.55563337690046e-18
7.697846313649883e-18
7.792654938149523e-18
7.982272187148753e-18
8.077080811648393e-18
8.219293748397816e-18
8.503719621896686e-18
8.645932558646134e-18
8.740741183145749e-18
8.882954119895196e-18
9.025167056644619e-18
9.167379993394066e-18
9.262188617893682e-18
9.451805866892937e-18
9.546614491392552e-18
9.831040364891434e-18
9.925848989391062e-18
1.0068061926140485e-17
1.0210274862889932e-17
1.0352487799639367e-17
1.0447296424138995e-17
1.0589509360888417e-17
1.0731722297637865e-17
1.082653092213748e-17
1.092133954663712e-17
1.1063552483386543e-17
1.120576542013599e-17
1.1347978356885413e-17
1.1442786981385053e-17
1.1679808542634103e-17
1.177461716713373e-17
1.20590430406326e-17
1.2153851665132216e-17
1.2248660289631856e-17
1.2580490475380533e-17
1.2675299099880149e-17
1.2770107724379788e-17
1.2864916348879404e-17
1.2959724973379031e-17
1.3244150846877901e-17
1.3338959471377529e-17
1.3433768095877144e-17
1.3575981032626591e-17
1.3765598281625834e-17
1.3860406906125462e-17
1.3955215530625077e-17
1.4050024155124717e-17
1.4144832779624332e-17
1.4239641404123947e-17
1.4334450028623587e-17
1.447666296537301e-17
1.457147158987265e-17
1.4666280214372265e-17
1.476108883887188e-17
1.485589746337152e-17
1.4998110400120942e-17
1.5187727649120197e-17
1.5282536273619813e-17
1.5377344898119452e-17
1.5472153522619068e-17
1.5661770771618323e-17
1.5756579396117938e-17
1.5898792332867385e-17
1.5993600957367e-17
1.6183218206366255e-17
1.6325431143115678e-17
1.6515048392114933e-17
1.665726132886438e-17
1.6752069953363996e-17
1.694168720236325e-17
1.7036495826862866e-17
1.7178708763612313e-17
1.727351738811193e-17
1.7415730324861364e-17
1.75579432616108e-17
1.7747560510610054e-17
1.784236913510967e-17
1.8031986384108924e-17
1.817419932085836e-17
1.8269007945357987e-17
1.845862519435723e-17
1.8695646755606292e-17
1.879045538010592e-17
1.8932668316855342e-17
1.907488125360479e-17
1.9169689878104405e-17
1.9311902814853852e-17
1.9454115751603275e-17
1.964373300060253e-17
1.9785945937351977e-17
1.99281588741014e-17
2.0022967498601028e-17
2.0165180435350463e-17
2.030739337209991e-17
2.0449606308849333e-17
2.054441493334896e-17
2.0686627870098396e-17
2.0828840806847843e-17
2.0923649431347458e-17
2.1018458055847073e-17
2.1113266680346713e-17
2.1208075304846328e-17
2.1302883929345944e-17
2.1397692553845583e-17
2.14925011783452e-17
2.1587309802844826e-17
2.1824331364093876e-17
2.201394861309313e-17
2.210875723759276e-17
2.2250970174342194e-17
2.239318311109163e-17
2.2582800360090872e-17
2.2677608984590512e-17
2.2819821921339934e-17
2.2962034858089382e-17
2.3056843482588997e-17
2.3388673668337675e-17
2.3483482292837315e-17
2.3625695229586737e-17
2.3720503854086377e-17
2.38627167908358e-17
2.3957525415335428e-17
2.414714266433467e-17
2.424195128883431e-17
2.4384164225583733e-17
2.4573781474582988e-17
2.4715994411332423e-17
2.4858207348081858e-17
2.509522890933092e-17
2.5237441846080356e-17
2.537965478282979e-17
2.5521867719579226e-17
2.566408065632866e-17
2.5853697905327916e-17
2.594850652982753e-17
2.609071946657698e-17
2.6185528091076594e-17
2.637514534007585e-17
2.6517358276825272e-17
2.661216690132491e-17
2.6706975525824527e-17
2.6801784150324154e-17
2.7038805711573204e-17
2.7133614336072844e-17
2.7323231585072087e-17
2.7465444521821522e-17
2.7607657458570957e-17
2.7702466083070585e-17
2.77972747075702e-17
2.7986891956569455e-17
2.808170058106907e-17
2.817650920556871e-17
2.8271317830068325e-17
2.836612645456795e-17
2.850833939131739e-17
2.865055232806682e-17
2.874536095256645e-17
2.8840169577066065e-17
2.898238251381551e-17
2.907719113831513e-17
2.931421269956419e-17
2.945642563631364e-17
2.964604288531287e-17
2.9835660134312123e-17
2.997787307106157e-17
3.0072681695561186e-17
3.01674903200608e-17
3.0357107569060056e-17
3.0451916193559684e-17
3.0688937754808734e-17
3.087855500380799e-17
3.111557656505705e-17
3.1210385189556667e-17
3.1305193814056307e-17
3.144740675080573e-17
3.154221537530537e-17
3.168442831205479e-17
3.182664124880424e-17
3.20636628100533e-17
3.215847143455292e-17
3.225328005905253e-17
3.234808868355217e-17
3.2490301620301595e-17
3.263251455705104e-17
3.2774727493800465e-17
3.296434474279972e-17
3.310655767954917e-17
3.32961749285484e-17
3.3438387865297845e-17
3.36280051142971e-17
3.381762236329633e-17
3.395983530004578e-17
3.4054643924545393e-17
3.419685686129484e-17
3.4339069798044264e-17
3.4576091359293326e-17
3.4718304296042774e-17
3.481311292054239e-17
3.4907921545042016e-17
3.5002730169541644e-17
3.509753879404126e-17
3.5239751730790706e-17
3.533456035529032e-17
3.542936897978995e-17
3.5571581916539384e-17
3.571379485328883e-17
3.590341210228806e-17
3.59982207267877e-17
3.609302935128732e-17
3.6235242288036764e-17
3.6472263849285815e-17
3.661447678603525e-17
3.670928541053488e-17
3.685149834728431e-17
3.694630697178393e-17
3.727813715753263e-17
3.751515871878167e-17
3.770477596778095e-17
3.784698890453037e-17
3.7989201841279793e-17
3.808401046577941e-17
3.827362771477869e-17
3.8368436339278303e-17
3.8510649276027726e-17
3.860545790052734e-17
3.884247946177643e-17
3.9079501023025466e-17
3.9221713959774914e-17
3.936392689652436e-17
3.9506139833273784e-17
3.96009484577734e-17
3.9743161394522847e-17
3.9837970019022487e-17
3.998018295577191e-17
4.012239589252133e-17
4.026460882927078e-17
4.0406821766020227e-17
4.059643901501946e-17
4.0833460576268545e-17
4.1023077825267775e-17
4.1212695074267005e-17
4.1307503698766645e-17
4.1402312323266285e-17
4.154452526001571e-17
4.163933388451532e-17
4.1781546821264746e-17
4.187635544576441e-17
4.1971164070264025e-17
4.206597269476364e-17
4.2160781319263256e-17
4.225558994376287e-17
4.239780288051234e-17
4.2540015817261766e-17
4.263482444176138e-17
4.2729633066260996e-17
4.2919250315260276e-17
4.3156271876509314e-17
4.325108050100893e-17
4.3488102062258016e-17
4.3677719311257246e-17
4.381993224800667e-17
4.400954949700595e-17
4.4246571058254987e-17
4.43413796827546e-17
4.443618830725424e-17
4.4673209868503304e-17
4.476801849300292e-17
4.4862827117502535e-17
4.4957635742002175e-17
4.5052444366501815e-17
4.514725299100143e-17
4.528946592775085e-17
4.538427455225047e-17
4.547908317675011e-17
4.571610473799917e-17
4.5810913362498785e-17
4.59057219869984e-17
4.600053061149804e-17
4.6190147860497295e-17
4.633236079724672e-17
4.647457373399614e-17
4.666419098299542e-17
4.690121254424446e-17
4.7043425480993906e-17
4.7185638417743353e-17
4.742265997899239e-17
4.7517468603492006e-17
4.765968154024148e-17
4.7754490164741094e-17
4.784929878924071e-17
4.799151172599013e-17
4.8133724662739604e-17
4.8275937599489027e-17
4.837074622398864e-17
4.8465554848488257e-17
4.8702576409737344e-17
4.8844789346486767e-17
4.9081810907735805e-17
4.922402384448528e-17
4.93662367812347e-17
4.950844971798412e-17
4.960325834248374e-17
4.974547127923321e-17
4.993508852823244e-17
5.0029897152732055e-17
5.0219514401731335e-17
5.031432302623095e-17
5.0409131650730565e-17
5.074096183647927e-17
5.083577046097888e-17
5.112019633447773e-17
5.121500495897737e-17
5.130981358347701e-17
