3.828417053358881e-19
4.938375035425361e-19
6.048333017491841e-19
7.713269990591437e-19
9.93318595472415e-19
1.2708080909890227e-18
1.3818038891956707e-18
1.5482975865056304e-18
1.71479128381559e-18
1.9367828802288613e-18
2.0477786784355093e-18
2.1587744766421573e-18
2.2697702748487806e-18
2.436263972158765e-18
2.6027576694687246e-18
2.7137534676753726e-18
2.935745064088644e-18
3.046740862295292e-18
3.1577366605019152e-18
3.3797282569152112e-18
3.546221954225171e-18
3.7127156515351305e-18
3.8237114497417785e-18
3.9347072479484265e-18
4.2121967434650095e-18
4.378690440774969e-18
4.600682037188265e-18
4.7116778353948885e-18
4.989167330911521e-18
5.211158927324792e-18
5.377652624634752e-18
5.655142120151359e-18
5.821635817461319e-18
5.932631615667942e-18
6.154623212081238e-18
6.321116909391198e-18
6.598606404907806e-18
6.820598001321077e-18
6.987091698631037e-18
7.098087496837685e-18
7.32007909325098e-18
7.431074891457629e-18
7.542070689664252e-18
7.708564386974212e-18
7.81956018518086e-18
8.041551781594131e-18
8.152547579800779e-18
8.319041277110739e-18
8.430037075317386e-18
8.707526570833994e-18
8.818522369040642e-18
8.929518167247265e-18
9.040513965453913e-18
9.262505561867185e-18
9.428999259177144e-18
9.539995057383792e-18
9.872982452003736e-18
1.0039476149313696e-17
1.0261467745726967e-17
1.0483459342140239e-17
1.0594455140346887e-17
1.0705450938553535e-17
1.0927442534966806e-17
1.109393623227679e-17
1.1204932030483414e-17
1.1315927828690062e-17
1.1482421526000021e-17
1.159341732420667e-17
1.1759911021516629e-17
1.2092898416136548e-17
1.2314890012549844e-17
1.2647877407169764e-17
1.2925366902686346e-17
1.3091860599996306e-17
1.3369350095512914e-17
1.3480345893719562e-17
1.3646839591029521e-17
1.3868831187442817e-17
1.4035324884752777e-17
1.4257316481166048e-17
1.4368312279372696e-17
1.4534805976682656e-17
1.464580177488928e-17
1.4756797573095952e-17
1.4923291270405912e-17
1.5145282866819183e-17
1.525627866502583e-17
1.5478270261439102e-17
1.5700261857852374e-17
1.5866755555162333e-17
1.5977751353369006e-17
1.608874715157563e-17
1.642173454619555e-17
1.6588228243505508e-17
1.6699224041712156e-17
1.6810219839918804e-17
1.6921215638125428e-17
1.7032211436332076e-17
1.725420303274537e-17
1.736519883095202e-17
1.7476194629158643e-17
1.758719042736529e-17
1.7864679922881898e-17
1.808667151929517e-17
1.830866311570844e-17
1.8419658913915114e-17
1.8586152611225073e-17
1.8863642106741656e-17
1.9085633703154952e-17
1.9363123198671535e-17
1.9640612694188168e-17
1.991810218970475e-17
2.008459588701471e-17
2.0195591685221358e-17
2.0306587483428006e-17
2.0473081180737966e-17
2.075057067625455e-17
2.0861566474461222e-17
2.0972562272667845e-17
2.1139055969977805e-17
2.1305549667287764e-17
2.1416545465494412e-17
2.1583039162804372e-17
2.169403496101102e-17
2.186052865832098e-17
2.2082520254734275e-17
2.2304511851147547e-17
2.2526503447560818e-17
2.2637499245767466e-17
2.2859490842180737e-17
2.3081482438594033e-17
2.3192478236800657e-17
2.3414469833213953e-17
2.363646142962725e-17
2.3747457227833872e-17
2.3913950925143832e-17
2.402494672335048e-17
2.4135942521557128e-17
2.424693831976375e-17
2.441343201707371e-17
2.4635423613487007e-17
2.4746419411693655e-17
2.4912913109003614e-17
2.5023908907210262e-17
2.5134904705416886e-17
2.5356896301830182e-17
2.5578887898243453e-17
2.56898836964501e-17
2.5800879494656724e-17
2.596737319196671e-17
2.618936478837998e-17
2.635585848568994e-17
2.6466854283896587e-17
2.6744343779413195e-17
2.6966335375826466e-17
2.7077331174033114e-17
2.7354820669549722e-17
2.746581646775637e-17
2.7576812265962993e-17
2.768780806416964e-17
2.78543017614796e-17
2.802079545878956e-17
2.813179125699621e-17
2.8353782853409505e-17
2.846477865161613e-17
2.879776604623605e-17
2.896425974354601e-17
2.9130753440855967e-17
2.9297247138165926e-17
2.957473663368256e-17
2.974123033099252e-17
2.996322192740579e-17
3.012971562471575e-17
3.035170722112902e-17
3.051820091843898e-17
3.068469461574894e-17
3.0906686212162236e-17
3.1017682010368884e-17
3.1184175707678843e-17
3.1406167304092115e-17
3.151716310229876e-17
3.168365679960872e-17
3.2016644194228666e-17
3.212763999243529e-17
3.229413368974525e-17
3.2516125286158545e-17
3.262712108436517e-17
3.2738116882571817e-17
3.2904610579881776e-17
3.3015606378088424e-17
3.323759797450172e-17
3.3348593772708344e-17
3.3515087470018303e-17
3.362608326822495e-17
3.379257696553491e-17
3.395907066284487e-17
3.407006646105152e-17
3.423656015836148e-17
3.440305385567144e-17
3.4514049653878086e-17
3.473604125029136e-17
3.4902534947601317e-17
3.5069028644911276e-17
3.5180024443117924e-17
3.529102024132457e-17
3.5402016039531196e-17
3.5513011837737844e-17
3.562400763594449e-17
3.579050133325445e-17
3.595699503056441e-17
3.628998242518433e-17
3.645647612249429e-17
3.662296981980425e-17
3.67339656180109e-17
3.6844961416217546e-17
3.7011455113527505e-17
3.72334467099408e-17
3.7344442508147425e-17
3.745543830635407e-17
3.762193200366403e-17
3.773292780187068e-17
3.789942149918064e-17
3.817691099469725e-17
3.834340469200721e-17
3.8454400490213855e-17
3.8620894187523815e-17
3.8787387884833775e-17
3.88983836830404e-17
3.906487738035036e-17
3.9397864774970277e-17
3.950886057317695e-17
3.967535427048691e-17
3.978635006869353e-17
3.995284376600349e-17
4.011933746331345e-17
4.02303332615201e-17
4.034132905972675e-17
4.045232485793337e-17
4.061881855524333e-17
4.0729814353450003e-17
4.1007303848966586e-17
4.1118299647173234e-17
4.1284793344483194e-17
4.1451287041793154e-17
4.1617780739103113e-17
4.189527023461972e-17
4.200626603282637e-17
4.2283755528342977e-17
4.2450249225652936e-17
4.2616742922962896e-17
4.272773872116952e-17
4.289423241847948e-17
4.306072611578944e-17
4.3282717712202735e-17
4.339371351040938e-17
4.350470930861603e-17
4.37267009050293e-17
4.383769670323595e-17
4.400419040054591e-17
4.422618199695918e-17
4.4448173593372477e-17
4.467016518978575e-17
4.4781160987992396e-17
4.4892156786199044e-17
4.5058650483509004e-17
4.5280642079922275e-17
4.539163787812892e-17
4.5502633676335546e-17
4.566912737364553e-17
4.58911189700588e-17
4.605761266736876e-17
4.616860846557541e-17
4.639060006198868e-17
4.655709375929864e-17
4.666808955750529e-17
4.683458325481527e-17
4.6945579053021896e-17
4.7112072750331856e-17
4.733406434674515e-17
4.750055804405511e-17
4.7611553842261735e-17
4.783354543867503e-17
4.7944541236881654e-17
4.811103493419164e-17
4.8388524429708246e-17
4.861051602612152e-17
4.8721511824328165e-17
4.883250762253479e-17
4.9054499218948085e-17
4.916549501715471e-17
4.949848241177465e-17
4.96094782099813e-17
4.9720474008187923e-17
4.983146980639457e-17
4.999796350370453e-17
5.010895930191118e-17
5.027545299922114e-17
5.0497444595634435e-17
5.0663938292944394e-17
5.1052423586667625e-17
5.132991308218423e-17
