5.411753178554315e-19
8.08473991201961e-19
1.0223129298792043e-18
1.1292323992178013e-18
1.236151868556423e-18
1.3430713378950446e-18
1.5034505419029647e-18
1.610370011241574e-18
1.7172894805801957e-18
1.931128419257439e-18
2.1449673579346576e-18
2.358806296611901e-18
2.465725765950498e-18
2.6261049699584304e-18
2.786484173966363e-18
3.0003231126435815e-18
3.2676217859901233e-18
3.3745412553287326e-18
3.481460724667354e-18
3.6952996633445976e-18
3.909138602021816e-18
4.176437275368358e-18
4.4437359487149e-18
4.60411515272282e-18
4.711034622061429e-18
5.08525276474658e-18
5.245631968754513e-18
5.3525514380931345e-18
5.566390376770353e-18
5.673309846108975e-18
5.7802293154475964e-18
5.887148784786218e-18
5.994068254124815e-18
6.100987723463437e-18
6.261366927471369e-18
6.3682863968099785e-18
6.528665600817899e-18
6.7425045394951296e-18
6.902883743503062e-18
7.009803212841684e-18
7.11672268218028e-18
7.277101886188213e-18
7.384021355526835e-18
7.651320028873364e-18
7.972078436889205e-18
8.29283684490507e-18
8.720514722259531e-18
8.827434191598128e-18
9.094732864944683e-18
9.308571803621901e-18
9.522410742299144e-18
9.736249680976363e-18
1.0163927558330825e-17
1.0270847027669447e-17
1.0431226231677379e-17
1.0645065170354598e-17
1.080544437436253e-17
1.0912363843701152e-17
1.107274304770906e-17
1.1179662517047681e-17
1.1286581986386303e-17
1.1607340394402143e-17
1.2355776679772446e-17
1.2462696149111067e-17
1.2623075353119e-17
1.2783454557126907e-17
1.294383376113484e-17
1.3050753230473462e-17
1.3157672699812059e-17
1.3318051903819991e-17
1.3478431107827924e-17
1.3638810311835831e-17
1.3906108985182385e-17
1.4013028454521007e-17
1.4173407658528915e-17
1.4333786862536847e-17
1.4494166066544755e-17
1.4708005005222e-17
1.481492447456062e-17
1.4921843943899242e-17
1.502876341323784e-17
1.513568288257646e-17
1.5242602351915082e-17
1.5402981555923015e-17
1.5616820494600233e-17
1.5723739963938855e-17
1.5937578902616074e-17
1.6151417841293317e-17
1.6418716514639846e-17
1.6525635983978468e-17
1.6686015187986376e-17
1.7113693065340862e-17
1.7380991738687392e-17
1.7541370942695324e-17
1.764829041203392e-17
1.7808669616041854e-17
1.7969048820049786e-17
1.8075968289388383e-17
1.8236347493396316e-17
1.845018643207356e-17
1.8557105901412156e-17
1.87709448400894e-17
1.8931324044097307e-17
1.903824351343593e-17
1.919862271744386e-17
1.9305542186782483e-17
1.941246165612108e-17
1.9786679798806256e-17
1.9947059002814163e-17
2.0214357676160693e-17
2.0321277145499315e-17
2.0428196614837936e-17
2.0535116084176558e-17
2.0695495288184466e-17
2.090933422686171e-17
2.1069713430869617e-17
2.128355236954686e-17
2.1390471838885482e-17
2.155085104289339e-17
2.1764689981570633e-17
2.1978528920247876e-17
2.2192367858925095e-17
2.2352747062933027e-17
2.2459666532271624e-17
2.2566586001610246e-17
2.2673505470948867e-17
2.278042494028749e-17
2.2994263878964708e-17
2.310118334830333e-17
2.3261562552311262e-17
2.347540149098848e-17
2.374270016433501e-17
2.3903079368342942e-17
2.4009998837681564e-17
2.4277297511028094e-17
2.4491136449705337e-17
2.4598055919043934e-17
2.4704975388382555e-17
2.4865354592390488e-17
2.497227406172911e-17
2.5186113000406328e-17
2.534649220441426e-17
2.556033114309148e-17
2.5720710347099412e-17
2.5881089551107344e-17
2.6041468755115252e-17
2.6308767428461806e-17
2.6576066101808336e-17
2.6682985571146957e-17
2.6950284244493487e-17
2.705720371383211e-17
2.716412318317073e-17
2.7324502387178638e-17
2.753834132585588e-17
2.77521802645331e-17
2.791255946854103e-17
2.823331787655687e-17
2.8500616549903427e-17
2.8607536019242024e-17
2.892829442725789e-17
2.914213336593511e-17
2.935597230461235e-17
2.951635150862026e-17
2.962327097795888e-17
2.978365018196681e-17
2.994402938597472e-17
3.010440858998265e-17
3.031824752865987e-17
3.0425166997998493e-17
3.0585546202006426e-17
3.0799385140683644e-17
3.0959764344691577e-17
3.10666838140302e-17
3.128052275270742e-17
3.138744222204604e-17
3.160128116072328e-17
3.176166036473119e-17
3.186857983406981e-17
3.213587850741634e-17
3.224279797675496e-17
3.2403177180762895e-17
3.25635563847708e-17
3.2723935588778735e-17
3.2830855058117357e-17
3.2991234262125265e-17
3.31516134661332e-17
3.325853293547182e-17
3.336545240481044e-17
3.347237187414904e-17
3.368621081282628e-17
3.384659001683419e-17
3.400696922084212e-17
3.4220808159519364e-17
3.432772762885796e-17
3.4541566567535205e-17
3.470194577154311e-17
3.4808865240881734e-17
3.4969244444889667e-17
3.51296236488976e-17
3.534346258757482e-17
3.545038205691344e-17
3.561076126092137e-17
3.571768073025997e-17
3.593151966893721e-17
3.603843913827581e-17
3.614535860761443e-17
3.6412657280960985e-17
3.657303648496889e-17
3.6679955954307514e-17
3.689379489298476e-17
3.7107633831661976e-17
3.72145533010006e-17
3.7374932505008506e-17
3.764223117835506e-17
3.790952985170159e-17
3.806990905570952e-17
3.828374799438674e-17
3.839066746372536e-17
3.8497586933063984e-17
3.8657966137071916e-17
3.8818345341079824e-17
3.903218427975707e-17
3.9192563483764975e-17
3.940640242244222e-17
3.967370109578875e-17
3.988754003446599e-17
3.999445950380461e-17
4.010137897314321e-17
4.020829844248183e-17
4.047559711582836e-17
4.058251658516698e-17
4.0689436054505604e-17
4.0849815258513537e-17
4.0956734727852134e-17
4.1063654197190755e-17
4.1277493135868e-17
4.1437872339875906e-17
4.165171127855315e-17
4.181209048256106e-17
4.207938915590761e-17
4.2186308625246233e-17
4.229322809458483e-17
4.245360729859276e-17
4.2613986502600695e-17
4.2827825441277914e-17
4.2934744910616536e-17
4.3255503318632376e-17
4.341588252264031e-17
4.352280199197893e-17
4.368318119598684e-17
4.384356039999477e-17
4.400393960400268e-17
4.421777854267992e-17
4.432469801201854e-17
4.443161748135714e-17
4.453853695069576e-17
4.4805835624042316e-17
4.5019674562719534e-17
4.5180053766727467e-17
4.5286973236066064e-17
4.5393892705404685e-17
4.550081217474331e-17
4.566119137875124e-17
4.592849005209777e-17
4.614232899077499e-17
4.635616792945223e-17
4.6516547133460163e-17
4.662346660279876e-17
4.6890765276145315e-17
4.705114448015325e-17
4.7158063949491844e-17
4.7318443153499777e-17
4.7585741826846306e-17
4.769266129618493e-17
4.779958076552355e-17
4.795995996953146e-17
4.806687943887008e-17
4.822725864287801e-17
4.833417811221661e-17
4.854801705089385e-17
4.8654936520232473e-17
4.886877545890969e-17
4.8975694928248313e-17
4.9082614397586935e-17
4.9189533866925557e-17
4.9456832540272086e-17
4.961721174428002e-17
4.9724131213618616e-17
4.993797015229586e-17
5.004488962163448e-17
5.015180909097308e-17
5.02587285603117e-17
5.036564802965032e-17
5.0526027233658253e-17
5.063294670299685e-17
5.073986617233547e-17
5.106062458035131e-17
5.1167544049689934e-17
5.1274463519028556e-17
