3.944166259413019e-19
6.033777211004758e-19
7.600985424698563e-19
9.168193638392614e-19
1.0212999114188483e-18
1.1257804589984353e-18
1.2825012803678158e-18
1.386981827947415e-18
1.5437026493168078e-18
1.6481831968963948e-18
1.8049040182657753e-18
2.0661053872147673e-18
2.2228262085841478e-18
2.3795470299535282e-18
2.5362678513229333e-18
2.7452289464821073e-18
2.9019497678514877e-18
3.1631511368004798e-18
3.2676316843800668e-18
3.3721122319596537e-18
3.528833053329034e-18
3.633313600908646e-18
3.790034422278026e-18
3.946755243647407e-18
4.1034760650167995e-18
4.260196886386192e-18
4.469157981545366e-18
4.6781190767045524e-18
4.834839898073945e-18
5.096041267022913e-18
5.252762088392318e-18
5.357242635971905e-18
5.461723183551492e-18
5.670684278710666e-18
5.775164826290277e-18
5.879645373869864e-18
6.088606469029038e-18
6.193087016608625e-18
6.34980783797803e-18
6.454288385557617e-18
6.663249480716791e-18
6.767730028296378e-18
6.924450849665783e-18
7.02893139724537e-18
7.133411944824957e-18
7.290132766194338e-18
7.499093861353536e-18
7.603574408933123e-18
7.760295230302504e-18
7.969256325461702e-18
8.073736873041289e-18
8.178217420620876e-18
8.282697968200463e-18
8.752860432308629e-18
8.857340979888216e-18
9.066302075047415e-18
9.170782622627002e-18
9.327503443996382e-18
9.431983991575969e-18
9.640945086735168e-18
9.745425634314755e-18
9.902146455684135e-18
1.0006627003263722e-17
1.0320068646002508e-17
1.0581270014951475e-17
1.0842471383900467e-17
1.0999192205269847e-17
1.1103672752849434e-17
1.1312633848008633e-17
1.1678315764537187e-17
1.1887276859696386e-17
1.1991757407275973e-17
1.209623795485556e-17
1.2305199050014746e-17
1.261864069275352e-17
1.27753615141229e-17
1.2932082335492305e-17
1.3088803156861685e-17
1.3193283704441272e-17
1.329776425202086e-17
1.3402244799600471e-17
1.3611205894759645e-17
1.3767926716129025e-17
1.423808918023719e-17
1.4394810001606572e-17
1.4499290549186183e-17
1.460377109676577e-17
1.476049191813515e-17
1.502169328708413e-17
1.5178414108453523e-17
1.5335134929822904e-17
1.543961547740249e-17
1.5753057120141276e-17
1.606649876288005e-17
1.6379940405618823e-17
1.6588901500777997e-17
1.6693382048357608e-17
1.6902343143516782e-17
1.7111304238675956e-17
1.726802506004536e-17
1.7424745881414742e-17
1.768594725036371e-17
1.779042779794332e-17
1.7999388893102495e-17
1.8156109714471875e-17
1.8417311083420867e-17
1.8521791631000454e-17
1.862627217858004e-17
1.8887473547529033e-17
1.9044194368898414e-17
1.9253155464057588e-17
1.951435683300658e-17
1.9775558201955547e-17
1.9932279023324952e-17
2.0141240118484126e-17
2.0245720666063713e-17
2.03502012136433e-17
2.05591623088025e-17
2.071588313017188e-17
2.087260395154126e-17
2.097708449912086e-17
2.1081565046700458e-17
2.1290526141859632e-17
2.1603967784598418e-17
2.1760688605967798e-17
2.191740942733718e-17
2.207413024870657e-17
2.2230851070075964e-17
2.259653298660452e-17
2.285773435555351e-17
2.2962214903133098e-17
2.3171175998292284e-17
2.3275656545871883e-17
2.3432377367241264e-17
2.3693578736190243e-17
2.3798059283769843e-17
2.4007020378929017e-17
2.4268221747877996e-17
2.442494256924739e-17
2.4529423116826976e-17
2.494734530714535e-17
2.5156306402304523e-17
2.536526749746371e-17
2.5574228592622895e-17
2.5678709140202482e-17
2.5835429961571862e-17
2.604439105673106e-17
2.620111187810044e-17
2.630559242568003e-17
2.6462313247049434e-17
2.656679379462902e-17
2.6827995163577988e-17
2.698471598494738e-17
2.724591735389636e-17
2.740263817526574e-17
2.7559358996635146e-17
2.7716079818004526e-17
2.7820560365584113e-17
2.79250409131637e-17
2.81340020083229e-17
2.8238482555902486e-17
2.834296310348207e-17
2.8551924198641247e-17
2.865640474622086e-17
2.886536584138003e-17
2.902208666274941e-17
2.9126567210329e-17
2.923104775790861e-17
2.938776857927799e-17
2.949224912685758e-17
2.975345049580657e-17
2.991017131717595e-17
3.0119132412335125e-17
3.0223612959914725e-17
3.038033378128412e-17
3.05370546026535e-17
3.074601569781267e-17
3.0902736519182077e-17
3.105945734055146e-17
3.1163937888131044e-17
3.126841843571063e-17
3.1425139257080036e-17
3.1581860078449417e-17
3.17385808998188e-17
3.189530172118819e-17
3.199978226876779e-17
3.2208743363926963e-17
3.2365464185296344e-17
3.2469944732875955e-17
3.257442528045554e-17
3.2783386375614716e-17
3.2887866923194303e-17
3.29923474707739e-17
3.30968280183535e-17
3.320130856593309e-17
3.335802938730247e-17
3.3462509934882056e-17
3.356699048246167e-17
3.3671471030041255e-17
3.388043212520043e-17
3.3984912672780016e-17
3.408939322035963e-17
3.424611404172901e-17
3.4350594589308595e-17
3.445507513688818e-17
3.466403623204738e-17
3.482075705341676e-17
3.497747787478614e-17
3.508195842236573e-17
3.518643896994534e-17
3.5290919517524927e-17
3.544764033889431e-17
3.5552120886473894e-17
3.570884170784329e-17
3.586556252921268e-17
3.5970043076792267e-17
3.617900417195144e-17
3.638796526711064e-17
3.6596926362269813e-17
3.67014069098494e-17
3.6805887457429e-17
3.696260827879839e-17
3.7171569373957566e-17
3.732829019532696e-17
3.748501101669635e-17
3.758949156427594e-17
3.7693972111855526e-17
3.779845265943511e-17
3.7902933207014724e-17
3.8059654028384105e-17
3.816413457596369e-17
3.832085539733307e-17
3.847757621870248e-17
3.863429704007186e-17
3.884325813523103e-17
3.894773868281063e-17
3.9104459504180024e-17
3.9261180325549404e-17
3.9417901146918785e-17
3.9522381694498384e-17
3.973134278965756e-17
4.0044784432396343e-17
4.0201505253765724e-17
4.035822607513513e-17
4.05671871702943e-17
4.0723907991663683e-17
4.093286908682288e-17
4.1141830181982056e-17
4.124631072956164e-17
4.140303155093105e-17
4.1507512098510635e-17
4.171647319366981e-17
4.1820953741249396e-17
4.192543428882898e-17
4.208215511019839e-17
4.229111620535756e-17
4.260455784809635e-17
4.276127866946573e-17
4.291799949083511e-17
4.302248003841472e-17
4.3126960585994307e-17
4.3231441133573894e-17
4.3388161954943274e-17
4.349264250252286e-17
4.359712305010247e-17
4.370160359768206e-17
4.385832441905144e-17
4.401504524042082e-17
4.411952578800041e-17
4.422400633558002e-17
4.4328486883159606e-17
4.453744797831878e-17
4.469416879968816e-17
4.4850889621057566e-17
4.505985071621674e-17
4.5216571537586145e-17
4.532105208516573e-17
4.542553263274532e-17
4.5530013180324906e-17
4.563449372790449e-17
4.584345482306369e-17
4.594793537064328e-17
4.6052415918222865e-17
4.6209136739592246e-17
4.636585756096165e-17
4.6574818656120825e-17
4.6731539477490205e-17
4.69927408464392e-17
4.720170194159837e-17
4.741066303675757e-17
4.756738385812695e-17
4.772410467949633e-17
4.788082550086571e-17
4.8037546322235116e-17
4.8142026869814703e-17
4.824650741739429e-17
4.840322823876367e-17
4.861218933392287e-17
4.882115042908204e-17
4.8977871250451423e-17
4.913459207182083e-17
4.9239072619400416e-17
4.934355316698e-17
4.944803371455959e-17
4.9552514262139176e-17
4.9761475357298375e-17
4.986595590487796e-17
5.012715727382693e-17
5.0283878095196335e-17
5.049283919035551e-17
5.0649560011724914e-17
5.091076138067388e-17
5.101524192825347e-17
5.1119722475833055e-17
5.127644329720246e-17
