3.7320780355272325e-19
5.164428328565616e-19
7.07422871928379e-19
8.984029110001717e-19
9.938929305360804e-19
1.1371279598399188e-18
1.2803629891437818e-18
1.3758530086796782e-18
1.6145780575194376e-18
1.901048116127139e-18
2.0920281551989317e-18
2.2352631845027948e-18
2.330753204038691e-18
2.473988233342542e-18
2.6172232626463925e-18
2.8082033017181976e-18
2.9514383310220483e-18
3.094673360325899e-18
3.2379083896297497e-18
3.3811434189336004e-18
3.5721234580054055e-18
3.858593516613107e-18
3.954083536149003e-18
4.145063575220808e-18
4.240553594756705e-18
4.336043614292613e-18
4.527023653364406e-18
4.622513672900315e-18
4.7657487022041654e-18
4.861238721740062e-18
5.099963770579821e-18
5.1954537901157176e-18
5.290943809651626e-18
5.481923848723419e-18
5.625158878027282e-18
5.720648897563178e-18
5.816138917099075e-18
5.959373946402938e-18
6.102608975706776e-18
6.198098995242685e-18
6.341334024546523e-18
6.436824044082432e-18
6.5323140636183406e-18
6.675549092922179e-18
6.866529131993996e-18
6.96201915152988e-18
7.248489210137594e-18
7.34397922967349e-18
7.487214258977354e-18
7.582704278513238e-18
7.82142932735301e-18
7.916919346888893e-18
8.060154376192756e-18
8.203389405496595e-18
8.442114454336366e-18
8.53760447387225e-18
8.728584512944068e-18
8.91956455201586e-18
9.062799581319711e-18
9.158289600855608e-18
9.397014649695367e-18
9.540249678999218e-18
9.635739698535126e-18
9.778974727838965e-18
9.922209757142828e-18
1.0065444786446666e-17
1.0304169835286426e-17
1.049514987435823e-17
1.059063989389414e-17
1.0781619932965932e-17
1.0924854962269783e-17
1.1068089991573633e-17
1.1211325020877497e-17
1.1450050069717244e-17
1.154554008925314e-17
1.1641030108789036e-17
1.1736520128324945e-17
1.1832010147860841e-17
1.1927500167396738e-17
1.20707351967006e-17
1.2309460245540348e-17
1.2452695274844199e-17
1.2739165333451912e-17
1.2834655352987796e-17
1.297789038229166e-17
1.3121125411595498e-17
1.3216615431131406e-17
1.3312105450667315e-17
1.3455340479971153e-17
1.3598575509275017e-17
1.3741810538578855e-17
1.3837300558114764e-17
1.3932790577650672e-17
1.4123770616722465e-17
1.4267005646026328e-17
1.4362495665562212e-17
1.4648965724169913e-17
1.4792200753473777e-17
1.5078670812081478e-17
1.526965085115327e-17
1.536514087068918e-17
1.5508375899993042e-17
1.5603865919528926e-17
1.574710094883279e-17
1.5842590968368686e-17
1.5938080987904582e-17
1.61290610269764e-17
1.6224551046512284e-17
1.6367786075816147e-17
1.6463276095352043e-17
1.6654256134423848e-17
1.6749746153959744e-17
1.684523617349564e-17
1.694072619303155e-17
1.7036216212567458e-17
1.7179451241871296e-17
1.7274941261407205e-17
1.7370431280943102e-17
1.7513666310246952e-17
1.760915632978286e-17
1.7800136368854654e-17
1.7943371398158517e-17
1.80388614176944e-17
1.8229841456766218e-17
1.8373076486070056e-17
1.8468566505605965e-17
1.8564056525141874e-17
1.8659546544677758e-17
1.8850526583749575e-17
1.8993761613053414e-17
1.9089251632589322e-17
1.932797668142907e-17
1.9423466700964978e-17
1.9566701730268816e-17
1.970993675957268e-17
1.9805426779108588e-17
1.9948661808412427e-17
2.009189683771629e-17
2.0235131867020128e-17
2.0330621886556037e-17
2.0426111906091945e-17
2.0569346935395784e-17
2.0712581964699647e-17
2.080807198423553e-17
2.0951307013539394e-17
2.119003206237914e-17
2.128552208191505e-17
2.1476502120986842e-17
2.1619737150290705e-17
2.171522716982659e-17
2.1810717189362498e-17
2.1906207208898407e-17
2.2192677267506108e-17
2.23836573065779e-17
2.262238235541766e-17
2.2717872374953557e-17
2.2908852414025362e-17
2.3052087443329212e-17
2.3243067482401017e-17
2.3338557501936914e-17
2.352953754100872e-17
2.3768262589848478e-17
2.3863752609384375e-17
2.395924262892027e-17
2.4102477658224134e-17
2.4197967677760018e-17
2.4293457697295927e-17
2.4436692726599777e-17
2.4532182746135674e-17
2.4675417775439537e-17
2.4770907794975433e-17
2.4914142824279284e-17
2.5105122863351077e-17
2.524835789265494e-17
2.539159292195879e-17
2.5582572961030595e-17
2.5773553000102388e-17
2.5869043019638297e-17
2.606002305871009e-17
2.6203258088013953e-17
2.634649311731779e-17
2.6537473156389608e-17
2.6680708185693447e-17
2.682394321499731e-17
2.6967178244301148e-17
2.7158158283372966e-17
2.7301393312676804e-17
2.7444628341980667e-17
2.7587863371284505e-17
2.7731098400588368e-17
2.7874333429892207e-17
2.8065313468964024e-17
2.816080348849992e-17
2.844727354710762e-17
2.863825358617943e-17
2.878148861548328e-17
2.8876978635019174e-17
2.906795867409098e-17
2.9163448693626875e-17
2.949766376200253e-17
2.959315378153844e-17
2.973638881084228e-17
2.9927368849914096e-17
3.02138389085218e-17
3.0309328928057693e-17
3.040481894759359e-17
3.0595798986665395e-17
3.069128900620129e-17
3.07867790257372e-17
3.088226904527311e-17
3.10732490843449e-17
3.121648411364875e-17
3.13597191429526e-17
3.155069918202441e-17
3.169393421132826e-17
3.198040426993596e-17
3.212363929923981e-17
3.226687432854366e-17
3.2410109357847524e-17
3.260108939691932e-17
3.2696579416455226e-17
3.288755945552702e-17
3.303079448483088e-17
3.3126284504366766e-17
3.326951953367063e-17
3.3365009553206525e-17
3.3508244582510376e-17
3.365147961181424e-17
3.379471464111808e-17
3.3890204660653986e-17
3.398569468018988e-17
3.408118469972578e-17
3.417667471926169e-17
3.431990974856554e-17
3.446314477786939e-17
3.460637980717324e-17
3.4701869826709136e-17
3.4797359846245044e-17
3.51315749146207e-17
3.532255495369249e-17
3.5465789982996356e-17
3.5609025012300194e-17
3.5895495070907896e-17
3.603873010021176e-17
3.61819651295156e-17
3.6277455149051506e-17
3.6372945168587414e-17
3.646843518812331e-17
3.656392520765921e-17
3.675490524673101e-17
3.689814027603486e-17
3.7041375305338714e-17
3.7184610334642564e-17
3.732784536394643e-17
3.751882540301822e-17
3.766206043232207e-17
3.775755045185797e-17
3.7853040471393876e-17
3.7996275500697726e-17
3.818725553976953e-17
3.842598058860928e-17
3.8616960627681084e-17
3.871245064721698e-17
3.880794066675289e-17
3.895117569605673e-17
3.9046665715592636e-17
3.923764575466444e-17
3.9428625793736246e-17
3.9571860823040084e-17
3.966735084257599e-17
3.9810585871879844e-17
3.9953820901183694e-17
4.019254595002344e-17
4.047901600863114e-17
4.0622251037935006e-17
4.0765486067238857e-17
4.1004211116078616e-17
4.10997011356145e-17
4.129068117468632e-17
4.157715123329402e-17
4.176813127236581e-17
4.1911366301669675e-17
4.210234634074147e-17
4.224558137004533e-17
4.243656140911712e-17
4.2579796438420974e-17
4.267528645795687e-17
4.277077647749278e-17
4.291401150679663e-17
4.3009501526332526e-17
4.320048156540433e-17
4.329597158494023e-17
4.343920661424409e-17
4.358244164354793e-17
4.367793166308384e-17
4.382116669238769e-17
4.396440172169154e-17
4.4155381760763344e-17
4.425087178029924e-17
4.434636179983515e-17
4.4585086848674896e-17
4.4728321877978747e-17
4.482381189751464e-17
4.50625369463544e-17
4.5205771975658253e-17
4.5396752014730046e-17
4.553998704403391e-17
4.563547706356982e-17
4.5778712092873656e-17
4.592194712217752e-17
4.611292716124931e-17
4.6303907200321117e-17
4.6399397219857013e-17
4.6542632249160876e-17
4.673361228823267e-17
4.6924592327304486e-17
4.7115572366376254e-17
4.721106238591216e-17
4.7354297415216026e-17
4.7449787434751935e-17
4.75930224640558e-17
4.768851248359168e-17
4.783174751289552e-17
4.792723753243143e-17
4.802272755196734e-17
4.81659625812712e-17
4.830919761057504e-17
4.850017764964683e-17
4.869115768871865e-17
4.888213772779044e-17
4.8977627747326326e-17
4.912086277663019e-17
4.9311842815702006e-17
4.945507784500587e-17
4.959831287430968e-17
4.9741547903613546e-17
4.988478293291741e-17
5.002801796222127e-17
5.0123507981757156e-17
5.021899800129304e-17
5.040997804036486e-17
5.055321306966872e-17
5.0744193108740513e-17
5.0935173147812306e-17
5.117389819665208e-17
5.1269388216187986e-17
5.136487823572387e-17
