3.5353092259422774e-19
5.5446644505946775e-19
7.554019675247078e-19
8.558697287573339e-19
1.0065713706062485e-18
1.1070391318388747e-18
1.2577407736878016e-18
1.4586762961530416e-18
1.6596118186182693e-18
1.8103134604672086e-18
1.9107812216998224e-18
2.0112489829324363e-18
2.1619506247813755e-18
2.2624183860139894e-18
2.3628861472466032e-18
2.5135877890955425e-18
2.6140555503281563e-18
2.8149910727933963e-18
2.91545883402601e-18
3.015926595258624e-18
3.1666282371075633e-18
3.267095998340177e-18
3.367563759572791e-18
3.51826540142173e-18
3.719200923886958e-18
3.92013644635221e-18
4.070838088201125e-18
4.322007491282678e-18
4.522943013747918e-18
4.774112416829459e-18
4.924814058678398e-18
5.0252818199109995e-18
5.175983461759939e-18
5.4271528648414795e-18
5.628088387306732e-18
5.879257790388273e-18
5.9797255516208865e-18
6.1806610740861265e-18
6.281128835318753e-18
6.431830477167667e-18
6.5322982384002934e-18
6.6327659996329196e-18
6.783467641481834e-18
6.984403163947087e-18
7.084870925179688e-18
7.235572567028627e-18
7.436508089493855e-18
7.637443611959107e-18
7.737911373191709e-18
7.838379134424335e-18
7.989080776273274e-18
8.139782418122189e-18
8.240250179354815e-18
8.491419582436356e-18
8.843056746750523e-18
8.943524507983149e-18
9.043992269215763e-18
9.244927791681003e-18
9.345395552913629e-18
9.59656495599517e-18
9.948202120309337e-18
1.0149137642774564e-17
1.024960540400719e-17
1.0350073165239817e-17
1.0500774807088731e-17
1.065147644893767e-17
1.0802178090786585e-17
1.1003113613251837e-17
1.1204049135717065e-17
1.1505452419414919e-17
1.1605920180647545e-17
1.1806855703112773e-17
1.1907323464345399e-17
1.2058025106194338e-17
1.2359428389892192e-17
1.2510130031741107e-17
1.2660831673590046e-17
1.2861767196055274e-17
1.29622349572879e-17
1.3112936599136827e-17
1.321340436036944e-17
1.3464573763450994e-17
1.3565041524683608e-17
1.3665509285916234e-17
1.3916678688997775e-17
1.4067380330846714e-17
1.4318549733928255e-17
1.441901749516088e-17
1.4569719137009795e-17
1.467018689824242e-17
1.487112242070765e-17
1.4971590181940275e-17
1.50720579431729e-17
1.5222759585021816e-17
1.5373461226870755e-17
1.547392898810338e-17
1.5574396749335983e-17
1.5775332271801235e-17
1.5926033913650175e-17
1.6026501674882776e-17
1.617720331673169e-17
1.647860660042957e-17
1.6579074361662195e-17
1.6729776003511085e-17
1.6830243764743712e-17
1.6930711525976338e-17
1.713164704844159e-17
1.7232114809674216e-17
1.7533518093372045e-17
1.778468749645361e-17
1.793538913830255e-17
1.808609078015144e-17
1.8337260183233005e-17
1.8538195705698258e-17
1.8839598989396087e-17
1.8940066750628713e-17
1.9241470034326592e-17
1.9392171676175506e-17
1.9492639437408108e-17
1.98442766017223e-17
2.0045212124187552e-17
2.0195913766036442e-17
2.0296381527269068e-17
2.0396849288501694e-17
2.049731704973432e-17
2.0597784810966946e-17
2.074848645281586e-17
2.0999655855897402e-17
2.1100123617130028e-17
2.1351293020211593e-17
2.1552228542676796e-17
2.1652696303909423e-17
2.175316406514205e-17
2.19540995876073e-17
2.2104801229456216e-17
2.2305736751921443e-17
2.2456438393770383e-17
2.2657373916235635e-17
2.280807555808455e-17
2.2958777199933464e-17
2.3109478841782403e-17
2.336064824486397e-17
2.351134988671286e-17
2.3611817647945485e-17
2.3762519289794424e-17
2.3913220931643363e-17
2.401368869287599e-17
2.4214624215341193e-17
2.431509197657382e-17
2.4415559737806445e-17
2.4566261379655384e-17
2.4716963021504323e-17
2.4867664663353213e-17
2.496813242458584e-17
2.5219301827667405e-17
2.5370003469516344e-17
2.547047123074897e-17
2.5721640633830487e-17
2.5822108395063113e-17
2.592257615629574e-17
2.6023043917528365e-17
2.617374555937728e-17
2.642491496245882e-17
2.6625850484924073e-17
2.6826786007389325e-17
2.707795541047084e-17
2.7278890932936094e-17
2.737935869416872e-17
2.7630528097250236e-17
2.7730995858482862e-17
2.78816975003318e-17
2.8082633022797054e-17
2.833380242587857e-17
2.8434270187111196e-17
2.8584971828960135e-17
2.868543959019276e-17
2.8886375112658014e-17
2.898684287389059e-17
2.9087310635123217e-17
2.918777839635584e-17
2.9388713918821095e-17
2.963988332190261e-17
2.974035108313524e-17
3.0041754366833116e-17
3.0292923769914657e-17
3.039339153114726e-17
3.05440931729962e-17
3.0644560934228824e-17
3.074502869546145e-17
3.089573033731039e-17
3.0996198098542966e-17
3.1146899740391905e-17
3.1297601382240845e-17
3.139806914347347e-17
3.154877078532241e-17
3.16994724271713e-17
3.185017406902024e-17
3.200087571086918e-17
3.2101343472101805e-17
3.220181123333443e-17
3.230227899456703e-17
3.2402746755799634e-17
3.250321451703226e-17
3.270415003949751e-17
3.295531944257908e-17
3.3055787203811655e-17
3.3206488845660594e-17
3.3357190487509533e-17
3.345765824874216e-17
3.365859377120739e-17
3.375906153243999e-17
3.3859529293672615e-17
3.4010230935521554e-17
3.411069869675418e-17
3.4211166457986806e-17
3.441210198045201e-17
3.4512569741684635e-17
3.461303750291726e-17
3.47637391447662e-17
3.491444078661514e-17
3.501490854784774e-17
3.521584407031297e-17
3.536654571216191e-17
3.556748123462716e-17
3.5768416757092364e-17
3.5919118398941303e-17
3.6120053921406556e-17
3.6270755563255495e-17
3.6421457205104385e-17
3.667262660818595e-17
3.682332825003489e-17
3.6923796011267516e-17
3.702426377250014e-17
3.7225199294965345e-17
3.7375900936814284e-17
3.7526602578663223e-17
3.762707033989585e-17
3.777777198174474e-17
3.792847362359368e-17
3.812940914605893e-17
3.822987690729156e-17
3.8430812429756785e-17
3.85815140716057e-17
3.873221571345464e-17
3.888291735530358e-17
3.9083852877768806e-17
3.923455451961772e-17
3.9335022280850346e-17
3.9485723922699286e-17
3.973689332578085e-17
3.988759496762974e-17
4.003829660947868e-17
4.018899825132762e-17
4.033969989317656e-17
4.049040153502545e-17
4.064110317687439e-17
4.084203869933964e-17
4.1093208102421206e-17
4.1243909744270096e-17
4.1394611386119035e-17
4.16457807892006e-17
4.1796482431049515e-17
4.1896950192282117e-17
4.199741795351474e-17
4.209788571474737e-17
4.2198353475979995e-17
4.229882123721262e-17
4.239928899844525e-17
4.2700692282143077e-17
4.2851393923992016e-17
4.295186168522464e-17
4.310256332707358e-17
4.325326496892247e-17
4.340396661077141e-17
4.3504434372004037e-17
4.370536989446929e-17
4.390630541693449e-17
4.4107240939399744e-17
4.420770870063237e-17
4.4509111984330224e-17
4.465981362617914e-17
4.486074914864439e-17
4.496121690987702e-17
4.5111918551725957e-17
4.5262620193574847e-17
4.5413321835423786e-17
4.551378959665641e-17
4.561425735788904e-17
4.5714725119121664e-17
4.586542676097058e-17
4.6016128402819494e-17
4.626729780590106e-17
4.641799944775e-17
4.6518467208982624e-17
4.6819870492680454e-17
4.7020806015145706e-17
4.722174153761096e-17
4.742267706007616e-17
4.752314482130879e-17
4.7623612582541414e-17
4.7824548105006666e-17
4.792501586623927e-17
4.817618526932081e-17
4.8427354672402374e-17
4.8778991836716516e-17
4.9080395120414395e-17
4.918086288164702e-17
4.928133064287962e-17
4.9381798404112224e-17
4.953250004596116e-17
4.963296780719379e-17
4.9733435568426415e-17
4.9884137210275355e-17
4.9984604971507956e-17
5.0185540493973184e-17
5.028600825520581e-17
5.043670989705475e-17
5.063764541951998e-17
5.073811318075258e-17
5.093904870321783e-17
5.103951646445046e-17
5.1139984225683083e-17
5.124045198691571e-17
5.134091974814831e-17
