4.0686143909847754e-19
6.988589168328401e-19
8.4485765570000905e-19
9.90856394567178e-19
1.088188887145307e-18
1.2828538723015406e-18
1.5261851037468263e-18
1.623517596324943e-18
1.720850088903072e-18
1.9641813203483578e-18
2.0615138129264745e-18
2.1588463055045913e-18
2.3048450443717725e-18
2.402177536949877e-18
2.499510029528006e-18
2.5968425221061105e-18
2.8401737535514085e-18
2.9861724924185898e-18
3.3268362164420045e-18
3.424168709020109e-18
3.667499940465407e-18
3.764832433043524e-18
3.8621649256216405e-18
4.056829910777874e-18
4.154162403356003e-18
4.300161142223172e-18
4.397493634801289e-18
4.592158619957522e-18
4.689491112535639e-18
4.786823605113756e-18
4.932822343980937e-18
5.078821082848106e-18
5.224819821715275e-18
5.419484806871521e-18
5.5168172994496375e-18
5.614149792027754e-18
5.711482284605871e-18
5.954813516051169e-18
6.100812254918338e-18
6.2954772400745714e-18
6.441475978941753e-18
6.636140964097986e-18
6.976804688121401e-18
7.074137180699505e-18
7.220135919566687e-18
7.366134658433868e-18
7.512133397301037e-18
7.658132136168218e-18
7.852797121324452e-18
7.950129613902568e-18
8.047462106480685e-18
8.242127091636919e-18
8.534124569371269e-18
8.728789554527502e-18
8.826122047105631e-18
8.9721207859728e-18
9.069453278550917e-18
9.215452017418098e-18
9.410117002574332e-18
9.604781987730565e-18
9.750780726597734e-18
9.848113219175863e-18
9.994111958043032e-18
1.0091444450621149e-17
1.023744318948833e-17
1.0480774420933616e-17
1.067543940608985e-17
1.0821438144957031e-17
1.09674368838242e-17
1.1064769376402329e-17
1.1308100607847615e-17
1.1405433100425731e-17
1.1502765593003848e-17
1.1697430578160082e-17
1.1794763070738198e-17
1.1892095563316315e-17
1.2086760548472549e-17
1.2184093041050665e-17
1.2281425533628794e-17
1.2378758026206899e-17
1.2476090518785028e-17
1.2573423011363132e-17
1.2719421750230314e-17
1.281675424280843e-17
1.2914086735386547e-17
1.3011419227964664e-17
1.3206084213120897e-17
1.349808169085526e-17
1.3644080429722429e-17
1.3790079168589598e-17
1.393607790745678e-17
1.4033410400034896e-17
1.422807538519113e-17
1.4422740370347363e-17
1.466607160179266e-17
1.481207034065983e-17
1.490940283323796e-17
1.5006735325816063e-17
1.5104067818394192e-17
1.5201400310972297e-17
1.5347399049839478e-17
1.5444731542417595e-17
1.554206403499571e-17
1.5639396527573828e-17
1.5736729020151957e-17
1.593139400530819e-17
1.622339148304253e-17
1.636939022190971e-17
1.6466722714487827e-17
1.666138769964406e-17
1.680738643851123e-17
1.6904718931089358e-17
1.7050717669956527e-17
1.7148050162534656e-17
1.7294048901401825e-17
1.7391381393979942e-17
1.7537380132847123e-17
1.7683378871714292e-17
1.778071136429241e-17
1.7878043856870526e-17
1.807270884202676e-17
1.8170041334604888e-17
1.8364706319761122e-17
1.8559371304917355e-17
1.865670379749546e-17
1.880270253636264e-17
1.909470001409699e-17
1.9240698752964172e-17
1.9386697491831354e-17
1.9484029984409458e-17
1.9581362476987587e-17
1.9873359954721925e-17
1.9970692447300054e-17
2.006802493987816e-17
2.0262689925034392e-17
2.0408688663901586e-17
2.0554687402768755e-17
2.065201989534687e-17
2.0798018634214053e-17
2.0944017373081222e-17
2.1138682358237455e-17
2.1236014850815572e-17
2.1382013589682753e-17
2.1576678574838987e-17
2.1722677313706156e-17
2.206334103772957e-17
2.225800602288579e-17
2.2501337254331114e-17
2.2598669746909194e-17
2.2696002239487323e-17
2.2793334732065452e-17
2.289066722464358e-17
2.2987999717221686e-17
2.3133998456088855e-17
2.3377329687534153e-17
2.352332842640132e-17
2.3669327165268515e-17
2.3815325904135684e-17
2.4009990889291918e-17
2.4107323381870047e-17
2.4301988367026255e-17
2.4399320859604385e-17
2.4496653352182514e-17
2.4642652091049658e-17
2.4788650829916852e-17
2.4934649568784045e-17
2.5129314553940254e-17
2.5226647046518383e-17
2.5421312031674617e-17
2.561597701683085e-17
2.5761975755698044e-17
2.5859308248276123e-17
2.6053973233432382e-17
2.634597071116672e-17
2.6491969450033913e-17
2.6735300681479186e-17
2.6832633174057316e-17
2.702729815921355e-17
2.7124630651791653e-17
2.7221963144369782e-17
2.7367961883236976e-17
2.761129311468225e-17
2.775729185354944e-17
2.790329059241659e-17
2.8000623084994716e-17
2.8097955577572846e-17
2.8195288070150975e-17
2.834128680901812e-17
2.843861930159625e-17
2.853595179417438e-17
2.8681950533041546e-17
2.8827949271908715e-17
2.8925281764486844e-17
2.9022614257064973e-17
2.916861299593212e-17
2.931461173479931e-17
2.9557942966244584e-17
2.975260795140084e-17
2.984994044397897e-17
2.9995939182846116e-17
3.033660290686952e-17
3.048260164573671e-17
3.0628600384603906e-17
3.072593287718201e-17
3.0920597862338243e-17
3.101793035491637e-17
3.1358594078939775e-17
3.1504592817806944e-17
3.160192531038505e-17
3.1942589034408475e-17
3.203992152698658e-17
3.223458651214284e-17
3.238058525100998e-17
3.257525023616624e-17
3.272124897503341e-17
3.291591396018964e-17
3.301324645276777e-17
3.320791143792398e-17
3.340257642308024e-17
3.359724140823645e-17
3.3791906393392706e-17
3.3889238885970835e-17
3.4083903871127044e-17
3.418123636370517e-17
3.4375901348861406e-17
3.4521900087728575e-17
3.4716565072884833e-17
3.486256381175198e-17
3.51058950431973e-17
3.520322753577538e-17
3.5349226274642574e-17
3.554389125979883e-17
3.573855624495504e-17
3.583588873753317e-17
3.59332212301113e-17
3.6079219968978443e-17
3.62738849541347e-17
3.646854993929091e-17
3.656588243186904e-17
3.685787990960338e-17
3.700387864847057e-17
3.7149877387337764e-17
3.7247209879915844e-17
3.7344542372493973e-17
3.74418748650721e-17
3.763653985022831e-17
3.773387234280644e-17
3.79285373279627e-17
3.812320231311891e-17
3.8317867298275165e-17
3.841519979085327e-17
3.8609864776009503e-17
3.88531960074548e-17
3.8950528500032906e-17
3.90965272389001e-17
3.919385973147823e-17
3.929119222405631e-17
3.938852471663444e-17
3.9485857209212566e-17
3.9631855948079735e-17
3.982652093323597e-17
4.0021185918392227e-17
4.0215850903548436e-17
4.0410515888704694e-17
4.0507848381282774e-17
4.070251336643903e-17
4.079984585901716e-17
4.10918433367515e-17
4.133517456819677e-17
4.152983955335303e-17
4.172450453850924e-17
4.182183703108737e-17
4.196783576995456e-17
4.2113834508821706e-17
4.2211167001399835e-17
4.2308499493977964e-17
4.2405831986556093e-17
4.255183072542324e-17
4.269782946429043e-17
4.2892494449446665e-17
4.3038493188313834e-17
4.318449192718103e-17
4.333049066604817e-17
4.34278231586263e-17
4.362248814378256e-17
4.3719820636360663e-17
4.381715312893877e-17
4.396315186780596e-17
4.415781685296217e-17
4.42551493455403e-17
4.440114808440749e-17
4.44984805769856e-17
4.4644479315852766e-17
4.4839144301009024e-17
4.498514303987617e-17
4.513114177874336e-17
4.522847427132149e-17
4.54231392564777e-17
4.5569137995344894e-17
4.57638029805011e-17
4.586113547307923e-17
4.595846796565736e-17
4.605580045823549e-17
4.6201799197102634e-17
4.6299131689680763e-17
4.6445130428547957e-17
4.654246292112606e-17
4.678579415257136e-17
4.693179289143855e-17
4.70777916303057e-17
4.722379036917289e-17
4.736978910804006e-17
4.761312033948536e-17
4.785645157093063e-17
4.795378406350876e-17
4.805111655608689e-17
4.82457815412431e-17
4.839178028011029e-17
4.848911277268842e-17
4.8635111511555565e-17
4.8732444004133694e-17
4.8829776496711823e-17
4.892710898928995e-17
4.912177397444616e-17
4.931643895960242e-17
4.9413771452180524e-17
4.951110394475863e-17
4.9705768929914886e-17
4.985176766878203e-17
5.004643265393829e-17
5.028976388538356e-17
5.063042760940699e-17
5.077642634827416e-17
5.1019757579719456e-17
5.111709007229756e-17
5.131175505745382e-17
