6.047363041807642e-19
7.937249951514305e-19
9.354665133794303e-19
1.07720803160743e-18
1.2189495498354297e-18
1.3134438953207629e-18
1.407938240806096e-18
1.6441741045194289e-18
1.738668450004762e-18
1.9276571409754284e-18
2.069398659203428e-18
2.305634522916761e-18
2.4473760411447607e-18
2.541870386630094e-18
2.73085907760076e-18
3.0143421140567473e-18
3.1088364595420804e-18
3.25057797777008e-18
3.39231949599808e-18
3.53406101422608e-18
3.628555359711413e-18
3.864791223424746e-18
4.0065327416527454e-18
4.195521432623412e-18
4.384510123594078e-18
4.526251641822078e-18
4.620745987307411e-18
4.7624875055354106e-18
4.856981851020744e-18
5.04597054199141e-18
5.3294535784474095e-18
5.471195096675409e-18
5.5656894421607424e-18
5.707430960388742e-18
5.8964196513594084e-18
5.9909139968447416e-18
6.085408342330075e-18
6.274397033300741e-18
6.368891378786074e-18
6.463385724271407e-18
6.5578800697567405e-18
6.84136310621274e-18
6.935857451698073e-18
7.030351797183406e-18
7.12484614266874e-18
7.266587660896739e-18
7.361082006382072e-18
7.455576351867405e-18
7.597317870095405e-18
7.691812215580738e-18
7.833553733808738e-18
7.975295252036738e-18
8.117036770264738e-18
8.306025461235404e-18
8.447766979463404e-18
8.542261324948737e-18
8.684002843176736e-18
8.77849718866207e-18
8.967485879632736e-18
9.250968916088735e-18
9.345463261574069e-18
9.581699125287401e-18
9.676193470772735e-18
9.817934989000734e-18
1.00069236799714e-17
1.01486651981994e-17
1.0337653889170054e-17
1.0432148234655387e-17
1.052664258014072e-17
1.0621136925626054e-17
1.0857372789339387e-17
1.109360865305272e-17
1.1424338862251386e-17
1.1613327553222052e-17
1.1707821898707385e-17
1.1849563416935385e-17
1.1991304935163384e-17
1.2227540798876717e-17
1.232203514436205e-17
1.2416529489847384e-17
1.2558271008075383e-17
1.2652765353560717e-17
1.2794506871788716e-17
1.3125237080987382e-17
1.3219731426472715e-17
1.3550461635671381e-17
1.3739450326642048e-17
1.3881191844870048e-17
1.4070180535840714e-17
1.4211922054068714e-17
1.440091074503938e-17
1.454265226326738e-17
1.468439378149538e-17
1.4873382472466046e-17
1.510961833617938e-17
1.5204112681664712e-17
1.534585419989271e-17
1.548759571812071e-17
1.5723831581834044e-17
1.5818325927319377e-17
1.5960067445547377e-17
1.605456179103271e-17
1.6243550482003376e-17
1.6385292000231376e-17
1.647978634571671e-17
1.662152786394471e-17
1.6905010900400708e-17
1.7093999591371375e-17
1.7235741109599374e-17
1.742472980057004e-17
1.7613718491540695e-17
1.7708212837026028e-17
1.780270718251136e-17
1.808619021896736e-17
1.8275178909938027e-17
1.836967325542336e-17
1.8605909119136693e-17
1.8842144982850026e-17
1.8983886501078025e-17
1.9125628019306025e-17
1.9361863883019358e-17
1.9503605401247358e-17
1.9692594092218024e-17
1.988158278318869e-17
1.9976077128674024e-17
2.0117818646902023e-17
2.0354054510615356e-17
2.044854885610069e-17
2.0637537547071356e-17
2.073203189255669e-17
2.0826526238042022e-17
2.1015514929012688e-17
2.1204503619983355e-17
2.1298997965468688e-17
2.139349231095402e-17
2.1487986656439354e-17
2.167697534741002e-17
2.1771469692895353e-17
2.1865964038380687e-17
2.210219990209402e-17
2.2196694247579353e-17
2.2291188593064686e-17
2.2432930111292685e-17
2.252742445677802e-17
2.2621918802263352e-17
2.276366032049135e-17
2.290540183871935e-17
2.3094390529690018e-17
2.318888487517535e-17
2.333062639340335e-17
2.347236791163135e-17
2.361410942985935e-17
2.3803098120830016e-17
2.403933398454335e-17
2.4133828330028682e-17
2.4275569848256682e-17
2.4464558539227348e-17
2.4606300057455348e-17
2.4748041575683348e-17
2.4889783093911347e-17
2.498427743939668e-17
2.5126018957624668e-17
2.522051330311e-17
2.5409501994080667e-17
2.5598490685051334e-17
2.5692985030536667e-17
2.5881973721507333e-17
2.5976468066992666e-17
2.6070962412478e-17
2.6307198276191332e-17
2.6448939794419332e-17
2.6590681312647332e-17
2.6732422830875332e-17
2.6921411521845998e-17
2.7063153040073998e-17
2.7346636076529997e-17
2.744113042201533e-17
2.758287194024333e-17
2.7771860631213996e-17
2.7913602149441996e-17
2.8055343667669996e-17
2.814983801315533e-17
2.843332104961133e-17
2.857506256783933e-17
2.8764051258809994e-17
2.885854560429533e-17
2.900028712252333e-17
2.923652298623666e-17
2.937826450446466e-17
2.961450036817799e-17
2.975624188640599e-17
2.989798340463399e-17
3.0134219268347325e-17
3.022871361383266e-17
3.037045513206066e-17
3.0559443823031324e-17
3.065393816851666e-17
3.074843251400199e-17
3.089017403222999e-17
3.0984668377715323e-17
3.117365706868599e-17
3.1362645759656656e-17
3.1504387277884656e-17
3.159888162336999e-17
3.169337596885532e-17
3.188236465982599e-17
3.202410617805399e-17
3.211860052353932e-17
3.2213094869024654e-17
3.230758921450999e-17
3.2496577905480654e-17
3.2591072250965975e-17
3.268556659645131e-17
3.282730811467931e-17
3.296904963290731e-17
3.306354397839264e-17
3.3252532669363307e-17
3.3394274187591307e-17
3.348876853307664e-17
3.358326287856197e-17
3.3677757224047306e-17
3.3819498742275306e-17
3.3961240260503305e-17
3.415022895147397e-17
3.4244723296959305e-17
3.4386464815187305e-17
3.448095916067264e-17
3.457545350615797e-17
3.4669947851643304e-17
3.4811689369871304e-17
3.4953430888099304e-17
3.514241957906997e-17
3.52369139245553e-17
3.53786554427833e-17
3.55203969610113e-17
3.570938565198197e-17
3.58038799974673e-17
3.5898374342952635e-17
3.60873630339233e-17
3.62291045521513e-17
3.6323598897636634e-17
3.641809324312197e-17
3.6607081934092634e-17
3.67960706250633e-17
3.6985059316033966e-17
3.717404800700463e-17
3.7268542352489966e-17
3.7410283870717966e-17
3.7693766907173965e-17
3.7835508425401965e-17
3.79300027708873e-17
3.816623863460063e-17
3.83552273255713e-17
3.8544216016541963e-17
3.8685957534769975e-17
3.8780451880255296e-17
3.892219339848331e-17
3.9016687743968617e-17
3.9205676434939283e-17
3.9347417953167295e-17
3.948915947139531e-17
3.9630900989623295e-17
3.977264250785128e-17
3.986713685333664e-17
4.00088783715646e-17
4.0150619889792615e-17
4.0292361408020627e-17
4.0434102926248614e-17
4.05758444444766e-17
4.067033878996196e-17
4.0859327480932626e-17
4.100106899916061e-17
4.119005769013128e-17
4.1379046381101946e-17
4.152078789932993e-17
4.161528224481529e-17
4.180427093578596e-17
4.204050679949928e-17
4.213500114498461e-17
4.232398983595528e-17
4.256022569966862e-17
4.270196721789661e-17
4.279646156338194e-17
4.2890955908867276e-17
4.307994459983794e-17
4.3174438945323276e-17
4.331618046355129e-17
4.3410674809036596e-17
4.3505169154521954e-17
4.359966350000726e-17
4.369415784549262e-17
4.383589936372061e-17
4.3977640881948595e-17
4.411938240017661e-17
4.4308371091147273e-17
4.4402865436632606e-17
4.449735978211794e-17
4.463910130034595e-17
4.482808999131662e-17
4.4922584336801927e-17
4.506432585502994e-17
4.515882020051527e-17
4.534780889148594e-17
4.544230323697127e-17
4.5536797582456604e-17
4.572578627342727e-17
4.5962022137140616e-17
4.6103763655368603e-17
4.624550517359659e-17
4.643449386456726e-17
4.6528988210052615e-17
4.66707297282806e-17
4.681247124650859e-17
4.690696559199395e-17
4.7001459937479256e-17
4.719044862844992e-17
4.728494297393528e-17
4.742668449216324e-17
4.7568426010391255e-17
4.766292035587659e-17
4.775741470136192e-17
4.7851909046847254e-17
4.804089773781792e-17
4.8135392083303254e-17
4.832438077427392e-17
4.846612229250193e-17
4.856061663798724e-17
4.870235815621525e-17
4.8796852501700586e-17
4.889134684718592e-17
4.898584119267125e-17
4.9080335538156585e-17
4.926932422912725e-17
4.945831292009792e-17
4.974179595655392e-17
4.9883537474781905e-17
4.997803182026726e-17
5.016702051123793e-17
5.026151485672324e-17
5.049775072043658e-17
5.068673941140725e-17
5.0875728102377915e-17
5.097022244786325e-17
5.106471679334858e-17
5.125370548431925e-17
