3.949082657030763e-19
5.625153708664073e-19
8.418605461386749e-19
1.0653366863564496e-18
1.2329437915197806e-18
1.4005508966831608e-18
1.7916341420642665e-18
1.903372212173203e-18
2.0151102822820905e-18
2.1827173874454214e-18
2.4620625627176644e-18
2.62966966788102e-18
2.7414077379899074e-18
2.8531458080987947e-18
2.964883878207682e-18
3.2442290534799497e-18
3.523574228752168e-18
3.63531229886108e-18
3.802919404024436e-18
4.082264579296654e-18
4.194002649405541e-18
4.417478789623365e-18
4.5292168597322526e-18
4.6968239648955836e-18
4.864431070058964e-18
5.032038175222295e-18
5.199645280385626e-18
5.311383350494513e-18
5.4789904556578935e-18
5.758335630930112e-18
5.925942736093443e-18
6.2052879113657104e-18
6.428764051583485e-18
6.540502121692372e-18
6.81984729696464e-18
6.931585367073527e-18
7.099192472236858e-18
7.210930542345795e-18
7.378537647509126e-18
7.546144752672457e-18
8.048966068162499e-18
8.21657317332583e-18
8.328311243434742e-18
8.440049313543654e-18
8.551787383652542e-18
8.775263523870316e-18
8.99873966408814e-18
9.166346769251471e-18
9.333953874414802e-18
9.557430014632601e-18
1.0004382295068175e-17
1.0116120365177087e-17
1.0283727470340443e-17
1.039546554044933e-17
1.0507203610558218e-17
1.0786548785830485e-17
1.1065893961102704e-17
1.1289370101320503e-17
1.1401108171429415e-17
1.1568715276592746e-17
1.1736322381756077e-17
1.1959798521973901e-17
1.2071536592082788e-17
1.2183274662191676e-17
1.257435790757283e-17
1.2797834047790605e-17
1.2909572117899492e-17
1.3077179223062848e-17
1.3300655363280647e-17
1.3412393433389535e-17
1.3580000538552866e-17
1.3691738608661778e-17
1.4026952818988464e-17
1.4138690889097352e-17
1.4306297994260732e-17
1.4529774134478507e-17
1.4641512204587394e-17
1.4809119309750725e-17
1.4920857379859662e-17
1.503259544996855e-17
1.5144333520077436e-17
1.5256071590186324e-17
1.536780966029521e-17
1.5479547730404148e-17
1.564715483556748e-17
1.5758892905676366e-17
1.5926500010839697e-17
1.6094107116003077e-17
1.6205845186111964e-17
1.642932132632974e-17
1.6541059396438626e-17
1.6708666501602007e-17
1.6876273606765338e-17
1.6988011676874225e-17
1.7267356852146493e-17
1.754670202741871e-17
1.7658440097527598e-17
1.777017816763651e-17
1.7881916237745422e-17
1.799365430785431e-17
1.816126141301764e-17
1.8272999483126528e-17
1.8664082728507683e-17
1.877582079861657e-17
1.8887558868725458e-17
1.899929693883437e-17
1.911103500894328e-17
1.922277307905217e-17
1.9334511149161056e-17
1.9446249219269943e-17
1.972559439454221e-17
2.0060808604868873e-17
2.0228415710032253e-17
2.0396022815195584e-17
2.0563629920358915e-17
2.078710606057674e-17
2.0898844130685627e-17
2.1010582200794514e-17
2.11223202709034e-17
2.1289927376066732e-17
2.140166544617567e-17
2.1681010621447887e-17
2.1848617726611218e-17
2.20162248317746e-17
2.2239700971992373e-17
2.235143904210126e-17
2.2463177112210148e-17
2.2574915182319085e-17
2.296599842770019e-17
2.313360553286357e-17
2.3245343602972458e-17
2.3357081673081345e-17
2.3468819743190232e-17
2.3636426848353563e-17
2.37481649184625e-17
2.3859902988571387e-17
2.4083379128789162e-17
2.419511719889805e-17
2.430685526900696e-17
2.4418593339115873e-17
2.453033140922476e-17
2.4753807549442535e-17
2.4865545619551447e-17
2.5033152724714803e-17
2.514489079482369e-17
2.531249789998702e-17
2.542423597009591e-17
2.559184307525929e-17
2.5703581145368176e-17
2.5815319215477064e-17
2.592705728558595e-17
2.6038795355694863e-17
2.6150533425803775e-17
2.6262271495912662e-17
2.6429878601075993e-17
2.6597485706239324e-17
2.670922377634826e-17
2.6820961846457148e-17
2.7044437986674923e-17
2.715617605678381e-17
2.732378316194719e-17
2.749139026711052e-17
2.7714866407328296e-17
2.7994211582600564e-17
2.8161818687763895e-17
2.827355675787278e-17
2.844116386303616e-17
2.866464000325394e-17
2.888811614347171e-17
2.9111592283689536e-17
2.9279199388852867e-17
2.950267552907064e-17
2.9614413599179553e-17
2.983788973939735e-17
2.994962780950624e-17
3.006136587961513e-17
3.0340711054887395e-17
3.0508318160050726e-17
3.0620056230159613e-17
3.078766333532297e-17
3.089940140543188e-17
3.106700851059521e-17
3.1346353685867455e-17
3.151396079103081e-17
3.16256988611397e-17
3.1737436931248585e-17
3.201678210652085e-17
3.229612728179307e-17
3.24637343869564e-17
3.2687210527174226e-17
3.2910686667392e-17
3.302242473750089e-17
3.319003184266427e-17
3.3301769912773156e-17
3.341350798288204e-17
3.352524605299093e-17
3.3692853158154286e-17
3.397219833342653e-17
3.413980543858986e-17
3.4307412543753215e-17
3.4530888683971015e-17
3.46426267540799e-17
3.475436482418879e-17
3.4866102894297677e-17
3.4977840964406613e-17
3.5145448069569944e-17
3.5313055174733275e-17
3.55365313149511e-17
3.5760007455168874e-17
3.587174552527776e-17
3.603935263044109e-17
3.620695973560447e-17
3.6374566840767804e-17
3.659804298098558e-17
3.68215191212034e-17
3.693325719131229e-17
3.7156733331530064e-17
3.738020947174789e-17
3.754781657691122e-17
3.782716175218346e-17
3.799476885734682e-17
3.821824499756459e-17
3.832998306767348e-17
3.849759017283686e-17
3.883280438316352e-17
3.894454245327241e-17
3.9056280523381346e-17
3.922388762854468e-17
3.9503232803816895e-17
3.9670839908980276e-17
3.978257797908916e-17
3.989431604919805e-17
4.006192315436138e-17
4.0285399294579205e-17
4.050887543479698e-17
4.078822061006922e-17
4.0899958680178135e-17
4.1067565785341466e-17
4.1179303855450353e-17
4.1346910960613684e-17
4.145864903072262e-17
4.157038710083151e-17
4.173799420599484e-17
4.2017339381267107e-17
4.224081552148488e-17
4.235255359159377e-17
4.2464291661702656e-17
4.285537490708381e-17
4.29671129771927e-17
4.319058911741052e-17
4.330232718751941e-17
4.358167236279163e-17
4.3749279467954984e-17
4.3861017538063895e-17
4.397275560817278e-17
4.4140362713336114e-17
4.4252100783445e-17
4.436383885355394e-17
4.453144595871727e-17
4.4643184028826156e-17
4.481079113398949e-17
4.49225292040984e-17
4.503426727420731e-17
4.51460053443162e-17
4.5257743414425086e-17
4.5425350519588417e-17
4.553708858969733e-17
4.5704695694860684e-17
4.592817183507846e-17
4.615164797529628e-17
4.6486862185622945e-17
4.659860025573183e-17
4.68779454310041e-17
4.7101421571221875e-17
4.721315964133076e-17
4.73248977114397e-17
4.7436635781548586e-17
4.766011192176636e-17
4.777184999187525e-17
4.788358806198416e-17
4.810706420220196e-17
4.8330540342419734e-17
4.8498147447583114e-17
4.8609885517692e-17
4.877749262285533e-17
4.8945099728018663e-17
4.9056837798127575e-17
4.916857586823649e-17
4.933618297339982e-17
4.950379007856315e-17
4.967139718372653e-17
4.978313525383542e-17
5.000661139405319e-17
5.017421849921652e-17
5.0397694639434347e-17
5.056530174459768e-17
5.073290884976101e-17
5.084464691986992e-17
5.095638498997883e-17
5.1123992095142163e-17
5.134746823535994e-17
