1.0314174445660344e-18
2.7517119670854914e-18
4.256969674290029e-18
4.687043304919868e-18
5.5471905661795474e-18
5.977264196809387e-18
6.622374642754245e-18
7.267485088699004e-18
7.697558719328844e-18
8.557705980588622e-18
9.417853241848301e-18
1.0493037318422999e-17
1.1353184579682678e-17
1.1998295025627437e-17
1.2858442286887215e-17
1.3288515917517055e-17
1.3718589548146894e-17
1.4148663178776734e-17
1.4578736809406672e-17
1.5008810440036512e-17
1.543888407066635e-17
1.608399451661111e-17
1.672910496255597e-17
1.7589252223815648e-17
1.8019325854445488e-17
1.8664436300390346e-17
1.9309546746335105e-17
1.9739620376964945e-17
2.0169694007594784e-17
2.1029841268854562e-17
2.1459914899484402e-17
2.2535098976059e-17
2.339524623731878e-17
2.4470430313893378e-17
2.5115540759838236e-17
2.6190724836412835e-17
2.7050872097672612e-17
2.7695982543617372e-17
2.855612980487705e-17
2.920124025082191e-17
2.963131388145175e-17
3.027642432739651e-17
3.1136571588656286e-17
3.1781682034601045e-17
3.2211755665230885e-17
3.2641829295860724e-17
3.3286939741805484e-17
3.371701337243542e-17
3.414708700306526e-17
3.500723426432494e-17
3.56523447102698e-17
3.629745515621456e-17
3.715760241747424e-17
3.8447823309363855e-17
3.8877896939993695e-17
3.995308101656839e-17
4.038315464719823e-17
4.081322827782807e-17
4.145833872377283e-17
4.253352280034753e-17
4.339367006160721e-17
4.4038780507552066e-17
4.4683890953496825e-17
4.5113964584126665e-17
4.5544038214756504e-17
4.597411184538644e-17
4.683425910664612e-17
4.790944318322082e-17
4.919966407511034e-17
4.962973770574018e-17
5.005981133637002e-17
5.1350032228259635e-17
