4.267036842569272e-19
5.8877692056142485e-19
7.508501568659348e-19
1.020972217373435e-18
1.2370698657794402e-18
1.3991431020839501e-18
1.5071919262869527e-18
1.6152407504899553e-18
1.7232895746929578e-18
1.8313383988959604e-18
1.939387223098963e-18
2.0474360473019655e-18
2.155484871504968e-18
2.2635336957079706e-18
2.4256069320124806e-18
2.5336557562154708e-18
2.6417045804184857e-18
2.749753404621476e-18
2.911826640925986e-18
3.127924289331991e-18
3.344021937737996e-18
3.614143998245496e-18
3.722192822448499e-18
3.9923148829560114e-18
4.100363707159002e-18
4.2624369434635116e-18
4.4245101797680216e-18
4.586583416072519e-18
4.748656652377017e-18
4.964754300783022e-18
5.072803124986037e-18
5.2348763612905346e-18
5.342925185493537e-18
5.45097400969654e-18
5.559022833899542e-18
5.775120482305547e-18
5.88316930650855e-18
5.9912181307115524e-18
6.2073157791175575e-18
6.3693890154220675e-18
6.531462251726565e-18
6.693535488031063e-18
6.855608724335573e-18
7.17975519694458e-18
7.341828433249078e-18
7.557926081655083e-18
7.828048142162596e-18
7.936096966365598e-18
8.044145790568601e-18
8.314267851076113e-18
8.422316675279104e-18
8.530365499482106e-18
8.746463147888111e-18
8.908536384192609e-18
9.016585208395624e-18
9.124634032598614e-18
9.232682856801629e-18
9.340731681004619e-18
9.502804917309129e-18
9.718902565715134e-18
1.0043049038324142e-17
1.0151097862527145e-17
1.052926874723766e-17
1.079939080774516e-17
1.0907439631948162e-17
1.1123537280354167e-17
1.1285610516658665e-17
1.139365934086168e-17
1.1555732577166178e-17
1.1771830225572183e-17
1.193390346187668e-17
1.2041952286079695e-17
1.2204025522384193e-17
1.2474147582891706e-17
1.2582196407094696e-17
1.2798294055500701e-17
1.2906342879703716e-17
1.3068416116008213e-17
1.3230489352312711e-17
1.3338538176515726e-17
1.3446587000718716e-17
1.3554635824921719e-17
1.3662684649124721e-17
1.3770733473327724e-17
1.4040855533835236e-17
1.4202928770139722e-17
1.4365002006444256e-17
1.4581099654850237e-17
1.4743172891154747e-17
1.4905246127459257e-17
1.5067319363763742e-17
1.5337441424271267e-17
1.5445490248474257e-17
1.5661587896880287e-17
1.5769636721083277e-17
1.5877685545286267e-17
1.5985734369489258e-17
1.6147807605793792e-17
1.6309880842098278e-17
1.6471954078402788e-17
1.6580002902605803e-17
1.6688051726808793e-17
1.6796100551011783e-17
1.6958173787316318e-17
1.7174271435722298e-17
1.7336344672026808e-17
1.7498417908331318e-17
1.7660491144635803e-17
1.7822564380940338e-17
1.7930613205143328e-17
1.803866202934632e-17
1.8200735265650828e-17
1.8362808501955338e-17
1.857890615036132e-17
1.8686954974564334e-17
1.8849028210868844e-17
1.901110144717333e-17
1.9281223507680854e-17
1.944329674398534e-17
1.9551345568188354e-17
1.976744321659436e-17
1.987549204079735e-17
1.9983540865000364e-17
2.009158968920338e-17
2.019963851340637e-17
2.0361711749710855e-17
2.0469760573913894e-17
2.0577809398116885e-17
2.0847931458624385e-17
2.1010004694928895e-17
2.1226102343334875e-17
2.138817557963941e-17
2.1550248815943895e-17
2.1658297640146885e-17
2.182037087645142e-17
2.192841970065441e-17
2.2090492936958896e-17
2.225256617326343e-17
2.2414639409567916e-17
2.2522688233770906e-17
2.268476147007544e-17
2.290085911848142e-17
2.3062932354785956e-17
2.3170981178988946e-17
2.3279030003191936e-17
2.3387078827394926e-17
2.3495127651597966e-17
2.3603176475800956e-17
2.376524971210544e-17
2.4035371772612966e-17
2.4143420596815956e-17
2.4359518245221962e-17
2.4629640305729462e-17
2.4791713542033972e-17
2.4899762366236987e-17
2.5061835602541472e-17
2.5169884426744462e-17
2.5331957663048997e-17
2.5548055311454977e-17
2.5656104135657992e-17
2.5764152959861007e-17
2.5926226196165492e-17
2.6088299432470002e-17
2.6250372668774512e-17
2.6466470317180493e-17
2.6574519141383532e-17
2.6682567965586523e-17
2.6898665613992503e-17
2.7060738850297038e-17
2.7222812086601523e-17
2.7384885322906033e-17
2.7492934147109048e-17
2.7600982971312038e-17
2.7709031795515028e-17
2.787110503181956e-17
2.814122709232704e-17
2.8303300328631573e-17
2.846537356493606e-17
2.8627446801240544e-17
2.889756886174807e-17
2.9059642098052554e-17
2.916769092225557e-17
2.932976415856008e-17
2.9491837394864564e-17
2.959988621906758e-17
2.976195945537209e-17
2.9924032691676575e-17
3.008610592798111e-17
3.0248179164285594e-17
3.051830122479312e-17
3.062635004899611e-17
3.0788423285300595e-17
3.1004520933706625e-17
3.1112569757909615e-17
3.132866740631562e-17
3.1436716230518635e-17
3.1544765054721625e-17
3.170683829102611e-17
3.181488711522915e-17
3.1976960351533635e-17
3.213903358783812e-17
3.224708241204116e-17
3.235513123624415e-17
3.267927770885317e-17
3.289537535725915e-17
3.305744859356366e-17
3.3165497417766676e-17
3.332757065407116e-17
3.343561947827415e-17
3.354366830247719e-17
3.365171712668018e-17
3.375976595088317e-17
3.386781477508616e-17
3.4029888011390696e-17
3.4137936835593686e-17
3.4354034483999667e-17
3.45161077203042e-17
3.4678180956608687e-17
3.478622978081168e-17
3.5002327429217707e-17
3.51103762534207e-17
3.521842507762369e-17
3.55965959623342e-17
3.575866919863874e-17
3.592074243494322e-17
3.608281567124771e-17
3.629891331965374e-17
3.646098655595822e-17
3.662305979226276e-17
3.683915744066874e-17
3.700123067697325e-17
3.710927950117626e-17
3.721732832537925e-17
3.748745038588678e-17
3.7649523622191263e-17
3.786562127059727e-17
3.8081718919003273e-17
3.824379215530776e-17
3.8405865391612293e-17
3.856793862791678e-17
3.867598745211977e-17
3.88920851005258e-17
3.910818274893178e-17
3.932428039733781e-17
3.9486353633642294e-17
3.9648426869946804e-17
3.9810500106251314e-17
3.9918548930454304e-17
4.018867099096183e-17
4.0458793051469305e-17
4.0674890699875335e-17
4.0782939524078325e-17
4.0890988348281315e-17
4.105306158458585e-17
4.116111040878884e-17
4.126915923299183e-17
4.1377208057194845e-17
4.159330570560085e-17
4.191745217820987e-17
4.2187574238717346e-17
4.2295623062920385e-17
4.2673793947630876e-17
4.288989159603688e-17
4.3160013656544406e-17
4.3268062480747396e-17
4.3376111304950386e-17
4.3592208953356416e-17
4.37542821896609e-17
4.3916355425965386e-17
4.4132453074371416e-17
4.4348550722777397e-17
4.445659954698041e-17
4.4564648371183426e-17
4.472672160748791e-17
4.48347704316909e-17
4.4996843667995437e-17
4.5104892492198427e-17
4.521294131640142e-17
4.532099014060443e-17
4.5429038964807447e-17
4.553708778901044e-17
4.564513661321343e-17
4.580720984951796e-17
4.596928308582245e-17
4.613135632212693e-17
4.629342955843147e-17
4.645550279473595e-17
4.656355161893894e-17
4.677964926734497e-17
4.704977132785247e-17
4.715782015205549e-17
4.726586897625848e-17
4.737391780046147e-17
4.7535991036766e-17
4.780611309727348e-17
4.8076235157781003e-17
4.823830839408549e-17
4.8346357218288503e-17
4.845440604249152e-17
4.8616479278796004e-17
4.8724528102998994e-17
4.888660133930353e-17
4.9048674575608014e-17
4.926477222401402e-17
4.942684546031853e-17
4.969696752082603e-17
4.9805016345029044e-17
4.9913065169232034e-17
5.012916281763804e-17
5.039928487814554e-17
5.061538252655157e-17
5.0777455762856055e-17
5.0885504587059045e-17
5.099355341126206e-17
5.1101602235465075e-17
5.1209651059668065e-17
5.1317699883871055e-17
