4.2944836752033625e-19
6.176851158945098e-19
7.588626771751214e-19
8.529810513622205e-19
9.941586126428322e-19
1.1823953610170057e-18
1.2765137352040801e-18
1.3706321093911792e-18
1.4647504835782536e-18
1.60592804485889e-18
1.7471056061395016e-18
1.888283167420138e-18
1.9824015416072123e-18
2.1235791028878486e-18
2.217697477074923e-18
2.311815851262022e-18
2.4059342254490966e-18
2.5471117867297206e-18
2.6412301609168073e-18
2.829466909290981e-18
2.9235852834780553e-18
3.0647628447586916e-18
3.2059404060393033e-18
3.3941771544134768e-18
3.58241390278765e-18
3.676532276974725e-18
3.7706506511618115e-18
3.9118282124424355e-18
4.005946586629522e-18
4.1941833350036834e-18
4.2883017091907825e-18
4.476538457564944e-18
4.617716018845568e-18
4.758893580126204e-18
4.8530119543132784e-18
4.947130328500353e-18
5.088307889780989e-18
5.1824262639680636e-18
5.370663012342237e-18
5.5118405736228734e-18
5.700077321997035e-18
5.8412548832776586e-18
5.935373257464745e-18
6.029491631651832e-18
6.170669192932444e-18
6.31184675421308e-18
6.453024315493704e-18
6.547142689680791e-18
6.641261063867865e-18
6.7824386251485016e-18
6.9236161864291255e-18
7.017734560616212e-18
7.158912121896836e-18
7.347148870270997e-18
7.488326431551634e-18
7.770681554112882e-18
8.005977489580592e-18
8.100095863767667e-18
8.241273425048303e-18
8.429510173422477e-18
8.523628547609551e-18
8.711865295983725e-18
8.805983670170799e-18
8.947161231451435e-18
9.135397979825597e-18
9.370693915293307e-18
9.511871476573931e-18
9.653049037854568e-18
9.747167412041642e-18
9.935404160415816e-18
1.0170700095883526e-17
1.0311877657164138e-17
1.0500114405538312e-17
1.0594232779725398e-17
1.0688351153912485e-17
1.0829528715193109e-17
1.0923647089380196e-17
1.1206002211941444e-17
1.1394238960315617e-17
1.1488357334502692e-17
1.1582475708689778e-17
1.1723653269970402e-17
1.1817771644157489e-17
1.2147185953812287e-17
1.2288363515092898e-17
1.2382481889279997e-17
1.2523659450560609e-17
1.2617777824747708e-17
1.275895538602832e-17
1.2853073760215419e-17
1.299425132149603e-17
1.3135428882776667e-17
1.3229547256963741e-17
1.332366563115084e-17
1.3464843192431452e-17
1.3558961566618539e-17
1.3653079940805626e-17
1.3888375876273336e-17
1.402955343755396e-17
1.4170730998834584e-17
1.426484937302167e-17
1.4453086121395832e-17
1.4641322869770006e-17
1.4876618805237716e-17
1.497073717942479e-17
1.5206033114892502e-17
1.53001514890796e-17
1.5441329050360212e-17
1.558250661164085e-17
1.5770743360015022e-17
1.600603929548272e-17
1.6100157669669807e-17
1.624133523095043e-17
1.6476631166418142e-17
1.6711927101885853e-17
1.6900163850260014e-17
1.704134141154065e-17
1.7182518972821262e-17
1.7323696534101898e-17
1.755899246956961e-17
1.7700170030850233e-17
1.7841347592130857e-17
1.7935465966317944e-17
1.802958434050503e-17
1.8217821088879204e-17
1.8358998650159816e-17
1.854723539853399e-17
1.8641353772721064e-17
1.8735472146908163e-17
1.8829590521095237e-17
1.8970768082375873e-17
1.9111945643656485e-17
1.925312320493712e-17
1.9347241579124196e-17
1.953547832749837e-17
1.9676655888779006e-17
1.9817833450059617e-17
1.9911951824246704e-17
2.000607019843379e-17
2.0194306946807964e-17
2.028842532099504e-17
2.0382543695182126e-17
2.0570780443556287e-17
2.0711958004836923e-17
2.1182549875772345e-17
2.1323727437052956e-17
2.1417845811240055e-17
2.151196418542713e-17
2.1653141746707766e-17
2.1794319307988378e-17
2.1935496869269014e-17
2.2029615243456088e-17
2.2217851991830262e-17
2.2311970366017336e-17
2.2406088740204435e-17
2.273550304985922e-17
2.2923739798233394e-17
2.301785817242047e-17
2.3159035733701105e-17
2.325315410788818e-17
2.3347272482075278e-17
2.3441390856262353e-17
2.3582568417542977e-17
2.3770805165917138e-17
2.3911982727197774e-17
2.400610110138485e-17
2.4100219475571948e-17
2.4194337849759022e-17
2.433551541103966e-17
2.4429633785226733e-17
2.4617870533600907e-17
2.4806107281975068e-17
2.4947284843255692e-17
2.5088462404536328e-17
2.5182580778723402e-17
2.527669915291049e-17
2.5370817527097576e-17
2.546493590128465e-17
2.570023183675236e-17
2.579435021093946e-17
2.5935527772220072e-17
2.602964614640716e-17
2.626494208187487e-17
2.645317883024903e-17
2.6641415578623204e-17
2.673553395281029e-17
2.6876711514090915e-17
2.701788907537155e-17
2.72061258237457e-17
2.7347303385026336e-17
2.744142175921341e-17
2.7629658507587584e-17
2.772377688177467e-17
2.7864954443055295e-17
2.795907281724238e-17
2.805319119142947e-17
2.814730956561654e-17
2.828848712689718e-17
2.847672387527134e-17
2.857084224945843e-17
2.871201981073905e-17
2.880613818492614e-17
2.9088493307487386e-17
2.922967086876802e-17
2.946496680423573e-17
2.955908517842281e-17
2.970026273970343e-17
2.9841440300984055e-17
2.993555867517114e-17
3.0123795423545303e-17
3.026497298482594e-17
3.050026892029365e-17
3.0641446481574274e-17
3.073556485576136e-17
3.0829683229948436e-17
3.097086079122907e-17
3.130027510088386e-17
3.1394393475070944e-17
3.153557103635157e-17
3.1676748597632204e-17
3.1864985346006365e-17
3.200616290728699e-17
3.219439965566116e-17
3.2335577216941774e-17
3.247675477822241e-17
3.2617932339503035e-17
3.2806169087877196e-17
3.299440583625137e-17
3.3135583397532006e-17
3.3323820145906155e-17
3.351205689428033e-17
3.3653234455560964e-17
3.3888530391028675e-17
3.398264876521575e-17
3.4076767139402836e-17
3.421794470068346e-17
3.4359122261964097e-17
3.445324063615117e-17
3.4641477384525345e-17
3.4829714132899506e-17
3.497089169418013e-17
3.5159128442554303e-17
3.544148356511555e-17
3.558266112639619e-17
3.57238386876768e-17
3.5817957061863886e-17
3.6147371371518684e-17
3.642972649407993e-17
3.666502242954764e-17
3.680619999082828e-17
3.694737755210889e-17
3.7135614300483064e-17
3.722973267467014e-17
3.741796942304431e-17
3.770032454560556e-17
3.7888561293979733e-17
3.802973885526037e-17
3.821797560363452e-17
3.831209397782162e-17
3.854738991328933e-17
3.86415082874764e-17
3.878268584875704e-17
3.9065040971318287e-17
3.915915934550536e-17
3.925327771969246e-17
3.944151446806661e-17
3.967681040353432e-17
3.9817987964814956e-17
3.995916552609558e-17
4.0100343087376204e-17
4.024152064865684e-17
4.038269820993745e-17
4.047681658412455e-17
4.061799414540516e-17
4.071211251959225e-17
4.0806230893779336e-17
4.094740845505996e-17
4.113564520343412e-17
4.122976357762122e-17
4.137094113890183e-17
4.1559177887276006e-17
4.170035544855664e-17
4.1794473822743717e-17
4.188859219693079e-17
4.198271057111789e-17
4.217094731949205e-17
4.240624325495976e-17
4.250036162914685e-17
4.2594480003333923e-17
4.2782716751708097e-17
4.2876835125895184e-17
4.301801268717581e-17
4.320624943554998e-17
4.334742699683059e-17
4.348860455811123e-17
4.372390049357894e-17
4.3818018867766014e-17
4.395919642904665e-17
4.4053314803233725e-17
4.4147433177420824e-17
4.4382729112888535e-17
4.447684748707561e-17
4.466508423544978e-17
4.4806261796730394e-17
4.494743935801103e-17
4.5088616919291655e-17
4.518273529347874e-17
4.5276853667665816e-17
4.546509041603999e-17
4.565332716441416e-17
4.5794504725694775e-17
4.5888623099881874e-17
4.6029800661162485e-17
4.6123919035349584e-17
4.621803740953666e-17
4.6359214970817295e-17
4.645333334500437e-17
4.6547451719191456e-17
4.664157009337854e-17
4.678274765465917e-17
4.6876866028846254e-17
4.697098440303333e-17
4.71592211514075e-17
4.739451708687521e-17
4.7535694648155836e-17
4.7629813022342923e-17
4.777099058362355e-17
4.800628651909126e-17
4.814746408037188e-17
4.8288641641652506e-17
4.842981920293313e-17
4.8523937577120204e-17
4.8618055951307303e-17
4.875923351258794e-17
4.890041107386855e-17
4.90886478222427e-17
4.937100294480397e-17
4.955923969317812e-17
4.970041725445878e-17
4.979453562864586e-17
4.988865400283293e-17
5.0029831564113543e-17
5.012394993830064e-17
5.021806831248774e-17
5.035924587376835e-17
5.045336424795543e-17
5.0594541809236064e-17
5.068866018342316e-17
5.092395611889085e-17
5.1065133680171485e-17
5.125337042854566e-17
