5.259145789633291e-19
7.615896701195787e-19
8.558597065820859e-19
1.0443997795070757e-18
1.138669815969583e-18
1.2329398524320779e-18
1.3272098888945851e-18
1.4686149435883275e-18
1.5628849800508347e-18
1.7042900347445771e-18
1.9399651259008267e-18
2.034235162363334e-18
2.1756402170570887e-18
2.317045271750831e-18
2.5527203629070807e-18
2.646990399369588e-18
2.741260435832083e-18
2.929800508757085e-18
3.02407054521958e-18
3.212610618144582e-18
3.306880654607077e-18
3.401150691069584e-18
3.4954207275320914e-18
3.636825782225834e-18
3.7782308369195885e-18
3.8725008733820834e-18
3.966770909844591e-18
4.1553109827695805e-18
4.296716037463335e-18
4.39098607392583e-18
4.485256110388337e-18
4.62666116508208e-18
4.7680662197758344e-18
5.003741310932084e-18
5.239416402088334e-18
5.475091493244583e-18
5.5693615297070905e-18
5.757901602632093e-18
5.8521716390945876e-18
6.04071171201959e-18
6.229251784944592e-18
6.3706568396383466e-18
6.512061894332089e-18
6.606331930794596e-18
6.794872003719586e-18
6.889142040182093e-18
6.983412076644588e-18
7.17195214956959e-18
7.313357204263345e-18
7.40762724072584e-18
7.501897277188347e-18
7.596167313650842e-18
7.737572368344597e-18
7.831842404807092e-18
7.926112441269599e-18
8.020382477732094e-18
8.256057568888343e-18
8.350327605350838e-18
8.538867678275853e-18
8.727407751200843e-18
8.963082842357092e-18
9.104487897050847e-18
9.245892951744602e-18
9.340162988207097e-18
9.481568042900851e-18
9.575838079363346e-18
9.811513170519596e-18
9.95291822521335e-18
1.01885933163696e-17
1.0282863352832095e-17
1.0377133389294602e-17
1.0471403425757097e-17
1.06599434986821e-17
1.0801348553375854e-17
1.0989888626300844e-17
1.1084158662763351e-17
1.1178428699225858e-17
1.1272698735688353e-17
1.1366968772150848e-17
1.1508373826844603e-17
1.1649778881538358e-17
1.1932588990925855e-17
1.202685902738835e-17
1.2121129063850857e-17
1.2215399100313352e-17
1.2403939173238354e-17
1.2498209209700861e-17
1.2592479246163356e-17
1.2686749282625851e-17
1.2875289355550853e-17
1.3063829428475855e-17
1.315809946493835e-17
1.3346639537863352e-17
1.3535179610788355e-17
1.3676584665482109e-17
1.3770854701944604e-17
1.3865124738407111e-17
1.3959394774869606e-17
1.410079982956336e-17
1.4242204884257103e-17
1.4383609938950858e-17
1.4525014993644613e-17
1.4619285030107108e-17
1.4713555066569603e-17
1.480782510303211e-17
1.4902095139494605e-17
1.504350019418836e-17
1.5137770230650867e-17
1.5232040267113362e-17
1.5373445321807116e-17
1.5609120412963366e-17
1.570339044942586e-17
1.5844795504119615e-17
1.5986200558813358e-17
1.6080470595275865e-17
1.6269010668200855e-17
1.645755074112587e-17
1.6551820777588364e-17
1.669322583228212e-17
1.683463088697586e-17
1.692890092343837e-17
1.711744099636336e-17
1.7211711032825866e-17
1.7353116087519608e-17
1.754165616044461e-17
1.7777331251600872e-17
1.806014136098837e-17
1.8201546415682112e-17
1.8342951470375866e-17
1.848435652506962e-17
1.872003161622587e-17
1.8861436670919613e-17
1.9049976743844615e-17
1.919138179853837e-17
1.9332786853232125e-17
1.9474191907925867e-17
1.9615596962619622e-17
1.9709866999082117e-17
1.9945542090238366e-17
2.0039812126700873e-17
2.0228352199625863e-17
2.0369757254319618e-17
2.0464027290782125e-17
2.055829732724462e-17
2.0652567363707127e-17
2.079397241840087e-17
2.0935377473094624e-17
2.102964750955712e-17
2.121818758248212e-17
2.1359592637175876e-17
2.145386267363837e-17
2.1595267728332126e-17
2.168953776479462e-17
2.1830942819488375e-17
2.197234787418213e-17
2.2066617910644625e-17
2.220802296533838e-17
2.239656303826337e-17
2.263223812941962e-17
2.2773643184113374e-17
2.291504823880713e-17
2.3056453293500883e-17
2.3150723329963378e-17
2.3244993366425873e-17
2.333926340288838e-17
2.357493849404463e-17
2.3669208530507125e-17
2.381061358520088e-17
2.3904883621663374e-17
2.404628867635713e-17
2.4140558712819624e-17
2.4423368822207133e-17
2.4564773876900876e-17
2.4659043913363383e-17
2.4894719004519633e-17
2.5036124059213375e-17
2.5224664132138377e-17
2.541320420506338e-17
2.5554609259757134e-17
2.569601431445089e-17
2.583741936914463e-17
2.5931689405607138e-17
2.607309446030088e-17
2.6167364496763388e-17
2.6450174606150885e-17
2.6591579660844627e-17
2.6685849697307135e-17
2.678011973376963e-17
2.6874389770232137e-17
2.706292984315714e-17
2.7157199879619634e-17
2.7345739952544636e-17
2.744000998900713e-17
2.7628550061932133e-17
2.776995511662589e-17
2.786422515308838e-17
2.814703526247588e-17
2.824130529893839e-17
2.8335575335400894e-17
2.8476980390094637e-17
2.866552046301964e-17
2.8806925517713393e-17
2.8948330572407136e-17
2.9042600608869643e-17
2.9184005663563385e-17
2.927827570002589e-17
2.937254573648839e-17
2.946681577295088e-17
2.956108580941339e-17
2.96553558458759e-17
2.974962588233839e-17
2.9938165955263394e-17
3.0079571009957136e-17
3.0173841046419644e-17
3.026811108288214e-17
3.0409516137575893e-17
3.050378617403839e-17
3.064519122873214e-17
3.073946126519464e-17
3.0833731301657145e-17
3.09751363563509e-17
3.111654141104464e-17
3.135221650220089e-17
3.14464865386634e-17
3.1540756575125894e-17
3.163502661158839e-17
3.1729296648050896e-17
3.187070170274464e-17
3.205924177566964e-17
3.2200646830363395e-17
3.23891869032884e-17
3.248345693975089e-17
3.262486199444465e-17
3.2907672103832144e-17
3.30490771585259e-17
3.3143347194988394e-17
3.32376172314509e-17
3.3331887267913396e-17
3.3614697377300905e-17
3.3850372468457155e-17
3.4038912541382145e-17
3.413318257784465e-17
3.422745261430716e-17
3.436885766900089e-17
3.446312770546341e-17
3.460453276015714e-17
3.469880279661966e-17
3.484020785131339e-17
3.498161290600717e-17
3.51230179607009e-17
3.526442301539465e-17
3.540582807008841e-17
3.55000981065509e-17
3.5641503161244657e-17
3.5877178252400907e-17
3.620712338001965e-17
3.6489933489407136e-17
3.6631338544100915e-17
3.6867013635257165e-17
3.7055553708182155e-17
3.7149823744644674e-17
3.7291228799338404e-17
3.7479768872263394e-17
3.7574038908725914e-17
3.7715443963419644e-17
3.785684901811342e-17
3.809252410926967e-17
3.828106418219466e-17
3.837533421865716e-17
3.851673927335091e-17
3.865814432804464e-17
3.875241436450716e-17
3.889381941920089e-17
3.903522447389467e-17
3.912949451035714e-17
3.927089956505092e-17
3.945943963797591e-17
3.955370967443843e-17
3.96479797109009e-17
3.988365480205715e-17
4.002505985675093e-17
4.01193298932134e-17
4.026073494790718e-17
4.035500498436965e-17
4.0543545057294664e-17
4.0779220148450913e-17
4.087349018491341e-17
4.101489523960716e-17
4.110916527606966e-17
4.120343531253218e-17
4.129770534899465e-17
4.148624542191966e-17
4.158051545838216e-17
4.172192051307591e-17
4.1863325567769666e-17
4.2004730622463396e-17
4.2146135677157176e-17
4.224040571361967e-17
4.2334675750082166e-17
4.2523215823007155e-17
4.271175589593217e-17
4.2806025932394665e-17
4.2994566005319655e-17
4.3135971060013434e-17
4.3230241096475904e-17
4.3324511132938424e-17
4.341878116940092e-17
4.3560186224094673e-17
4.365445626055717e-17
4.3748726297019663e-17
4.389013135171342e-17
4.398440138817591e-17
4.407867142463843e-17
4.422007647933216e-17
4.436148153402592e-17
4.445575157048841e-17
4.4597156625182167e-17
4.483283171633844e-17
4.492710175280091e-17
4.502137178926343e-17
4.520991186218842e-17
4.530418189865094e-17
4.544558695334467e-17
4.5586992008038425e-17
4.572839706273218e-17
4.586980211742591e-17
4.6058342190350924e-17
4.624688226327594e-17
4.638828731796967e-17
4.6529692372663424e-17
4.662396240912592e-17
4.671823244558844e-17
4.681250248205091e-17
4.695390753674469e-17
4.709531259143842e-17
4.723671764613217e-17
4.7425257719057187e-17
4.7613797791982177e-17
4.7896607901369686e-17
4.8085147974294676e-17
4.8179418010757195e-17
4.8320823065450925e-17
4.8415093101913445e-17
4.8509363138375915e-17
4.869790321130093e-17
4.8886443284225944e-17
4.9074983357150934e-17
4.916925339361343e-17
4.9263523430075924e-17
4.940492848476968e-17
4.9546333539463433e-17
4.964060357592593e-17
4.997054870354467e-17
5.006481874000719e-17
5.020622379470092e-17
5.03476288493947e-17
5.053616892231969e-17
5.0630438958782186e-17
5.077184401347594e-17
5.091324906816967e-17
5.100751910463219e-17
5.114892415932592e-17
5.124319419578844e-17
5.1337464232250935e-17
