3.65603993667618e-19
5.587277486823218e-19
7.035705649433681e-19
8.484133812044144e-19
9.449752587117663e-19
1.0898180749728003e-18
1.2829418299875287e-18
1.3795037074948682e-18
1.4760655850022324e-18
1.6209084012632787e-18
1.7174702787706306e-18
1.9105940337853467e-18
2.007155911292711e-18
2.103717788800075e-18
2.441684360075825e-18
2.586527176336847e-18
2.683089053844211e-18
2.7796509313515753e-18
2.9244937476126216e-18
3.1176175026273253e-18
3.2624603188883716e-18
3.3590221963957235e-18
3.4555840739030754e-18
3.5521459514104396e-18
3.8418315839325076e-18
3.986674400193554e-18
4.083236277700918e-18
4.17979815520827e-18
4.276360032715622e-18
4.46948378773035e-18
4.759169420252418e-18
4.952293175267147e-18
5.048855052774486e-18
5.1936978690355325e-18
5.435102562803918e-18
5.579945379064965e-18
5.724788195326011e-18
5.821350072833363e-18
5.917911950340715e-18
6.014473827848079e-18
6.159316644109125e-18
6.255878521616465e-18
6.400721337877511e-18
6.5455641541385574e-18
6.690406970399579e-18
6.9318116641679896e-18
7.028373541675341e-18
7.221497296690058e-18
7.366340112951104e-18
7.559463867965808e-18
7.656025745473172e-18
7.849149500487888e-18
7.993992316748922e-18
8.18711607176365e-18
8.380239826778354e-18
8.5250826430394e-18
8.669925459300434e-18
8.86304921431515e-18
8.95961109182249e-18
9.2010157855909e-18
9.297577663098265e-18
9.394139540605629e-18
9.490701418112993e-18
9.63554423437404e-18
9.732106111881354e-18
9.828667989388719e-18
9.925229866896083e-18
1.0021791744403447e-17
1.0166634560664493e-17
1.0263196438171858e-17
1.0359758315679222e-17
1.0456320193186586e-17
1.074600582570863e-17
1.0842567703215993e-17
1.0939129580723358e-17
1.1035691458230722e-17
1.1180534274491768e-17
1.1373658029506447e-17
1.1470219907013811e-17
1.1566781784521176e-17
1.166334366202854e-17
1.1953029294550633e-17
1.2049591172057997e-17
1.2242714927072676e-17
1.2387557743333722e-17
1.2532400559594768e-17
1.2677243375855815e-17
1.2822086192116861e-17
1.2966929008377883e-17
1.3208333702146269e-17
1.3449738395914679e-17
1.3642862150929408e-17
1.3835985905944087e-17
1.393254778345145e-17
1.4077390599712497e-17
1.4270514354727226e-17
1.4463638109741954e-17
1.460848092600295e-17
1.4753323742263997e-17
1.484988561977136e-17
1.504300937478609e-17
1.5236133129800818e-17
1.538097594606184e-17
1.547753782356918e-17
1.5670661578583908e-17
1.5815504394844954e-17
1.5960347211106e-17
1.6056909088613365e-17
1.6201751904874386e-17
1.639487565988909e-17
1.66362803536575e-17
1.6732842231164865e-17
1.687768504742591e-17
1.7022527863686933e-17
1.7119089741194272e-17
1.7312213496209e-17
1.7408775373716365e-17
1.7650180067484776e-17
1.7795022883745822e-17
1.7891584761253137e-17
1.79881466387605e-17
1.8132989455021547e-17
1.8374394148789958e-17
1.8470956026297322e-17
1.8567517903804686e-17
1.8808922597573047e-17
1.8905484475080412e-17
1.9002046352587776e-17
1.9291731985109868e-17
1.9484855740124572e-17
1.9677979495139276e-17
1.9822822311400322e-17
1.996766512766137e-17
2.0112507943922415e-17
2.0402193576444458e-17
2.0498755453951822e-17
2.064359827021287e-17
2.0836722025227597e-17
2.1029845780242326e-17
2.1222969535257005e-17
2.136781235151805e-17
2.1464374229025415e-17
2.160921704528646e-17
2.1705778922793826e-17
2.180234080030119e-17
2.1947183616562187e-17
2.204374549406955e-17
2.2285150187837962e-17
2.247827394285269e-17
2.2767959575374733e-17
2.2864521452882098e-17
2.3057645207896826e-17
2.3202488024157872e-17
2.33956117791726e-17
2.3492173656679965e-17
2.3637016472940962e-17
2.3781859289202008e-17
2.3878421166709372e-17
2.4119825860477783e-17
2.426466867673883e-17
2.436123055424617e-17
2.4554354309260873e-17
2.47474780642756e-17
2.4844039941782965e-17
2.5037163696797694e-17
2.5182006513058715e-17
2.5326849329319737e-17
2.5471692145580783e-17
2.5664815900595512e-17
2.585793965561024e-17
2.6002782471871262e-17
2.60993443493786e-17
2.6195906226885965e-17
2.6340749043147012e-17
2.6437310920654376e-17
2.6582153736915422e-17
2.672699655317647e-17
2.6920120308191148e-17
2.7016682185698512e-17
2.720980594071324e-17
2.7596053450742697e-17
2.7740896267003694e-17
2.793402002201842e-17
2.807886283827947e-17
2.832026753204788e-17
2.84651103483089e-17
2.8706515042077287e-17
2.880307691958465e-17
2.8899638797092015e-17
2.9092762552106744e-17
2.918932442961411e-17
2.928588630712142e-17
2.943072912338247e-17
2.96238528783972e-17
2.972041475590456e-17
2.986525757216561e-17
3.0010100388426654e-17
3.010666226593397e-17
3.0251505082195016e-17
3.039634789845606e-17
3.0686033530978155e-17
3.087915728599286e-17
3.102400010225388e-17
3.1120561979761244e-17
3.121712385726861e-17
3.1361966673529655e-17
3.15068094897907e-17
3.165165230605175e-17
3.1796495122312744e-17
3.198961887732747e-17
3.213446169358852e-17
3.2231023571095883e-17
3.237586638735693e-17
3.256899014237161e-17
3.276211389738634e-17
3.2906956713647383e-17
3.305179952990843e-17
3.33414851624305e-17
3.35346089174452e-17
3.3631170794952566e-17
3.372773267245993e-17
3.3872575488720976e-17
3.4065699243735705e-17
3.4258822998750384e-17
3.435538487625775e-17
3.445194675376511e-17
3.464507050877984e-17
3.4741632386287205e-17
3.4934756141301933e-17
3.503131801880925e-17
3.512787989631661e-17
3.527272271257766e-17
3.536928459008502e-17
3.546584646759239e-17
3.556240834509975e-17
3.57072511613608e-17
3.580381303886814e-17
3.594865585512916e-17
3.614177961014389e-17
3.623834148765125e-17
3.63831843039123e-17
3.647974618141966e-17
3.667286993643434e-17
3.686599369144907e-17
3.7252241201478526e-17
3.739708401773955e-17
3.754192683400057e-17
3.7686769650261616e-17
3.7879893405276344e-17
3.802473622153739e-17
3.8121298099044755e-17
3.8314421854059434e-17
3.84109837315668e-17
3.850754560907416e-17
3.8604107486581526e-17
3.874895030284257e-17
3.889379311910362e-17
3.90869168741183e-17
3.918347875162566e-17
3.937660250664039e-17
3.9473164384147755e-17
3.956972626165512e-17
3.9666288139162483e-17
3.9907692832930845e-17
4.000425471043821e-17
4.024565940420662e-17
4.043878315922135e-17
4.0583625975482394e-17
4.072846879174339e-17
4.0825030669250755e-17
4.092159254675812e-17
4.1018154424265484e-17
4.121127817928021e-17
4.135612099554126e-17
4.150096381180228e-17
4.16458066280633e-17
4.179064944432435e-17
4.1983773199339076e-17
4.208033507684644e-17
4.222517789310749e-17
4.251486352562953e-17
4.2659706341890577e-17
4.3045953851920033e-17
4.319079666818103e-17
4.338392042319576e-17
4.357704417821049e-17
4.367360605571785e-17
4.3770167933225216e-17
4.386672981073258e-17
4.410813450450094e-17
4.4204696382008305e-17
4.434953919826935e-17
4.44943820145304e-17
4.4687505769545126e-17
4.478406764705244e-17
4.492891046331349e-17
4.502547234082085e-17
4.51703151570819e-17
4.526687703458926e-17
4.5363438912096626e-17
4.546000078960399e-17
4.570140548337235e-17
4.58462482996334e-17
4.594281017714076e-17
4.613593393215549e-17
4.6377338625923877e-17
4.65221814421849e-17
4.661874331969226e-17
4.681186707470699e-17
4.6908428952214355e-17
4.700499082972172e-17
4.7149833645982766e-17
4.724639552349008e-17
4.743951927850481e-17
4.7536081156012173e-17
4.7777485849780584e-17
4.801889054354897e-17
4.816373335980999e-17
4.8260295237317355e-17
4.8453418992332084e-17
4.854998086983945e-17
4.8694823686100494e-17
4.8887947441115173e-17
4.9129352134883584e-17
4.932247588989831e-17
4.951559964491304e-17
4.966044246117406e-17
4.9805285277435084e-17
4.990184715494245e-17
5.0094970909957177e-17
5.043293748123295e-17
5.0529499358740266e-17
5.0722623113754995e-17
5.0915746868769723e-17
5.101230874627709e-17
5.1205432501291816e-17
5.1301994378799155e-17
