4.77417630915196e-19
5.63974994140245e-19
6.5053235736530635e-19
7.370897205903554e-19
8.236470838154167e-19
9.96761810265527e-19
1.1265978551031129e-18
1.213155218328162e-18
1.2997125815532232e-18
1.5161059896158704e-18
1.645942034453444e-18
1.7324993976785053e-18
1.8190567609035543e-18
1.94889280574114e-18
2.0354501689662015e-18
2.2518435770288363e-18
2.511515666704008e-18
2.641351711541594e-18
2.7711877563791674e-18
2.8577451196042287e-18
2.94430248282929e-18
3.030859846054339e-18
3.1174172092794004e-18
3.2472532541169862e-18
3.3770892989545598e-18
3.5502040254046824e-18
3.680040070242268e-18
3.853154796692366e-18
3.939712159917428e-18
4.112826886367538e-18
4.199384249592599e-18
4.329220294430185e-18
4.415777657655234e-18
4.5888923841053445e-18
4.675449747330406e-18
4.848564473780516e-18
4.935121837005565e-18
5.0216792002306266e-18
5.1515152450682124e-18
5.324629971518323e-18
5.411187334743384e-18
5.541023379580958e-18
5.757416787643605e-18
6.017088877318764e-18
6.190203603768887e-18
6.363318330218997e-18
6.4498756934440585e-18
6.579711738281632e-18
6.7528264647317424e-18
6.882662509569328e-18
7.099055917631963e-18
7.228891962469549e-18
7.445285370532196e-18
7.531842733757257e-18
7.661678778594831e-18
7.834793505044941e-18
8.051186913107589e-18
8.181022957945162e-18
8.310859002782748e-18
8.440695047620334e-18
8.613809774070456e-18
8.700367137295505e-18
8.830203182133091e-18
9.003317908583202e-18
9.089875271808263e-18
9.306268679870898e-18
9.479383406321008e-18
9.56594076954607e-18
9.652498132771118e-18
9.91217022244629e-18
1.0042006267283876e-17
1.0215120993733986e-17
1.0301678356959035e-17
1.0431514401796621e-17
1.0604629128246732e-17
1.0734465173084317e-17
1.0907579899534428e-17
1.0994137262759489e-17
1.1080694625984538e-17
1.1210530670822124e-17
1.1470202760497296e-17
1.1556760123722345e-17
1.1643317486947406e-17
1.1859710895010053e-17
1.1989546939847627e-17
1.2119382984685213e-17
1.2249219029522798e-17
1.2422333755972909e-17
1.2638727164035544e-17
1.2725284527260605e-17
1.3071513980160826e-17
1.3158071343385887e-17
1.3287907388223473e-17
1.3417743433061059e-17
1.3547579477898632e-17
1.3677415522736218e-17
1.3850530249186328e-17
1.393708761241139e-17
1.402364497563645e-17
1.41102023388615e-17
1.419675970208655e-17
1.4326595746924135e-17
1.445643179176172e-17
1.4586267836599307e-17
1.4759382563049417e-17
1.4889218607887003e-17
1.4975775971112064e-17
1.5062333334337113e-17
1.51921693791747e-17
1.5278726742399748e-17
1.536528410562481e-17
1.5495120150462395e-17
1.5668234876912506e-17
1.5841349603362616e-17
1.5927906966587677e-17
1.6144300374650312e-17
1.6360693782712947e-17
1.6447251145938008e-17
1.662036587238812e-17
1.696659532528834e-17
1.7139710051738462e-17
1.7269546096576035e-17
1.739938214141362e-17
1.7485939504638683e-17
1.761577554947627e-17
1.7702332912701318e-17
1.778889027592638e-17
1.7918726320763952e-17
1.8005283683989014e-17
1.81351197288266e-17
1.8351513136889234e-17
1.8438070500114296e-17
1.8567906544951882e-17
1.8697742589789467e-17
1.8784299953014516e-17
1.8870857316239578e-17
1.8957414679464627e-17
1.9043972042689688e-17
1.92170867691398e-17
1.9346922813977384e-17
1.9433480177202433e-17
1.956331622204002e-17
1.9779709630102666e-17
1.9866266993327715e-17
1.9952824356552777e-17
2.0039381719777826e-17
2.0255775127840473e-17
2.038561117267806e-17
2.0515447217515632e-17
2.0688561943965743e-17
2.0775119307190804e-17
2.0948234033640914e-17
2.10780700784785e-17
2.1207906123316086e-17
2.1294463486541135e-17
2.142429953137872e-17
2.1554135576216307e-17
2.1683971621053893e-17
2.1770528984278942e-17
2.198692239234159e-17
2.207347975556665e-17
2.21600371187917e-17
2.2246594482016748e-17
2.2549545253304457e-17
2.2809217342979616e-17
2.2982332069429726e-17
2.3068889432654788e-17
2.3198725477492374e-17
2.3371840203942484e-17
2.3544954930392594e-17
2.3804627020067754e-17
2.3891184383292815e-17
2.40210204281304e-17
2.4107577791355462e-17
2.419413515458051e-17
2.4410528562643146e-17
2.4540364607480732e-17
2.4626921970705793e-17
2.4713479333930854e-17
2.4843315378768428e-17
2.5016430105218538e-17
2.51029874684436e-17
2.5319380876506247e-17
2.544921692134382e-17
2.5535774284568882e-17
2.562233164779393e-17
2.5708889011018992e-17
2.596856110069415e-17
2.6055118463919213e-17
2.61849545087568e-17
2.627151187198186e-17
2.6401347916819446e-17
2.6574462643269544e-17
2.6661020006494605e-17
2.6747577369719666e-17
2.6834134732944715e-17
2.6920692096169777e-17
2.7007249459394826e-17
2.7223642867457473e-17
2.7310200230682522e-17
2.7396757593907583e-17
2.752659363874517e-17
2.7656429683582743e-17
2.787282309164539e-17
2.80459378180955e-17
2.821905254454561e-17
2.830560990777067e-17
2.843544595260826e-17
2.8565281997445844e-17
2.865183936067089e-17
2.878167540550848e-17
2.8911511450346064e-17
2.9084626176796175e-17
2.921446222163375e-17
2.9344298266471334e-17
2.9517412992921457e-17
2.9603970356146506e-17
2.973380640098409e-17
2.982036376420914e-17
2.9950199809046726e-17
3.008003585388431e-17
3.0166593217109374e-17
3.0339707943559484e-17
3.046954398839707e-17
3.055610135162212e-17
3.064265871484718e-17
3.072921607807224e-17
3.081577344129729e-17
3.0945609486134876e-17
3.107544553097246e-17
3.120528157581005e-17
3.12918389390351e-17
3.1378396302260146e-17
3.150823234709773e-17
3.1594789710322793e-17
3.172462575516038e-17
3.189774048161049e-17
3.2027576526448075e-17
3.2200691252898186e-17
3.2460363342573345e-17
3.2546920705798406e-17
3.2720035432248517e-17
3.289315015869863e-17
3.302298620353621e-17
3.3109543566761274e-17
3.323937961159886e-17
3.341249433804897e-17
3.349905170127402e-17
3.358560906449908e-17
3.367216642772413e-17
3.3802002472561716e-17
3.388855983578678e-17
3.401839588062435e-17
3.4148231925461936e-17
3.432134665191206e-17
3.440790401513711e-17
3.449446137836217e-17
3.458101874158722e-17
3.4710854786424804e-17
3.4797412149649866e-17
3.4970526876099976e-17
3.5057084239325025e-17
3.5143641602550086e-17
3.5316756329000197e-17
3.544659237383778e-17
3.5533149737062844e-17
3.570626446351294e-17
3.5792821826738003e-17
3.592265787157559e-17
3.6052493916413175e-17
3.6139051279638224e-17
3.626888732447581e-17
3.635544468770087e-17
3.644200205092592e-17
3.652855941415098e-17
3.670167414060109e-17
3.678823150382614e-17
3.6961346230276263e-17
3.704790359350131e-17
3.71777396383389e-17
3.726429700156395e-17
3.7394133046401533e-17
3.7567247772851656e-17
3.7653805136076705e-17
3.7740362499301766e-17
3.787019854413934e-17
3.79567559073644e-17
3.804331327058946e-17
3.821642799703957e-17
3.8346264041877146e-17
3.843282140510221e-17
3.8649214813164855e-17
3.877905085800244e-17
3.895216558445254e-17
3.90387229476776e-17
3.9168558992515186e-17
3.925511635574025e-17
3.938495240057782e-17
3.947150976380288e-17
3.955806712702793e-17
3.9731181853478054e-17
3.986101789831564e-17
3.994757526154069e-17
4.01206899879908e-17
4.020724735121586e-17
4.029380471444091e-17
4.0423640759278495e-17
4.0510198122503544e-17
4.0596755485728605e-17
4.0683312848953667e-17
4.081314889379125e-17
4.094298493862884e-17
4.1202657028304e-17
4.128921439152906e-17
4.137577175475411e-17
4.163544384442928e-17
4.172200120765433e-17
4.180855857087939e-17
4.1938394615716976e-17
4.202495197894204e-17
4.2198066705392135e-17
4.245773879506731e-17
4.263085352151742e-17
4.2760689566355003e-17
4.2847246929580065e-17
4.3020361656030175e-17
4.3106919019255236e-17
4.3193476382480285e-17
4.345314847215546e-17
4.358298451699304e-17
4.379937792505568e-17
4.3885935288280727e-17
4.397249265150579e-17
4.4102328696343374e-17
4.4275443422793484e-17
4.4448558149243595e-17
4.457839419408118e-17
4.4708230238918766e-17
4.483806628375634e-17
4.49246236469814e-17
4.509773837343151e-17
4.518429573665657e-17
4.5270853099881634e-17
4.540068914471921e-17
4.548724650794427e-17
4.557380387116932e-17
4.5703639916006904e-17
4.5790197279231965e-17
4.5876754642457014e-17
4.5963312005682076e-17
4.622298409535725e-17
4.635282014019483e-17
4.652593486664493e-17
4.661249222986999e-17
4.674232827470758e-17
4.6958721682770213e-17
4.70885577276078e-17
4.726167245405791e-17
4.7391508498895495e-17
4.7564623225345605e-17
4.782429531502078e-17
4.791085267824584e-17
4.799741004147089e-17
4.834363949437111e-17
4.860331158404628e-17
4.868986894727133e-17
4.877642631049639e-17
4.886298367372145e-17
4.912265576339661e-17
4.920921312662167e-17
4.933904917145926e-17
4.9468885216296844e-17
4.959872126113442e-17
4.968527862435948e-17
4.9815114669197065e-17
4.9901672032422114e-17
4.9988229395647175e-17
5.0074786758872236e-17
5.020462280370981e-17
5.0334458848547396e-17
5.042101621177246e-17
5.0507573574997506e-17
5.063740961983509e-17
5.076724566467268e-17
5.0897081709510264e-17
5.102691775434785e-17
5.11134751175729e-17
5.1329868525635533e-17
