3.6896999966126526e-19
4.793015104829433e-19
5.8963302130462125e-19
8.654617983588162e-19
9.757933091804942e-19
1.0861248200021722e-18
1.1964563308238502e-18
1.3067878416455282e-18
1.4171193524672062e-18
1.5826166186997232e-18
1.7481138849322402e-18
1.9136111511647572e-18
2.0791084173972742e-18
2.1894399282189522e-18
2.3549371944514692e-18
2.520434460683986e-18
2.685931726916503e-18
2.85142899314902e-18
3.127257770203215e-18
3.292755036435732e-18
3.4582523026682245e-18
3.5685838134899025e-18
3.7340810797224195e-18
3.8995783459549365e-18
4.0650756121874535e-18
4.2305728784199705e-18
4.4512359000633265e-18
4.6718989217066825e-18
4.8373961879391995e-18
5.1132249649933945e-18
5.3338879866367504e-18
5.4442194974584284e-18
5.5545510082801064e-18
5.6648825191017844e-18
6.1062085623884964e-18
6.2165400732101744e-18
6.4923688502643694e-18
6.602700361086023e-18
6.713031871907701e-18
6.933694893551057e-18
7.044026404372735e-18
7.26468942601609e-18
7.375020936837769e-18
7.595683958481125e-18
7.81634698012448e-18
7.981844246356998e-18
8.092175757178676e-18
8.257673023411193e-18
8.478336045054549e-18
8.809330577519583e-18
8.9748278437521e-18
9.140325109984617e-18
9.360988131627973e-18
9.581651153271329e-18
9.857479930325499e-18
9.967811441147177e-18
1.0133308707379694e-17
1.035397172902305e-17
1.0464303239844728e-17
1.0574634750666406e-17
1.0740132016898923e-17
1.1181458060185635e-17
1.1291789571007313e-17
1.145728683723983e-17
1.1622784103472347e-17
1.2119275902169898e-17
1.2284773168402415e-17
1.2505436190045771e-17
1.2615767700867449e-17
1.2836430722510805e-17
1.3001927988743297e-17
1.3332922521208331e-17
1.3498419787440848e-17
1.3663917053673365e-17
1.3774248564495043e-17
1.393974583072756e-17
1.4050077341549238e-17
1.4160408852370916e-17
1.4270740363192594e-17
1.4381071874014272e-17
1.4601734895657628e-17
1.4767232161890145e-17
1.49878951835335e-17
1.5153392449766018e-17
1.553955273764189e-17
1.564988424846357e-17
1.592571302551774e-17
1.6146376047161096e-17
1.636703906880445e-17
1.6808365112091163e-17
1.697386237832368e-17
1.7139359644556197e-17
1.7360022666199553e-17
1.758068568784291e-17
1.7746182954075426e-17
1.7911680220307943e-17
1.802201173112962e-17
1.81323432419513e-17
1.8242674752772977e-17
1.8518503529827172e-17
1.8849498062292206e-17
1.8959829573113884e-17
1.9125326839346377e-17
1.9235658350168055e-17
1.9345989860989733e-17
1.951148712722225e-17
1.9621818638043928e-17
1.9787315904276445e-17
2.011831043674148e-17
2.0228641947563157e-17
2.0394139213795674e-17
2.055963648002819e-17
2.066996799084987e-17
2.0835465257082386e-17
2.0945796767904064e-17
2.1276791300369098e-17
2.1442288566601615e-17
2.1552620077423293e-17
2.166295158824497e-17
2.1883614609888327e-17
2.1993946120710005e-17
2.2159443386942522e-17
2.2324940653175014e-17
2.254560367481837e-17
2.2711100941050887e-17
2.2986929718105082e-17
2.31524269843376e-17
2.3317924250570116e-17
2.359375302762431e-17
2.3814416049267667e-17
2.3924747560089345e-17
2.425574209255438e-17
2.4476405114197735e-17
2.4586736625019413e-17
2.469706813584109e-17
2.480739964666277e-17
2.4917731157484447e-17
2.5028062668306125e-17
2.5193559934538642e-17
2.530389144536032e-17
2.5469388711592812e-17
2.563488597782533e-17
2.5745217488647007e-17
2.5965880510290363e-17
2.618654353193372e-17
2.6407206553577075e-17
2.6572703819809592e-17
2.673820108604211e-17
2.6903698352274626e-17
2.7069195618507143e-17
2.723469288473966e-17
2.7345024395561338e-17
2.7565687417204694e-17
2.773118468343721e-17
2.789668194966973e-17
2.8007013460491406e-17
2.8117344971313084e-17
2.822767648213476e-17
2.844833950377812e-17
2.866900252542145e-17
2.8834499791653966e-17
2.8944831302475644e-17
2.927582583494068e-17
2.9386157345762356e-17
2.9496488856584034e-17
2.977231763363823e-17
2.988264914445991e-17
3.0048146410692424e-17
3.032397518774662e-17
3.076530123103333e-17
3.093079849726585e-17
3.1041130008087526e-17
3.1151461518909204e-17
3.131695878514172e-17
3.148245605137424e-17
3.170311907301757e-17
3.181345058383925e-17
3.1923782094660926e-17
3.2034113605482604e-17
3.214444511630428e-17
3.225477662712596e-17
3.2585771159590994e-17
3.275126842582351e-17
3.286159993664519e-17
3.2971931447466867e-17
3.3082262958288545e-17
3.324776022452106e-17
3.335809173534274e-17
3.3523589001575257e-17
3.374425202321861e-17
3.390974928945113e-17
3.402008080027281e-17
3.4240743821916164e-17
3.440624108814868e-17
3.451657259897036e-17
3.4737235620613715e-17
3.484756713143537e-17
3.4957898642257046e-17
3.512339590848956e-17
3.528889317472208e-17
3.5564721951776275e-17
3.578538497341963e-17
3.589571648424131e-17
3.600604799506299e-17
3.6116379505884665e-17
3.622671101670634e-17
3.639220828293886e-17
3.655770554917138e-17
3.6668037059993055e-17
3.677836857081473e-17
3.699903159245809e-17
3.7164528858690606e-17
3.738519188033396e-17
3.760585490197732e-17
3.7716186412798996e-17
3.793684943444233e-17
3.8047180945264005e-17
3.821267821149652e-17
3.837817547772904e-17
3.848850698855072e-17
3.8598838499372395e-17
3.8709170010194073e-17
3.887466727642659e-17
3.9095330298069946e-17
3.9205661808891624e-17
3.942632483053498e-17
3.95918220967675e-17
3.9757319363000014e-17
4.003314814005421e-17
4.0198645406286726e-17
4.063997144957344e-17
4.0805468715805955e-17
4.1081297492860126e-17
4.1191629003681803e-17
4.135712626991432e-17
4.152262353614684e-17
4.179845231320103e-17
4.201911533484439e-17
4.2184612601076905e-17
4.240527562272026e-17
4.262593864436362e-17
4.2791435910596134e-17
4.290176742141781e-17
4.301209893223949e-17
4.317759619847201e-17
4.3287927709293685e-17
4.3398259220115363e-17
4.350859073093704e-17
4.361892224175872e-17
4.37292537525804e-17
4.3949916774223753e-17
4.406024828504543e-17
4.4225745551277924e-17
4.450157432833212e-17
4.4611905839153797e-17
4.4777403105386314e-17
4.499806612702967e-17
4.5163563393262187e-17
4.5273894904083865e-17
4.543939217031638e-17
4.56048894365489e-17
4.5715220947370577e-17
4.5825552458192255e-17
4.593588396901393e-17
4.610138123524645e-17
4.6322044256889806e-17
4.648754152312232e-17
4.670820454476568e-17
4.6818536055587357e-17
4.6984033321819874e-17
4.720469634346323e-17
4.74805251205174e-17
4.7701188142160756e-17
4.7811519652982434e-17
4.814251418544747e-17
4.841834296250166e-17
4.8859669005788375e-17
4.902516627202089e-17
4.913549778284257e-17
4.930099504907509e-17
4.9411326559896765e-17
4.957682382612928e-17
4.979748684777264e-17
5.0018149869415994e-17
5.018364713564851e-17
5.034914440188103e-17
5.0459475912702706e-17
5.0735304689756876e-17
5.0845636200578554e-17
5.101113346681107e-17
5.117663073304359e-17
5.1286962243865266e-17
