4.406635185123834e-19
5.318237060167499e-19
6.229838935211287e-19
7.141440810255075e-19
8.05304268529874e-19
9.876246435386193e-19
1.1243649247951752e-18
1.3066852998039329e-18
1.5801658623170447e-18
1.76248623732579e-18
1.8536464248301688e-18
1.9903867060867247e-18
2.0815468935910912e-18
2.2182871748476594e-18
2.446187643608594e-18
2.6740881123695166e-18
2.7652482998738954e-18
2.8564084873782742e-18
3.0387288623870072e-18
3.129889049891386e-18
3.266629331147942e-18
3.40336961240451e-18
3.540109893661066e-18
3.81359045617419e-18
3.995910831182923e-18
4.223811299943858e-18
4.314971487448237e-18
4.451711768704793e-18
4.634032143713538e-18
4.816352518722283e-18
4.9530927999788515e-18
5.0898330812354074e-18
5.3633136437485315e-18
5.454473831252898e-18
5.5456340187572645e-18
5.636794206261643e-18
5.727954393766022e-18
5.819114581270389e-18
5.955854862526957e-18
6.183755331287879e-18
6.411655800048814e-18
6.593976175057559e-18
6.730716456314115e-18
6.821876643818494e-18
6.913036831322873e-18
7.00419701882724e-18
7.095357206331606e-18
7.32325767509254e-18
7.41441786259692e-18
7.596738237605665e-18
7.8246387063666e-18
7.961378987623155e-18
8.052539175127522e-18
8.18927945638409e-18
8.326019737640646e-18
8.462760018897214e-18
8.645080393905947e-18
8.781820675162515e-18
8.872980862666882e-18
9.009721143923438e-18
9.146461425180006e-18
9.283201706436562e-18
9.465522081445307e-18
9.556682268949686e-18
9.647842456454053e-18
9.784582737710621e-18
1.0012483206471543e-17
1.0149223487728111e-17
1.0240383675232478e-17
1.0422704050241223e-17
1.0650604519002158e-17
1.0741764706506537e-17
1.0832924894010903e-17
1.0924085081515282e-17
1.1015245269019649e-17
1.1106405456524027e-17
1.1243145737780583e-17
1.1334305925284962e-17
1.1471046206541518e-17
1.1562206394045885e-17
1.179010686280682e-17
1.210916751907212e-17
1.2245907800328689e-17
1.2337067987833055e-17
1.25193883628418e-17
1.261054855034618e-17
1.2747288831602735e-17
1.2838449019107114e-17
1.292960920661148e-17
1.3066349487868037e-17
1.3157509675372415e-17
1.3248669862876794e-17
1.3430990237885527e-17
1.3522150425389906e-17
1.3704470800398651e-17
1.3886791175407397e-17
1.3977951362911775e-17
1.411469164416833e-17
1.4388172206681455e-17
1.4616072675442378e-17
1.4707232862946757e-17
1.4798393050451136e-17
1.498071342545987e-17
1.5163033800468626e-17
1.5299774081725182e-17
1.539093426922956e-17
1.5573254644238294e-17
1.5709994925494862e-17
1.5983475488007974e-17
1.6074635675512353e-17
1.616579586301672e-17
1.6256956050521098e-17
1.6439276425529843e-17
1.65760167067864e-17
1.6667176894290778e-17
1.6803917175547334e-17
1.68950773630517e-17
1.703181764430827e-17
1.7122977831812635e-17
1.7214138019317014e-17
1.735087830057357e-17
1.7578778769334505e-17
1.780667923809544e-17
1.7943419519351995e-17
1.808015980060855e-17
1.817131998811293e-17
1.826248017561731e-17
1.8353640363121675e-17
1.849038064437823e-17
1.858154083188261e-17
1.8809441300643545e-17
1.89461815819001e-17
1.9082921863156657e-17
1.9265242238165402e-17
1.9538722800678526e-17
1.9629882988182893e-17
1.972104317568727e-17
1.981220336319165e-17
1.9994523738200383e-17
2.013126401945695e-17
2.0222424206961318e-17
2.0359164488217874e-17
2.054148486322663e-17
2.0860545519491933e-17
2.09517057069963e-17
2.1088445988252867e-17
2.1225186269509423e-17
2.1544246925774725e-17
2.1635407113279103e-17
2.181772748828785e-17
2.1908887675792215e-17
2.2000047863296594e-17
2.213678814455315e-17
2.2273528425809718e-17
2.254700898832283e-17
2.263816917582721e-17
2.291164973834032e-17
2.3093970113349066e-17
2.3185130300853445e-17
2.3276290488357824e-17
2.336745067586219e-17
2.3504190957118746e-17
2.3823251613384047e-17
2.3959991894640615e-17
2.4051152082144982e-17
2.423347245715374e-17
2.4370212738410295e-17
2.4461372925914662e-17
2.459811320717123e-17
2.4780433582179975e-17
2.491717386343653e-17
2.5099494238445277e-17
2.5236234519701833e-17
2.532739470720621e-17
2.5418554894710578e-17
2.5555295175967146e-17
2.5692035457223702e-17
2.578319564472808e-17
2.5919935925984637e-17
2.6102256300993382e-17
2.6238996582249938e-17
2.6330156769754305e-17
2.6466897051010873e-17
2.6694797519771807e-17
2.6877117894780553e-17
2.701385817603711e-17
2.7105018363541488e-17
2.7241758644798043e-17
2.73784989260546e-17
2.7560819301063345e-17
2.7697559582319913e-17
2.778871976982428e-17
2.7925460051080835e-17
2.810778042608958e-17
2.824452070734615e-17
2.8335680894850515e-17
2.847242117610707e-17
2.8745901738620195e-17
2.883706192612456e-17
2.892822211362894e-17
2.901938230113332e-17
2.9201702676142065e-17
2.929286286364643e-17
2.942960314490299e-17
2.965750361366392e-17
2.983982398867267e-17
2.9930984176177046e-17
3.00677244574336e-17
3.025004483244235e-17
3.0341205019946726e-17
3.052352539495547e-17
3.061468558245984e-17
3.0705845769964217e-17
3.084258605122077e-17
3.093374623872515e-17
3.107048651998171e-17
3.1161646707486086e-17
3.125280689499045e-17
3.138954717624701e-17
3.1571867551255754e-17
3.166302773876013e-17
3.179976802001669e-17
3.1936508301273245e-17
3.2118828676282e-17
3.220998886378637e-17
3.2346729145042925e-17
3.2437889332547303e-17
3.252904952005167e-17
3.262020970755605e-17
3.2756949988812605e-17
3.289369027006916e-17
3.298485045757354e-17
3.3121590738830095e-17
3.325833102008665e-17
3.334949120759103e-17
3.3486231488847586e-17
3.3577391676351965e-17
3.3668551863856344e-17
3.375971205136071e-17
3.3850872238865077e-17
3.3987612520121645e-17
3.41243528013782e-17
3.4261093082634757e-17
3.4397833363891325e-17
3.448899355139569e-17
3.458015373890007e-17
3.4671313926404437e-17
3.4762474113908815e-17
3.485363430141318e-17
3.494479448891756e-17
3.5172694957678495e-17
3.530943523893505e-17
3.5491755613943797e-17
3.562849589520035e-17
3.576523617645691e-17
3.585639636396129e-17
3.5993136645217843e-17
3.608429683272222e-17
3.626661720773097e-17
3.6403357488987523e-17
3.654009777024409e-17
3.6722418145252824e-17
3.690473852026158e-17
3.704147880151814e-17
3.7132638989022517e-17
3.7223799176526883e-17
3.731495936403125e-17
3.749727973904001e-17
3.767960011404874e-17
3.78619204890575e-17
3.7998660770314054e-17
3.808982095781843e-17
3.81809811453228e-17
3.8408881614083734e-17
3.8727942270349035e-17
3.8819102457853414e-17
3.900142283286216e-17
3.9183743207870905e-17
3.932048348912746e-17
3.9548383957888395e-17
3.968512423914495e-17
3.977628442664933e-17
3.9913024707905886e-17
4.0004184895410265e-17
4.0186505270419e-17
4.0323245551675566e-17
4.045998583293212e-17
4.0687886301693057e-17
4.082462658294961e-17
4.096136686420618e-17
4.105252705171055e-17
4.128042752047148e-17
4.141716780172804e-17
4.169064836424116e-17
4.178180855174553e-17
4.1964128926754274e-17
4.210086920801084e-17
4.219202939551521e-17
4.2328769676771765e-17
4.251109005178052e-17
4.260225023928489e-17
4.2784570614293634e-17
4.292131089555019e-17
4.3149211364311125e-17
4.342269192682425e-17
4.3559432208080805e-17
4.369617248933736e-17
4.378733267684174e-17
4.3924072958098295e-17
4.415197342685923e-17
4.4379873895620165e-17
4.4653354458133277e-17
4.4835674833142034e-17
4.501799520815077e-17
4.515473548940735e-17
4.5291475770663904e-17
4.5564956333177015e-17
4.570169661443357e-17
4.588401698944233e-17
4.5975177176946683e-17
4.611191745820324e-17
4.620307764570762e-17
4.6339817926964174e-17
4.643097811446855e-17
4.652213830197293e-17
4.665887858322949e-17
4.6750038770733866e-17
4.69323591457426e-17
4.706909942699918e-17
4.7205839708255736e-17
4.738816008326447e-17
4.75704804582732e-17
4.770722073952978e-17
4.784396102078634e-17
4.7935121208290717e-17
4.802628139579507e-17
4.811744158329945e-17
4.820860177080383e-17
4.8345342052060385e-17
4.8436502239564763e-17
4.852766242706914e-17
4.86644027083257e-17
4.884672308333443e-17
4.898346336459101e-17
4.912020364584757e-17
4.9256943927104124e-17
4.939368420836068e-17
4.9530424489617235e-17
4.9621584677121614e-17
4.980390505213035e-17
4.99406453333869e-17
5.007738561464346e-17
5.021412589590004e-17
5.030528608340442e-17
5.0442026364660974e-17
5.062434673966971e-17
5.076108702092629e-17
5.0897827302182844e-17
5.09889874896872e-17
5.1125727770943754e-17
5.126246805220031e-17
