4.507125605368849e-19
5.977406126412489e-19
7.447686647456129e-19
8.427873661485181e-19
1.0878341196557873e-18
1.28387152246161e-18
1.3818902238645152e-18
1.5289182759688915e-18
1.6759463280732431e-18
1.7739650294761607e-18
1.871983730879066e-18
2.01901178298343e-18
2.166039835087794e-18
2.264058536490699e-18
2.5091052899979682e-18
2.6071239914008857e-18
2.803161394206696e-18
2.9501894463110725e-18
3.0482081477139653e-18
3.1952361998183416e-18
3.3422642519226933e-18
3.4402829533256108e-18
3.636320356131421e-18
3.930376460340149e-18
4.028395161743067e-18
4.175423213847418e-18
4.322451265951795e-18
4.469479318056146e-18
4.567498019459064e-18
4.665516720861969e-18
4.812544772966333e-18
4.9105634743692505e-18
5.0085821757721434e-18
5.15561022787652e-18
5.449666332085248e-18
5.547685033488153e-18
5.792731786995422e-18
6.0377785405027035e-18
6.184806592607055e-18
6.3318346447114315e-18
6.429853346114324e-18
6.625890748920147e-18
6.723909450323052e-18
6.82192815172597e-18
6.919946853128875e-18
7.066974905233239e-18
7.410040360143426e-18
7.508059061546331e-18
7.802115165755047e-18
7.949143217859423e-18
8.047161919262328e-18
8.24319932206815e-18
8.390227374172502e-18
8.48824607557542e-18
8.586264776978337e-18
8.782302179784148e-18
8.978339582589983e-18
9.076358283992851e-18
9.321405037500145e-18
9.468433089604521e-18
9.615461141708873e-18
9.713479843111766e-18
9.860507895216142e-18
1.0056545298021977e-17
1.0203573350126304e-17
1.0301592051529222e-17
1.039961075293214e-17
1.0497629454335057e-17
1.0644657506439433e-17
1.079168555854376e-17
1.0889704259946678e-17
1.0987722961349595e-17
1.1085741662752513e-17
1.1281779065558323e-17
1.1379797766961216e-17
1.1526825819065592e-17
1.1673853871169969e-17
1.1820881923274345e-17
1.1918900624677213e-17
1.201691932608013e-17
1.2163947378184507e-17
1.2261966079587424e-17
1.2408994131691776e-17
1.2605031534497586e-17
1.2997106340109232e-17
1.3095125041512125e-17
1.3242153093616501e-17
1.3389181145720877e-17
1.3585218548526663e-17
1.368323724992958e-17
1.3830265302033957e-17
1.4075312055541226e-17
1.4222340107645578e-17
1.4369368159749954e-17
1.451639621185433e-17
1.4614414913257248e-17
1.4761442965361575e-17
1.490847101746595e-17
1.500648971886887e-17
1.5153517770973245e-17
1.5251536472376113e-17
1.534955517377903e-17
1.5447573875181948e-17
1.5594601927286325e-17
1.57416299793907e-17
1.5888658031495028e-17
1.6133704785002322e-17
1.623172348640524e-17
1.6427760889211025e-17
1.667280764271832e-17
1.6819835694822695e-17
1.6966863746927022e-17
1.7162901149732857e-17
1.7309929201837234e-17
1.740794790324015e-17
1.7554975955344478e-17
1.7702004007448854e-17
1.784903205955323e-17
1.7947050760956148e-17
1.8094078813060475e-17
1.8192097514463393e-17
1.833912556656777e-17
1.8486153618672145e-17
1.873120037217939e-17
1.8829219073582307e-17
1.8976247125686684e-17
1.912327517779106e-17
1.9221293879193928e-17
1.9319312580596846e-17
1.951534998340268e-17
1.9662378035507057e-17
1.9809406087611384e-17
1.995643413971576e-17
2.0152471542521595e-17
2.034850894532738e-17
2.04465276467303e-17
2.0593555698834675e-17
2.074058375093905e-17
2.0936621153744837e-17
2.1034639855147755e-17
2.1132658556550672e-17
2.123067725795359e-17
2.14267146607594e-17
2.1573742712863752e-17
2.1867798817072504e-17
2.201482686917683e-17
2.2161854921281208e-17
2.2308882973385584e-17
2.250492037619142e-17
2.2602939077594287e-17
2.2798976480400122e-17
2.2995013883205957e-17
2.309303258460885e-17
2.3240060636713202e-17
2.3387088688817578e-17
2.3485107390220496e-17
2.3632135442324872e-17
2.373015414372774e-17
2.3926191546533575e-17
2.4024210247936493e-17
2.4220247650742303e-17
2.4465294404249572e-17
2.456331310565249e-17
2.4661331807055407e-17
2.4906378560562652e-17
2.500439726196557e-17
2.5102415963368487e-17
2.5298453366174322e-17
2.544548141827865e-17
2.5543500119681567e-17
2.5641518821084484e-17
2.578854687318886e-17
2.5935574925293187e-17
2.618062167880048e-17
2.62786403802034e-17
2.6376659081606316e-17
2.6523687133710643e-17
2.6719724536516478e-17
2.6817743237919396e-17
2.6915761939322313e-17
2.7209818043531017e-17
2.7307836744933934e-17
2.745486479703831e-17
2.7650902199844096e-17
2.7748920901247014e-17
2.789594895335139e-17
2.8091986356157225e-17
2.8190005057560093e-17
2.838604246036593e-17
2.8533070512470305e-17
2.863108921387322e-17
2.877811726597755e-17
2.8876135967380467e-17
2.9023164019484843e-17
2.917019207158922e-17
2.9317220123693546e-17
2.9415238825096464e-17
2.951325752649938e-17
2.966028557860376e-17
2.9807313630708134e-17
3.005236038421538e-17
3.0150379085618296e-17
3.034641648842413e-17
3.049344454052846e-17
3.0689481943334293e-17
3.078750064473721e-17
3.093452869684159e-17
3.1032547398244455e-17
3.117957545034883e-17
3.127759415175175e-17
3.1424622203856125e-17
3.157165025596045e-17
3.166966895736337e-17
3.176768765876629e-17
3.1914715710870664e-17
3.206174376297504e-17
3.215976246437791e-17
3.2355799867183743e-17
3.245381856858666e-17
3.260084662069104e-17
3.279688402349682e-17
3.289490272489974e-17
3.3041930777004117e-17
3.323796817980993e-17
3.343400558261574e-17
3.3581033634720114e-17
3.3777071037525924e-17
3.387508973892882e-17
3.407112714173465e-17
3.421815519383903e-17
3.436518324594338e-17
3.451221129804773e-17
3.465923935015211e-17
3.4806267402256484e-17
3.505131415576373e-17
3.5247351558569564e-17
3.534537025997248e-17
3.5443388961375374e-17
3.5590417013479726e-17
3.5688435714882644e-17
3.583546376698702e-17
3.603150116979283e-17
3.6129519871195723e-17
3.632555727400156e-17
3.666862272891172e-17
3.6913669482419014e-17
3.7158716235926283e-17
3.740376298943355e-17
3.759980039223939e-17
3.7746828444343715e-17
3.789385649644809e-17
3.804088454855247e-17
3.8138903249955385e-17
3.82369219513583e-17
3.833494065276117e-17
3.8481968704865547e-17
3.8628996756969923e-17
3.87760248090743e-17
3.8923052861178626e-17
3.9070080913283e-17
3.921710896538738e-17
3.9364137017491755e-17
3.9609183770999e-17
3.9805221173804835e-17
4.000125857661062e-17
4.0197295979416456e-17
4.0295314680819373e-17
4.044234273292375e-17
4.0687389486430994e-17
4.088342688923683e-17
4.0981445590639747e-17
4.1128473642744074e-17
4.127550169484845e-17
4.137352039625137e-17
4.1471539097654285e-17
4.1667576500460095e-17
4.181460455256445e-17
4.1912623253967365e-17
4.201064195537028e-17
4.21086606567732e-17
4.220667935817609e-17
4.2353707410280444e-17
4.245172611168336e-17
4.2696772865190656e-17
4.279479156659355e-17
4.289281026799644e-17
4.299082896939936e-17
4.3088847670802276e-17
4.323587572290665e-17
4.3333894424309546e-17
4.34809224764139e-17
4.3627950528518273e-17
4.387299728202557e-17
4.4020025334129894e-17
4.411804403553281e-17
4.421606273693573e-17
4.4314081438338647e-17
4.4412100139741564e-17
4.451011884114443e-17
4.460813754254735e-17
4.4755165594651726e-17
4.4853184296054644e-17
4.5049221698860454e-17
4.5196249750964806e-17
4.534327780306918e-17
4.558832455657645e-17
4.5686343257979344e-17
4.583337131008372e-17
4.593139001148664e-17
4.6078418063591015e-17
4.622544611569534e-17
4.632346481709826e-17
4.6470492869202635e-17
4.666653027200847e-17
4.68135583241128e-17
4.700959572691863e-17
4.710761442832155e-17
4.720563312972447e-17
4.7352661181828795e-17
4.754869858463463e-17
4.764671728603755e-17
4.784275468884336e-17
4.794077339024625e-17
4.8087801442350627e-17
4.8234829494455e-17
4.833284819585792e-17
4.8577894949365165e-17
4.867591365076808e-17
4.8773932352171e-17
4.896996975497681e-17
4.911699780708116e-17
4.926402585918554e-17
4.9362044560588456e-17
4.9460063261991374e-17
4.96070913140957e-17
4.970511001549862e-17
4.9803128716901536e-17
4.9901147418304453e-17
5.004817547040883e-17
5.01461941718117e-17
5.0244212873214615e-17
5.039124092531899e-17
5.063628767882626e-17
5.078331573093061e-17
5.1028362484437906e-17
5.117539053654228e-17
