4.2317894190796443e-19
5.903757167672101e-19
7.575724916264434e-19
8.4117087905606e-19
1.0083676539152934e-18
1.1337652350597122e-18
1.3845603973485745e-18
1.5099579784930056e-18
1.6353555596374368e-18
1.7189539470670411e-18
1.8443515282114723e-18
1.9697491093559034e-18
2.0951466905003346e-18
2.1787450779299512e-18
2.262343465359568e-18
2.3459418527891846e-18
2.4295402402188012e-18
2.5967370150780345e-18
2.6803354025076635e-18
2.763933789937268e-18
2.847532177366897e-18
2.972929758511328e-18
3.1401265333705613e-18
3.223724920800178e-18
3.3491225019445968e-18
3.5163192768038424e-18
3.599917664233459e-18
3.683516051663076e-18
3.8089136328074946e-18
3.934311213951926e-18
4.017909601381555e-18
4.1433071825259735e-18
4.22690556995559e-18
4.3941023448148235e-18
4.519499925959255e-18
4.644897507103686e-18
4.770295088248117e-18
4.8538934756777336e-18
5.0628894442517814e-18
5.146487831681398e-18
5.355483800255446e-18
5.43908218768505e-18
5.6898773499739125e-18
5.773475737403529e-18
5.857074124833146e-18
5.940672512262775e-18
6.024270899692379e-18
6.107869287122008e-18
6.2750660619812415e-18
6.4004636431256726e-18
6.5258612242700914e-18
6.609459611699708e-18
6.693057999129337e-18
6.7766563865589414e-18
6.9020539677033726e-18
6.985652355133002e-18
7.069250742562606e-18
7.194648323707037e-18
7.278246711136666e-18
7.487242679710702e-18
7.612640260855133e-18
7.738037841999564e-18
7.82163622942918e-18
7.9470338105736e-18
8.156029779147647e-18
8.365025747721695e-18
8.448624135151312e-18
8.574021716295743e-18
8.741218491154976e-18
8.950214459729024e-18
9.03381284715864e-18
9.15921042830306e-18
9.326407203162305e-18
9.410005590591922e-18
9.493603978021538e-18
9.660800752880784e-18
9.744399140310388e-18
9.911595915169634e-18
1.0036993496314053e-17
1.0204190271173298e-17
1.0329587852317717e-17
1.0413186239747346e-17
1.0538583820891777e-17
1.0663981402036196e-17
1.0872977370610244e-17
1.095657575803986e-17
1.1040174145469477e-17
1.1123772532899094e-17
1.1249170114043525e-17
1.1332768501473142e-17
1.1458166082617573e-17
1.1583563663762004e-17
1.1708961244906423e-17
1.1834358826050842e-17
1.191795721348047e-17
1.2001555600910087e-17
1.2126953182054506e-17
1.2210551569484135e-17
1.2294149956913752e-17
1.241954753805817e-17
1.25031459254878e-17
1.2628543506632231e-17
1.2795740281491464e-17
1.287933866892108e-17
1.30047362500655e-17
1.313013383120993e-17
1.321373221863956e-17
1.3422728187213595e-17
1.3548125768358026e-17
1.3631724155787643e-17
1.3757121736932062e-17
1.3882519318076493e-17
1.4007916899220924e-17
1.409151528665054e-17
1.4258712061509786e-17
1.442590883636902e-17
1.4509507223798624e-17
1.4634904804943055e-17
1.4843900773517103e-17
1.492749916094672e-17
1.501109754837635e-17
1.5136495129520768e-17
1.52618927106652e-17
1.5387290291809617e-17
1.5470888679239246e-17
1.563808545409848e-17
1.5721683841528096e-17
1.5888880616387342e-17
1.601427819753176e-17
1.6181474972390994e-17
1.6306872553535425e-17
1.6390470940965042e-17
1.6515868522109473e-17
1.6641266103253904e-17
1.6808462878113138e-17
1.6892061265542754e-17
1.697565965297237e-17
1.7101057234116802e-17
1.7268254008976035e-17
1.747724997755007e-17
1.75608483649797e-17
1.7728045139838933e-17
1.7853442720983364e-17
1.8020639495842598e-17
1.814603707698703e-17
1.8313233851846262e-17
1.852222982042031e-17
1.8689426595279543e-17
1.8814824176423962e-17
1.889842256385359e-17
1.8982020951283208e-17
1.914921772614244e-17
1.940001288843129e-17
1.960900885700535e-17
1.973440643814977e-17
1.985980401929419e-17
1.9943402406723818e-17
2.006879998786825e-17
2.0277795956442284e-17
2.0361394343871913e-17
2.0528591118731147e-17
2.0653988699875578e-17
2.0737587087305182e-17
2.082118547473481e-17
2.107198063702366e-17
2.1197378218168092e-17
2.128097660559771e-17
2.1364574993027326e-17
2.1448173380456942e-17
2.1615370155316176e-17
2.1698968542745805e-17
2.1824366123890223e-17
2.190796451131984e-17
2.199156289874947e-17
2.2116960479893888e-17
2.224235806103832e-17
2.2325956448467936e-17
2.249315322332717e-17
2.26185508044716e-17
2.2702149191901217e-17
2.286934596676045e-17
2.2952944354190067e-17
2.3078341935334498e-17
2.3161940322764115e-17
2.324553871019373e-17
2.332913709762336e-17
2.3412735485052965e-17
2.357993225991221e-17
2.3747129034771444e-17
2.391432580963069e-17
2.4039723390775108e-17
2.4165120971919527e-17
2.4290518553063958e-17
2.441591613420839e-17
2.4583112909067623e-17
2.466671129649725e-17
2.4750309683926856e-17
2.4833908071356485e-17
2.4959305652500916e-17
2.504290403993052e-17
2.512650242736015e-17
2.5210100814789754e-17
2.5293699202219383e-17
2.5377297589649e-17
2.5502695170793418e-17
2.5586293558223047e-17
2.5711691139367478e-17
2.5837088720511897e-17
2.5920687107941514e-17
2.6004285495371143e-17
2.612968307651556e-17
2.6296879851374807e-17
2.638047823880441e-17
2.646407662623404e-17
2.6547675013663657e-17
2.6673072594808076e-17
2.6798470175952507e-17
2.6882068563382124e-17
2.7091064531956172e-17
2.7216462113100603e-17
2.730006050053022e-17
2.7425458081674638e-17
2.76762532439635e-17
2.775985163139312e-17
2.7885249212537536e-17
2.801064679368197e-17
2.8094245181111596e-17
2.8219642762256015e-17
2.838683953711526e-17
2.8595835505689296e-17
2.872123308683373e-17
2.888842986169296e-17
2.913922502398182e-17
2.9264622605126254e-17
2.947361857370029e-17
2.9557216961129906e-17
2.964081534855952e-17
2.972441373598915e-17
2.9808012123418756e-17
2.9891610510848385e-17
3.0017008091992816e-17
3.010060647942242e-17
3.018420486685205e-17
3.0267803254281666e-17
3.0518598416570516e-17
3.064399599771495e-17
3.076939357885938e-17
3.08947911600038e-17
3.102018874114823e-17
3.1103787128577845e-17
3.118738551600746e-17
3.127098390343708e-17
3.135458229086671e-17
3.143818067829631e-17
3.156357825944074e-17
3.1688975840585174e-17
3.177257422801479e-17
3.185617261544441e-17
3.1939771002874036e-17
3.210696777773327e-17
3.223236535887769e-17
3.2399562133736934e-17
3.248316052116654e-17
3.260855810231097e-17
3.26921564897406e-17
3.27757548771702e-17
3.285935326459983e-17
3.3026550039459065e-17
3.311014842688868e-17
3.3277345201747915e-17
3.3402742782892346e-17
3.356993955775158e-17
3.369533713889601e-17
3.3862533913755244e-17
3.394613230118486e-17
3.402973068861449e-17
3.415512826975891e-17
3.4238726657188525e-17
3.4322325044618154e-17
3.4447722625762573e-17
3.4573120206907004e-17
3.465671859433662e-17
3.474031698176624e-17
3.4865714562910656e-17
3.4949312950340285e-17
3.5074710531484717e-17
3.524190730634395e-17
3.536730488748838e-17
3.5450903274917985e-17
3.5659899243492045e-17
3.582709601835128e-17
3.59524935994957e-17
3.607789118064013e-17
3.620328876178455e-17
3.632868634292898e-17
3.641228473035861e-17
3.6621280698932643e-17
3.670487908636227e-17
3.6788477473791877e-17
3.6872075861221506e-17
3.6997473442365937e-17
3.7122871023510355e-17
3.7248268604654787e-17
3.7373666185799205e-17
3.7457264573228834e-17
3.7582662154373253e-17
3.766626054180287e-17
3.7833457316662103e-17
3.7958854897806534e-17
3.812605167266577e-17
3.8209650060095397e-17
3.833504764123983e-17
3.8460445222384247e-17
3.8585842803528666e-17
3.8711240384673097e-17
3.8920236353247144e-17
3.9045633934391576e-17
3.9296429096680426e-17
3.9380027484110055e-17
3.946362587153966e-17
3.954722425896929e-17
3.967262184011372e-17
3.983981861497295e-17
3.9965216196117384e-17
4.004881458354699e-17
4.017421216469142e-17
4.0383208133265467e-17
4.05504049081247e-17
4.0634003295554317e-17
4.0842999264128365e-17
4.092659765155798e-17
4.101019603898761e-17
4.1093794426417215e-17
4.1219192007561646e-17
4.130279039499126e-17
4.138638878242088e-17
4.163718394470974e-17
4.172078233213936e-17
4.1929778300713406e-17
4.209697507557264e-17
4.226417185043187e-17
4.23477702378615e-17
4.2514967012720735e-17
4.259856540015035e-17
4.268216378757997e-17
4.28493605624392e-17
4.293295894986882e-17
4.3016557337298435e-17
4.3100155724728064e-17
4.318375411215767e-17
4.3350950887016914e-17
4.355994685559096e-17
4.3727143630450195e-17
4.381074201787981e-17
4.3977938792739045e-17
4.406153718016866e-17
4.4228733955027895e-17
4.4354131536172326e-17
4.447952911731676e-17
4.4563127504746374e-17
4.464672589217599e-17
4.473032427960562e-17
4.489752105446485e-17
4.498111944189447e-17
4.519011541046852e-17
4.5273713797898134e-17
4.535731218532775e-17
4.544091057275737e-17
4.5524508960186984e-17
4.569170573504622e-17
4.581710331619065e-17
4.594250089733508e-17
4.6026099284764696e-17
4.610969767219431e-17
4.619329605962393e-17
4.6276894447053546e-17
4.644409122191278e-17
4.661128799677201e-17
4.669488638420164e-17
4.6987480740205306e-17
4.707107912763492e-17
4.7238275902494156e-17
4.7447271871068204e-17
4.753087025849782e-17
4.761446864592744e-17
4.778166542078667e-17
4.78652638082163e-17
4.7948862195645916e-17
4.803246058307553e-17
4.8199657357934766e-17
4.828325574536438e-17
4.8366854132794e-17
4.845045252022363e-17
4.857585010136805e-17
4.8784846069942095e-17
4.899384203851614e-17
4.907744042594576e-17
4.924463720080499e-17
4.9370034781949424e-17
4.945363316937904e-17
4.957903075052346e-17
4.970442833166789e-17
4.978802671909752e-17
4.9871625106527124e-17
5.016421946253079e-17
5.024781784996042e-17
5.037321543110485e-17
5.06240105933937e-17
5.074940817453812e-17
5.0833006561967746e-17
5.0958404143112165e-17
5.104200253054178e-17
5.112560091797141e-17
5.1209199305401015e-17
