4.071872175512167e-19
5.096849570324868e-19
6.634315662544043e-19
7.659293057356991e-19
8.684270452169692e-19
1.0221736544388867e-18
1.1246713939201815e-18
1.278418003142099e-18
1.4834134821046639e-18
1.790906700548499e-18
1.9446533097704164e-18
2.1496487887329813e-18
2.2521465282142637e-18
2.354644267695546e-18
2.559639746658111e-18
2.764635225620676e-18
3.072128444064511e-18
3.3283727927677232e-18
3.482119401989641e-18
3.635866011211558e-18
3.738363750692841e-18
3.8921103599147705e-18
4.250852448099253e-18
4.40459905732117e-18
4.5070967968024405e-18
4.609594536283735e-18
4.712092275765005e-18
4.814590015246288e-18
4.91708775472757e-18
5.019585494208853e-18
5.122083233690135e-18
5.275829842912053e-18
5.4808253218746175e-18
5.5833230613559e-18
5.8395674100591e-18
5.9933140192810174e-18
6.0958117587623e-18
6.300807237724865e-18
6.403304977206147e-18
6.50580271668743e-18
6.608300456168712e-18
6.710798195649982e-18
6.813295935131277e-18
6.967042544353194e-18
7.120789153575112e-18
7.27453576279703e-18
7.42828237201896e-18
7.633277850981512e-18
7.838273329944077e-18
7.992019939165994e-18
8.094517678647289e-18
8.197015418128559e-18
8.350762027350477e-18
8.607006376053689e-18
8.812001855016254e-18
8.914499594497549e-18
9.119495073460089e-18
9.221992812941384e-18
9.529486031385219e-18
9.683232640607136e-18
9.888228119569701e-18
1.0144472468272889e-17
1.029821907749483e-17
1.0451965686716748e-17
1.0759458905160608e-17
1.0964454384123148e-17
1.111820099334509e-17
1.1220698732826336e-17
1.1425694211788925e-17
1.1681938560492113e-17
1.2040680648676595e-17
1.2194427257898537e-17
1.2296924997379783e-17
1.2450671606601725e-17
1.2706915955304913e-17
1.2809413694786207e-17
1.2911911434267502e-17
1.3116906913230042e-17
1.3321902392192632e-17
1.3475649001414525e-17
1.357814674089582e-17
1.3731893350117737e-17
1.3834391089599007e-17
1.409063543830222e-17
1.4295630917264784e-17
1.439812865674608e-17
1.475687074493056e-17
1.4859368484411807e-17
1.501311509363375e-17
1.5218110572596314e-17
1.5320608312077584e-17
1.5525603791040174e-17
1.562810153052142e-17
1.5730599270002714e-17
1.5884345879224656e-17
1.6089341358187196e-17
1.619183909766849e-17
1.629433683714976e-17
1.6499332316112326e-17
1.6755576664815514e-17
1.6909323274037456e-17
1.7011821013518726e-17
1.7165567622740643e-17
1.7268065362221938e-17
1.7473060841184478e-17
1.7678056320147068e-17
1.7780554059628338e-17
1.7883051799109608e-17
1.7985549538590903e-17
1.813929614781282e-17
1.8344291626775385e-17
1.8498038235997303e-17
1.8703033714959868e-17
1.8805531454441163e-17
1.8908029193922408e-17
1.906177580314435e-17
1.9215522412366268e-17
1.9420517891328833e-17
1.957426450055075e-17
1.9728011109772668e-17
1.9933006588735257e-17
2.0240499807179092e-17
2.0445495286141632e-17
2.0650490765104222e-17
2.0855486244066762e-17
2.0957983983548057e-17
2.1214228332251244e-17
2.131672607173254e-17
2.152172155069508e-17
2.1624219290176374e-17
2.1777965899398292e-17
2.2034210248101504e-17
2.2187956857323397e-17
2.2290454596804692e-17
2.2546698945507904e-17
2.270044555472982e-17
2.2854192163951764e-17
2.295668990343301e-17
2.3059187642914304e-17
2.31616853823956e-17
2.331543199161749e-17
2.3469178600839434e-17
2.362292521006135e-17
2.377667181928327e-17
2.393041842850521e-17
2.413541390746775e-17
2.4289160516689693e-17
2.4442907125911586e-17
2.4596653735133528e-17
2.4750400344355446e-17
2.4904146953577363e-17
2.5006644693058658e-17
2.5211640172021198e-17
2.5314137911502493e-17
2.546788452072441e-17
2.5672879999686975e-17
2.5826626608908893e-17
2.5929124348390163e-17
2.6031622087871458e-17
2.6134119827352752e-17
2.6339115306315293e-17
2.6544110785277858e-17
2.6646608524759128e-17
2.680035513398107e-17
2.700535061294361e-17
2.7107848352424905e-17
2.72103460919062e-17
2.7364092701128092e-17
2.7466590440609387e-17
2.7569088180090682e-17
2.7722834789312575e-17
2.787658139853452e-17
2.8030328007756434e-17
2.8235323486719e-17
2.8389070095940917e-17
2.8542816705162834e-17
2.864531444464413e-17
2.879906105386602e-17
2.8952807663087964e-17
2.905530540256926e-17
2.9157803142050504e-17
2.9311549751272446e-17
2.9567794099975634e-17
2.9721540709197576e-17
2.982403844867887e-17
2.9977785057900764e-17
3.0182780536863353e-17
3.02852782763446e-17
3.043902488556654e-17
3.059277149478846e-17
3.069526923426973e-17
3.095151358297294e-17
3.110526019219486e-17
3.12590068014168e-17
3.1412753410638693e-17
3.1771495498823176e-17
3.187399323830447e-17
3.213023758700766e-17
3.22839841962296e-17
3.2386481935710895e-17
3.2591477414673435e-17
3.284772176337662e-17
3.295021950285792e-17
3.305271724233921e-17
3.3206463851561105e-17
3.33089615910424e-17
3.3411459330523695e-17
3.3513957070004965e-17
3.3616454809486235e-17
3.377020141870818e-17
3.387269915818945e-17
3.397519689767072e-17
3.412894350689266e-17
3.43339389858552e-17
3.4436436725336495e-17
3.469268107403968e-17
3.479517881352098e-17
3.500017429248354e-17
3.5256418641186754e-17
3.5358916380668024e-17
3.551266298988994e-17
3.5666409599111884e-17
3.592265394781507e-17
3.6025151687296366e-17
3.617889829651826e-17
3.6281396035999554e-17
3.638389377548085e-17
3.648639151496212e-17
3.6691386993924684e-17
3.679388473340598e-17
3.694763134262787e-17
3.7050129082109166e-17
3.7306373430812354e-17
3.7460120040034296e-17
3.7562617779515566e-17
3.7716364388737484e-17
3.7870110997959426e-17
3.797260873744067e-17
3.8126355346662613e-17
3.822885308614391e-17
3.843384856510645e-17
3.858759517432839e-17
3.8741341783550283e-17
3.884383952303158e-17
3.899758613225352e-17
3.915133274147541e-17
3.9305079350697355e-17
3.956132369940054e-17
3.9715070308622485e-17
3.9920065787585025e-17
4.027880787576951e-17
4.03813056152508e-17
4.0535052224472695e-17
4.063754996395399e-17
4.079129657317593e-17
4.089379431265718e-17
4.104754092187912e-17
4.1150038661360415e-17
4.1252536400841685e-17
4.161127848902617e-17
4.186752283772938e-17
4.202126944695127e-17
4.232876266539513e-17
4.24312604048764e-17
4.2585007014098344e-17
4.284125136280153e-17
4.3046246841764097e-17
4.3148744581245367e-17
4.330249119046731e-17
4.340498892994858e-17
4.3558735539170496e-17
4.371248214839244e-17
4.386622875761433e-17
4.3968726497095626e-17
4.407122423657692e-17
4.427621971553946e-17
4.4378717455020756e-17
4.448121519450205e-17
4.468621067346459e-17
4.4788708412945886e-17
4.4891206152427156e-17
4.4993703891908426e-17
4.509620163138972e-17
4.524994824061164e-17
4.535244598009291e-17
4.550619258931485e-17
4.560869032879612e-17
4.5813685807758686e-17
4.596743241698063e-17
4.6069930156461873e-17
4.627492563542446e-17
4.637742337490573e-17
4.65824188538683e-17
4.668491659334959e-17
4.6838663202571485e-17
4.699240981179343e-17
4.7248654160496615e-17
4.735115189997791e-17
4.7658645118421745e-17
4.781239172764366e-17
4.811988494608752e-17
4.832488042505006e-17
4.8581124773753275e-17
4.873487138297519e-17
4.893986686193776e-17
4.914486234090032e-17
4.929860895012224e-17
4.955485329882545e-17
4.9708599908047344e-17
4.981109764752864e-17
4.9913595387009934e-17
5.0067341996231827e-17
5.0272337475194416e-17
5.0477332954156957e-17
5.06310795633789e-17
5.083607504234144e-17
5.098982165156338e-17
5.1092319391044676e-17
5.119481713052592e-17
5.1348563739747864e-17
