3.8604349521350986e-19
4.900042542699126e-19
7.49906151910981e-19
1.0098080495520248e-18
1.1657491881366659e-18
1.4256510857777097e-18
1.6335726038905644e-18
1.7375333629469918e-18
1.8934745015316082e-18
2.0494156401162493e-18
2.2573371582290917e-18
2.4132782968137204e-18
2.5692194353983615e-18
2.7251605739829903e-18
2.8291213330394053e-18
2.9850624716240464e-18
3.0890232306804737e-18
3.24496436926509e-18
3.4009055078497312e-18
3.5048662669061586e-18
3.660807405490787e-18
3.7647681645472024e-18
3.9207093031318435e-18
4.024670062188271e-18
4.128630821244686e-18
4.388532718885742e-18
4.492493477942169e-18
4.752395375583213e-18
4.908336514167854e-18
5.116258032280684e-18
5.376159929921753e-18
5.532101068506369e-18
5.6360618275627966e-18
5.792002966147438e-18
6.103885243316695e-18
6.259826381901336e-18
6.467747900014166e-18
6.623689038598807e-18
6.727649797655235e-18
7.039532074824492e-18
7.14349283388092e-18
7.29943397246556e-18
7.455375111050177e-18
7.559335870106604e-18
7.715277008691245e-18
7.923198526804076e-18
8.235080803973345e-18
8.443002322086188e-18
8.598943460670829e-18
8.858845358311873e-18
9.066766876424727e-18
9.274688394537558e-18
9.482609912650412e-18
9.690531430763242e-18
9.846472569347883e-18
1.0314295985101782e-17
1.0470237123686423e-17
1.0678158641799253e-17
1.078211940085568e-17
1.0886080159912108e-17
1.0990040918968535e-17
1.1249942816609579e-17
1.1509844714250623e-17
1.1717766232363478e-17
1.1977668130004521e-17
1.2289550407173804e-17
1.2497471925286634e-17
1.2601432684343061e-17
1.2705393443399488e-17
1.3017275720568746e-17
1.3173216859153387e-17
1.3381138377266217e-17
1.3641040274907286e-17
1.3796981413491914e-17
1.3952922552076543e-17
1.405688331113297e-17
1.4264804829245813e-17
1.4472726347358655e-17
1.4628667485943296e-17
1.4836589004056126e-17
1.4992530142640767e-17
1.5096490901697195e-17
1.5408373178866465e-17
1.5616294696979295e-17
1.5772235835563936e-17
1.5928176974148552e-17
1.6084118112733193e-17
1.618807887178962e-17
1.6344020010374262e-17
1.6499961148958878e-17
1.665590228754352e-17
1.686382380565635e-17
1.7123725703297418e-17
1.722768646235382e-17
1.738362760093846e-17
1.7591549119051316e-17
1.7799470637164146e-17
1.7955411775748787e-17
1.8163333293861618e-17
1.8267294052918045e-17
1.8371254811974472e-17
1.84752155710309e-17
1.8579176330087327e-17
1.868313708914373e-17
1.8891058607256585e-17
1.8995019366313012e-17
1.9150960504897628e-17
1.930690164348227e-17
1.9410862402538697e-17
1.9722744679707954e-17
1.9826705438764382e-17
2.0034626956877212e-17
2.0190568095461853e-17
2.029452885451828e-17
2.0398489613574708e-17
2.0606411131687538e-17
2.0710371890743965e-17
2.091829340885682e-17
2.1074234547441436e-17
2.1178195306497864e-17
2.1334136445082505e-17
2.1438097204138907e-17
2.1594038342723548e-17
2.1697999101779976e-17
2.1853940240364617e-17
2.195790099942102e-17
2.211384213800566e-17
2.2217802897062088e-17
2.2477704794703132e-17
2.2685626312815987e-17
2.2841567451400603e-17
2.2997508589985244e-17
2.310146934904167e-17
2.3309390867154502e-17
2.356929276479557e-17
2.3725233903380186e-17
2.3829194662436614e-17
2.4089096560077682e-17
2.4348998457718726e-17
2.4504939596303367e-17
2.4660880734887983e-17
2.4868802253000838e-17
2.502474339158548e-17
2.523266490969831e-17
2.5440586427811164e-17
2.5544547186867567e-17
2.5700488325452208e-17
2.5908409843565063e-17
2.6012370602621465e-17
2.6116331361677893e-17
2.6272272500262534e-17
2.6428213638847175e-17
2.668811553648822e-17
2.6792076295544646e-17
2.6948017434129263e-17
2.705197819318569e-17
2.7155938952242117e-17
2.741584084988316e-17
2.7519801608939588e-17
2.7727723127052443e-17
2.788366426563706e-17
2.819554654280634e-17
2.835148768139096e-17
2.8455448440447386e-17
2.8611389579032027e-17
2.876733071761667e-17
2.8923271856201284e-17
2.913119337431414e-17
2.933911489242697e-17
2.9547036410539824e-17
2.965099716959625e-17
2.980693830818087e-17
2.9910899067237295e-17
3.0066840205821936e-17
3.022278134440655e-17
3.032674210346298e-17
3.043070286251941e-17
3.0586644001104023e-17
3.069060476016045e-17
3.084654589874509e-17
3.100248703732973e-17
3.115842817591435e-17
3.141833007355542e-17
3.152229083261182e-17
3.167823197119646e-17
3.18341731097811e-17
3.2094075007422147e-17
3.2353976905063215e-17
3.245793766411962e-17
3.2561898423176045e-17
3.2717839561760686e-17
3.2821800320817113e-17
3.2925761079873516e-17
3.308170221845816e-17
3.32376433570428e-17
3.3393584495627415e-17
3.360150601374027e-17
3.3705466772796697e-17
3.391338829090953e-17
3.412130980902238e-17
3.4381211706663426e-17
3.4537152845248067e-17
3.469309398383271e-17
3.479705474288911e-17
3.495299588147375e-17
3.5160917399586606e-17
3.5472799676755864e-17
3.557676043581229e-17
3.573270157439691e-17
3.594062309250976e-17
3.6096564231094403e-17
3.6200524990150806e-17
3.6304485749207233e-17
3.6460426887791874e-17
3.65643876468483e-17
3.672032878543292e-17
3.6824289544489346e-17
3.692825030354577e-17
3.7136171821658603e-17
3.724013258071503e-17
3.7500034478356074e-17
3.7655975616940715e-17
3.775993637599714e-17
3.7915877514581784e-17
3.8019838273638187e-17
3.8123799032694614e-17
3.833172055080747e-17
3.843568130986387e-17
3.8643602827976726e-17
3.879954396656137e-17
3.890350472561777e-17
3.905944586420241e-17
3.921538700278705e-17
3.942330852089988e-17
3.9631230039012737e-17
3.9735190798069164e-17
3.989113193665378e-17
4.004707307523842e-17
4.015103383429485e-17
4.0254994593351277e-17
4.0462916111464107e-17
4.061885725004875e-17
4.082677876816158e-17
4.103470028627443e-17
4.1190641424859074e-17
4.1294602183915476e-17
4.150252370202833e-17
4.165846484061297e-17
4.1762425599669375e-17
4.197034711778223e-17
4.212628825636687e-17
4.228222939495149e-17
4.2386190154007914e-17
4.2542131292592556e-17
4.2750052810705386e-17
4.285401356976181e-17
4.3009954708346454e-17
4.3373817365043925e-17
4.3529758503628566e-17
4.3737680021741396e-17
4.389362116032604e-17
4.399758191938244e-17
4.4205503437495295e-17
4.430946419655172e-17
4.4413424955608125e-17
4.451738571466455e-17
4.4673326853249194e-17
4.4829267991833835e-17
4.493322875089024e-17
4.508916988947488e-17
4.5297091407587733e-17
4.5401052166644136e-17
4.5556993305228777e-17
4.571293444381342e-17
4.5868875582398034e-17
4.607679710051089e-17
4.6180757859567317e-17
4.633669899815193e-17
4.6492640136736574e-17
4.6596600895793e-17
4.670056165484943e-17
4.690848317296226e-17
4.7012443932018686e-17
4.727234582965973e-17
4.737630658871616e-17
4.75322477273008e-17
4.7636208486357226e-17
4.774016924541363e-17
4.789611038399827e-17
4.80000711430547e-17
4.8156012281639313e-17
4.836393379975217e-17
4.8467894558808596e-17
4.857185531786502e-17
4.872779645644964e-17
4.903967873361892e-17
4.924760025173175e-17
4.940354139031639e-17
4.950750214937282e-17
4.961146290842922e-17
4.971542366748565e-17
4.9923345185598505e-17
5.002730594465491e-17
5.023522746276776e-17
5.0391168601352403e-17
5.054710973993702e-17
5.070305087852166e-17
5.091097239663449e-17
5.101493315569092e-17
5.1274835053331987e-17
