4.132387477944183e-19
6.842666167783528e-19
8.468833381687036e-19
1.0095000595590545e-18
1.2263223547461972e-18
1.3889390761365727e-18
1.4973502237301317e-18
1.6599669451204825e-18
1.768378092714066e-18
1.985200387901209e-18
2.1478171092915597e-18
2.2562282568851187e-18
2.3646394044787024e-18
2.581461699665845e-18
2.744078421056196e-18
2.9609007162433386e-18
3.1777230114304813e-18
3.340339732820832e-18
3.4487508804144158e-18
3.828189896991909e-18
4.045012192179052e-18
4.207628913569403e-18
4.370245634959754e-18
4.69547907774048e-18
4.803890225334039e-18
4.96650694672439e-18
5.0749180943179735e-18
5.1833292419115325e-18
5.345945963301908e-18
5.454357110895467e-18
5.7253849798794016e-18
5.8880017012697524e-18
5.9964128488633114e-18
6.267440717847246e-18
6.3758518654408296e-18
6.5384685868311804e-18
6.755290882018323e-18
7.026318751002233e-18
7.134729898595817e-18
7.35155219378296e-18
7.51416891517331e-18
7.839402357954037e-18
8.110430226937946e-18
8.381458095921881e-18
8.48986924351544e-18
8.652485964905815e-18
8.869308260092958e-18
9.031924981483309e-18
9.140336129076893e-18
9.682391867044737e-18
9.845008588435088e-18
1.006183088362223e-17
1.0170242031215814e-17
1.0332858752606165e-17
1.0549681047793308e-17
1.0820708916777217e-17
1.1200147933354736e-17
1.1362764654745087e-17
1.1633792523729021e-17
1.1796409245119372e-17
1.2067437114103306e-17
1.2446876130680775e-17
1.2555287278274359e-17
1.2772109573461502e-17
1.2934726294851852e-17
1.3314165311429346e-17
1.342257645902293e-17
1.358519318041328e-17
1.3856221049397215e-17
1.412724891838115e-17
1.423566006597471e-17
1.445248236116185e-17
1.4615099082552202e-17
1.4940332525332928e-17
1.526556596811363e-17
1.5536593837097565e-17
1.5807621706081474e-17
1.5916032853675058e-17
1.607864957506541e-17
1.624126629645576e-17
1.6349677444049343e-17
1.6566499739236486e-17
1.6891733182017188e-17
1.7162761051001122e-17
1.7379583346188265e-17
1.7596405641375408e-17
1.7704816788968967e-17
1.781322793656255e-17
1.8030050231749693e-17
1.8409489248327187e-17
1.868051711731112e-17
1.8897339412498264e-17
1.9005750560091823e-17
1.9114161707685406e-17
1.9276778429075757e-17
1.938518957666934e-17
1.9547806298059692e-17
1.976462859324681e-17
1.9927245314637185e-17
2.0089862036027536e-17
2.030668433121468e-17
2.046930105260503e-17
2.0686123347792172e-17
2.10113567905729e-17
2.1119767938166458e-17
2.1228179085760017e-17
2.13365902333536e-17
2.149920695474395e-17
2.1607618102337535e-17
2.1770234823727886e-17
2.187864597132147e-17
2.1987057118915028e-17
2.214967384030538e-17
2.2366496135492522e-17
2.2583318430679665e-17
2.2745935152070015e-17
2.2962757447257158e-17
2.312537416864751e-17
2.3287990890037884e-17
2.3504813185225027e-17
2.372163548041217e-17
2.404686892319287e-17
2.415528007078643e-17
2.4317896792176806e-17
2.4480513513567157e-17
2.46973358087543e-17
2.485995253014465e-17
2.4968363677738234e-17
2.5293597120518936e-17
2.5456213841909287e-17
2.556462498950287e-17
2.567303613709643e-17
2.5835652858486805e-17
2.5998269579877156e-17
2.6215091875064298e-17
2.637770859645465e-17
2.6486119744048208e-17
2.6648736465438584e-17
2.6757147613032143e-17
2.6919764334422494e-17
2.7028175482016077e-17
2.7136586629609636e-17
2.724499777720322e-17
2.7461820072390363e-17
2.757023121998392e-17
2.7678642367577505e-17
2.7841259088967856e-17
2.7949670236561415e-17
2.8058081384155e-17
2.827490367934214e-17
2.843752040073249e-17
2.8600137122122843e-17
2.887116499110678e-17
2.908798728629392e-17
2.925060400768427e-17
2.9359015155277855e-17
2.9575837450465e-17
2.979265974565214e-17
2.995527646704249e-17
3.006368761463605e-17
3.0226304336026426e-17
3.0334715483619985e-17
3.0443126631213544e-17
3.065994892640071e-17
3.076836007399427e-17
3.087677122158783e-17
3.1147799090571763e-17
3.1473032533352465e-17
3.168985482853963e-17
3.179826597613319e-17
3.2177704992710685e-17
3.228611614030427e-17
3.2557144009288203e-17
3.2719760730678554e-17
3.282817187827211e-17
3.293658302586567e-17
3.315340532105284e-17
3.32618164686464e-17
3.342443319003675e-17
3.364125548522389e-17
3.3749666632817476e-17
3.3858077780411035e-17
3.396648892800462e-17
3.412910564939497e-17
3.429172237078532e-17
3.450854466597246e-17
3.4671161387362813e-17
3.4887983682549956e-17
3.51048059777371e-17
3.532162827292424e-17
3.5592656141908176e-17
3.5701067289501735e-17
3.580947843709532e-17
3.597209515848567e-17
3.613471187987602e-17
3.6405739748859955e-17
3.6730973191640657e-17
3.689358991303103e-17
3.700200106062459e-17
3.7110412208218175e-17
3.7218823355811734e-17
3.7381440077202085e-17
3.754405679859246e-17
3.765246794618602e-17
3.776087909377958e-17
3.7923495815169954e-17
3.803190696276351e-17
3.8248729257950655e-17
3.84655515531378e-17
3.857396270073138e-17
3.884499056971529e-17
3.8953401717308875e-17
3.9116018438699226e-17
3.9278635160089577e-17
3.938704630768316e-17
3.949545745527672e-17
3.965807417666707e-17
3.9766485324260654e-17
3.9929102045651005e-17
4.020012991463494e-17
4.041695220982208e-17
4.052536335741564e-17
4.0633774505009225e-17
4.0796391226399576e-17
4.090480237399316e-17
4.101321352158672e-17
4.139265253816421e-17
4.1501063685757795e-17
4.1663680407148146e-17
4.1772091554741705e-17
4.198891384992885e-17
4.21515305713192e-17
4.225994171891278e-17
4.2368352866506366e-17
4.2639380735490276e-17
4.280199745688065e-17
4.2964614178271e-17
4.318143647345812e-17
4.3452464342442055e-17
4.36692866376292e-17
4.377769778522278e-17
4.404872565420669e-17
4.4211342375597067e-17
4.437395909698742e-17
4.459078139217456e-17
4.48076036873617e-17
4.4970220408752054e-17
4.5132837130142404e-17
4.540386499912634e-17
4.556648172051669e-17
4.5674892868110273e-17
4.5837509589500624e-17
4.5945920737094183e-17
4.605433188468777e-17
4.621694860607812e-17
4.648797647506205e-17
4.659638762265561e-17
4.6704798770249195e-17
4.692162106543634e-17
4.730106008201383e-17
4.746367680340418e-17
4.7680499098591325e-17
4.789732139377847e-17
4.81683492627624e-17
4.827676041035596e-17
4.843937713174631e-17
4.860199385313669e-17
4.876461057452704e-17
4.908984401730774e-17
4.9198255164901323e-17
4.9415077460088466e-17
4.9523488607682025e-17
4.96861053290724e-17
4.995713319805631e-17
5.0065544345649894e-17
5.0228161067040245e-17
5.0390777788430596e-17
5.060760008361774e-17
5.077021680500809e-17
5.093283352639844e-17
5.1041244673992024e-17
5.114965582158561e-17
5.1258066969179167e-17
5.1366478116772726e-17
