3.9743673773028635e-19
5.505657396410146e-19
6.526517409148335e-19
8.057807428255617e-19
9.078667440993806e-19
1.0609957460101088e-18
1.1630817472839154e-18
1.3162107491946436e-18
1.4182967504684625e-18
1.5203827517422813e-18
1.8776837562006473e-18
2.0308127581113755e-18
2.1328987593851944e-18
2.2860277612959227e-18
2.3881137625697415e-18
2.5412427644804698e-18
2.6433287657542886e-18
2.796457767665017e-18
2.949586769575745e-18
3.051672770849564e-18
3.20480177276028e-18
3.3579307746710082e-18
3.5110597765817365e-18
3.613145777855555e-18
3.715231779129374e-18
3.970446782313921e-18
4.174618784861559e-18
4.276704786135378e-18
4.378790787409197e-18
4.531919789319925e-18
4.634005790593744e-18
4.9402637944152e-18
5.042349795689019e-18
5.144435796962826e-18
5.2465217982366445e-18
5.399650800147373e-18
5.5017368014211916e-18
5.6038228026950105e-18
5.8590378058795576e-18
5.9611238071533764e-18
6.063209808427195e-18
6.2163388103379235e-18
6.420510812885561e-18
6.52259681415938e-18
6.624682815433199e-18
6.8288548179808366e-18
6.981983819891565e-18
7.084069821165371e-18
7.288241823713009e-18
7.390327824986828e-18
7.492413826260647e-18
7.696585828808284e-18
7.951800831992832e-18
8.15597283454047e-18
8.564316839635745e-18
8.666402840909563e-18
8.819531842820292e-18
8.92161784409411e-18
9.074746846004839e-18
9.176832847278645e-18
9.483090851100102e-18
9.63621985301083e-18
9.840391855558468e-18
9.993520857469196e-18
1.0197692860016834e-17
1.0350821861927562e-17
1.0606036865112109e-17
1.0759165867022837e-17
1.0963337869570475e-17
1.1116466871481203e-17
1.1422724875302648e-17
1.1677939878487195e-17
1.1831068880397923e-17
1.1933154881671742e-17
1.203524088294556e-17
1.213732688421938e-17
1.2239412885493198e-17
1.2443584888040836e-17
1.2596713889951564e-17
1.2749842891862293e-17
1.295401489440993e-17
1.3158186896957556e-17
1.3260272898231375e-17
1.3362358899505193e-17
1.3515487901415922e-17
1.361757390268974e-17
1.3770702904600469e-17
1.3872788905874288e-17
1.4025917907785016e-17
1.4230089910332654e-17
1.4332175911606472e-17
1.443426191288029e-17
1.453634791415411e-17
1.4740519916701748e-17
1.4842605917975567e-17
1.5097820921160114e-17
1.535303592434465e-17
1.5608250927529196e-17
1.5710336928803014e-17
1.5863465930713743e-17
1.5965551931987562e-17
1.606763793326138e-17
1.61697239345352e-17
1.6322852936445928e-17
1.6475981938356656e-17
1.6578067939630475e-17
1.6680153940904294e-17
1.6782239942178112e-17
1.698641194472575e-17
1.708849794599957e-17
1.7190583947273375e-17
1.7343712949184104e-17
1.7496841951094832e-17
1.764997095300556e-17
1.8007271957463926e-17
1.8160400959374654e-17
1.8262486960648473e-17
1.846665896319611e-17
1.867083096574375e-17
1.8772916967017567e-17
1.8875002968291386e-17
1.9079174970839024e-17
1.9181260972112843e-17
1.928334697338665e-17
1.9487518975934287e-17
1.9589604977208106e-17
1.9691690978481925e-17
1.9844819980392653e-17
1.9946905981666472e-17
2.004899198294029e-17
2.015107798421411e-17
2.0253163985487928e-17
2.0406292987398657e-17
2.0508378988672476e-17
2.0661507990583204e-17
2.0814636992493932e-17
2.091672299376775e-17
2.101880899504157e-17
2.112089499631539e-17
2.1222980997589195e-17
2.1325066998863014e-17
2.1478196000773742e-17
2.168236800332138e-17
2.1835497005232108e-17
2.1937583006505927e-17
2.2039669007779746e-17
2.2192798009690474e-17
2.2294884010964293e-17
2.2396970012238112e-17
2.249905601351193e-17
2.260114201478575e-17
2.2703228016059568e-17
2.2856357017970297e-17
2.3060529020517934e-17
2.321365802242865e-17
2.336678702433938e-17
2.3570959026887016e-17
2.3826174030071563e-17
2.3928260031345382e-17
2.408138903325611e-17
2.418347503452993e-17
2.4285561035803748e-17
2.4387647037077567e-17
2.4540776038988295e-17
2.4642862040262114e-17
2.4847034042809752e-17
2.5153292046631208e-17
2.5255378047905015e-17
2.5459550050452653e-17
2.566372205300029e-17
2.576580805427411e-17
2.5867894055547928e-17
2.6174152059369384e-17
2.6378324061917022e-17
2.648041006319084e-17
2.658249606446466e-17
2.6735625066375388e-17
2.6888754068286116e-17
2.6990840069559935e-17
2.7143969071470663e-17
2.729709807338138e-17
2.7501270075929017e-17
2.7705442078476655e-17
2.7807528079750474e-17
2.790961408102429e-17
2.801170008229811e-17
2.816482908420884e-17
2.826691508548266e-17
2.8420044087393387e-17
2.8522130088667206e-17
2.8624216089941024e-17
2.887943109312557e-17
2.90325600950363e-17
2.913464609631012e-17
2.923673209758394e-17
2.944090410013156e-17
2.959403310204229e-17
2.974716210395302e-17
2.984924810522684e-17
3.0053420107774476e-17
3.0206549109685204e-17
3.051280711350666e-17
3.061489311478048e-17
3.076802211669121e-17
3.0972194119238846e-17
3.122740912242339e-17
3.143158112497102e-17
3.1533667126244837e-17
3.1686796128155565e-17
3.18909681307032e-17
3.199305413197702e-17
3.214618313388775e-17
3.235035513643539e-17
3.2452441137709206e-17
3.2554527138983025e-17
3.275869914153066e-17
3.29628711440783e-17
3.306495714535212e-17
3.321808614726285e-17
3.3422258149810473e-17
3.35753871517212e-17
3.372851615363193e-17
3.383060215490575e-17
3.3983731156816477e-17
3.4085817158090296e-17
3.4187903159364114e-17
3.434103216127484e-17
3.449416116318557e-17
3.459624716445939e-17
3.469833316573321e-17
3.485146216764394e-17
3.5004591169554665e-17
3.52087631721023e-17
3.551502117592375e-17
3.5668150177834475e-17
3.592336518101902e-17
3.607649418292975e-17
3.617858018420357e-17
3.63317091861143e-17
3.6535881188661936e-17
3.6689010190572664e-17
3.679109619184648e-17
3.68931821931203e-17
3.704631119503103e-17
3.714839719630485e-17
3.7352569198852474e-17
3.755674120140011e-17
3.765882720267393e-17
3.786299920522157e-17
3.8118214208406115e-17
3.832238621095375e-17
3.847551521286448e-17
3.862864421477521e-17
3.873073021604903e-17
3.8883859217959757e-17
3.8985945219233576e-17
3.9139074221144304e-17
3.929220322305503e-17
3.944533222496575e-17
3.9547418226239567e-17
3.9649504227513386e-17
3.9751590228787205e-17
4.005784823260866e-17
4.02620202351563e-17
4.036410623643012e-17
4.0568278238977755e-17
4.077245024152539e-17
4.092557924343612e-17
4.118079424662067e-17
4.1333923248531384e-17
4.148705225044211e-17
4.164018125235284e-17
4.174226725362666e-17
4.184435325490048e-17
4.19464392561743e-17
4.2048525257448116e-17
4.2150611258721935e-17
4.2252697259995754e-17
4.240582626190648e-17
4.25079122631803e-17
4.266104126509103e-17
4.281417026700176e-17
4.2916256268275576e-17
4.3069385270186305e-17
4.322251427209703e-17
4.332460027337084e-17
4.342668627464466e-17
4.3681901277829205e-17
4.3783987279103024e-17
4.3886073280376843e-17
4.398815928165066e-17
4.409024528292448e-17
4.434546028610903e-17
4.4498589288019756e-17
4.4600675289293575e-17
4.4753804291204303e-17
4.485589029247812e-17
4.495797629375194e-17
4.511110529566267e-17
4.52642342975734e-17
4.5417363299484113e-17
4.562153530203175e-17
4.572362130330557e-17
4.582570730457939e-17
4.597883630649012e-17
4.6080922307763936e-17
4.633613731094848e-17
4.654030931349612e-17
4.6693438315406837e-17
4.684656731731758e-17
4.7050739319865215e-17
4.7152825321139034e-17
4.730595432304975e-17
4.7612212326871206e-17
4.776534132878192e-17
4.796951333132956e-17
4.8071599332603403e-17
4.81736853338772e-17
4.8377857336424835e-17
4.8684115340246316e-17
4.878620134152011e-17
4.914350234597849e-17
4.929663134788923e-17
4.950080335043684e-17
4.965393235234756e-17
4.98070613542583e-17
5.0011233356805937e-17
5.0113319358079756e-17
5.0317491360627393e-17
5.041957736190121e-17
5.052166336317503e-17
5.062374936444885e-17
5.077687836635959e-17
5.1032093369544125e-17
5.123626537209176e-17
