4.626664272760518e-19
6.363976181271054e-19
7.666960112654109e-19
8.5356160669093155e-19
1.07072559525477e-18
1.2010239883930633e-18
1.3313223815313566e-18
1.4181879769568895e-18
1.591919167807943e-18
1.6787847632334884e-18
1.765650358659009e-18
1.939381549510075e-18
2.156545538073901e-18
2.243411133499434e-18
2.4171423243505e-18
2.5908735152015535e-18
2.6777391106270864e-18
2.7646047060526193e-18
2.8949030991909126e-18
3.025201492329206e-18
3.1989326831802717e-18
3.2857982786058047e-18
3.416096671744098e-18
3.589827862595164e-18
3.76355905344623e-18
3.9807230420100436e-18
4.111021435148349e-18
4.197887030573882e-18
4.328185423712175e-18
4.458483816850469e-18
4.6322150077015345e-18
4.8059461985526004e-18
4.892811793978121e-18
4.979677389403654e-18
5.066542984829187e-18
5.15340858025472e-18
5.240274175680253e-18
5.457438164244067e-18
5.544303759669612e-18
5.674602152807905e-18
5.848333343658971e-18
5.978631736797264e-18
6.15236292764833e-18
6.2826613207866235e-18
6.49982530935045e-18
6.673556500201503e-18
6.847287691052569e-18
6.977586084190862e-18
7.064451679616395e-18
7.194750072754701e-18
7.325048465892994e-18
7.411914061318515e-18
7.54221245445682e-18
7.759376443020647e-18
8.019973229297233e-18
8.193704420148299e-18
8.280570015573832e-18
8.410868408712125e-18
8.497734004137658e-18
8.584599599563191e-18
8.671465194988724e-18
8.758330790414245e-18
8.975494778978083e-18
9.105793172116376e-18
9.23609156525467e-18
9.322957160680203e-18
9.453255553818496e-18
9.583553946956801e-18
9.844150733233388e-18
9.931016328658921e-18
1.0017881924084454e-17
1.0104747519509974e-17
1.027847871036104e-17
1.0408777103499334e-17
1.0539075496637627e-17
1.0669373889775932e-17
1.0756239485201465e-17
1.0843105080626986e-17
1.1016836271478052e-17
1.1190567462329118e-17
1.1320865855467411e-17
1.1451164248605704e-17
1.1538029844031237e-17
1.162489543945677e-17
1.1842059428020596e-17
1.1972357821158902e-17
1.2059223416584423e-17
1.2189521809722716e-17
1.2276387405148261e-17
1.2363253000573782e-17
1.2536984191424848e-17
1.2667282584563141e-17
1.2754148179988674e-17
1.3014744966265273e-17
1.3275341752541859e-17
1.3405640145680152e-17
1.3535938538818446e-17
1.3622804134243991e-17
1.3753102527382284e-17
1.3839968122807805e-17
1.392683371823335e-17
1.4057132111371643e-17
1.4143997706797164e-17
1.4448027290786523e-17
1.4578325683924816e-17
1.4708624077063122e-17
1.4838922470201415e-17
1.505608645876524e-17
1.5229817649616307e-17
1.5316683245041828e-17
1.5446981638180133e-17
1.5533847233605666e-17
1.5620712829031187e-17
1.5707578424456732e-17
1.5881309615307786e-17
1.601160800844609e-17
1.6141906401584385e-17
1.640250318786097e-17
1.6532801580999264e-17
1.6663099974137558e-17
1.6749965569563103e-17
1.6836831164988624e-17
1.6923696760414156e-17
1.7053995153552462e-17
1.7140860748977983e-17
1.7271159142116276e-17
1.740145753525458e-17
1.7575188726105635e-17
1.7705487119243928e-17
1.7879218310094994e-17
1.805294950094606e-17
1.8183247894084353e-17
1.8270113489509886e-17
1.8400411882648192e-17
1.8617575871212006e-17
1.870444146663755e-17
1.8834739859775844e-17
1.8965038252914138e-17
1.9051903848339658e-17
1.9182202241477964e-17
1.9269067836903497e-17
1.9355933432329017e-17
1.9486231825467323e-17
1.9616530218605616e-17
1.9877127004882215e-17
2.0007425398020508e-17
2.0224589386584334e-17
2.0311454982009867e-17
2.0398320577435388e-17
2.0528618970573694e-17
2.0702350161424747e-17
2.0789215756850292e-17
2.0962946947701346e-17
2.109324534083965e-17
2.1223543733977945e-17
2.1353842127116238e-17
2.148414052025453e-17
2.1571006115680064e-17
2.1701304508818357e-17
2.1831602901956663e-17
2.1918468497382184e-17
2.2005334092807717e-17
2.209219968823325e-17
2.2179065283658782e-17
2.239622927222261e-17
2.2483094867648142e-17
2.2569960463073675e-17
2.2656826058499195e-17
2.2787124451637488e-17
2.2917422844775794e-17
2.3004288440201327e-17
2.313458683333962e-17
2.3221452428765153e-17
2.3351750821903446e-17
2.3525482012754512e-17
2.3612347608180045e-17
2.3699213203605566e-17
2.382951159674386e-17
2.3916377192169404e-17
2.4003242787594925e-17
2.4133541180733218e-17
2.4307272371584284e-17
2.4437570764722577e-17
2.4524436360148123e-17
2.4611301955573643e-17
2.4698167550999176e-17
2.4828465944137482e-17
2.4915331539563002e-17
2.5089062730414068e-17
2.5219361123552362e-17
2.5393092314403427e-17
2.5479957909828948e-17
2.5610256302967254e-17
2.5740554696105547e-17
2.5870853089243853e-17
2.6044584280094906e-17
2.613144987552044e-17
2.6305181066371505e-17
2.6392046661797026e-17
2.652234505493532e-17
2.6696076245786385e-17
2.6913240234350223e-17
2.7000105829775744e-17
2.7086971425201277e-17
2.717383702062681e-17
2.7434433806903396e-17
2.7608164997754462e-17
2.7738463390892755e-17
2.786876178403105e-17
2.7955627379456594e-17
2.808592577259489e-17
2.825965696344595e-17
2.8433388154297007e-17
2.852025374972254e-17
2.860711934514807e-17
2.8780850535999126e-17
2.886771613142466e-17
2.9041447322275725e-17
2.917174571541402e-17
2.925861131083955e-17
2.943234250169062e-17
2.951920809711614e-17
2.9692939287967203e-17
2.9823237681105497e-17
2.999696887195656e-17
3.017070006280763e-17
3.0344431253658694e-17
3.0431296849084215e-17
3.056159524222251e-17
3.0648460837648054e-17
3.0778759230786347e-17
3.090905762392464e-17
3.1039356017062933e-17
3.1169654410201227e-17
3.134338560105229e-17
3.1430251196477825e-17
3.151711679190336e-17
3.1690847982754424e-17
3.1777713578179945e-17
3.190801197131824e-17
3.2038310364456544e-17
3.2125175959882077e-17
3.22120415553076e-17
3.229890715073314e-17
3.2472638341584196e-17
3.264636953243525e-17
3.2776667925573555e-17
3.295039911642461e-17
3.3080697509562914e-17
3.325442870041397e-17
3.3384727093552273e-17
3.3471592688977806e-17
3.355845828440333e-17
3.364532387982886e-17
3.3775622272967166e-17
3.390592066610546e-17
3.4079651856956525e-17
3.429681584552034e-17
3.4470547036371404e-17
3.455741263179694e-17
3.464427822722247e-17
3.4818009418073536e-17
3.4904875013499057e-17
3.499174060892459e-17
3.507860620435012e-17
3.5208904597488416e-17
3.533920299062671e-17
3.5426068586052255e-17
3.555636697919055e-17
3.5730098170041614e-17
3.5816963765467134e-17
3.590382936089267e-17
3.6120993349456493e-17
3.6251291742594787e-17
3.642502293344585e-17
3.6555321326584146e-17
3.664218692200968e-17
3.672905251743521e-17
3.6815918112860745e-17
3.694621650599904e-17
3.7076514899137343e-17
3.7206813292275637e-17
3.729367888770116e-17
3.742397728083945e-17
3.7597708471690516e-17
3.777143966254158e-17
3.7858305257967115e-17
3.803203644881817e-17
3.8118902044243714e-17
3.824920043738201e-17
3.833606603280753e-17
3.8466364425945834e-17
3.8553230021371367e-17
3.868352841450966e-17
3.8944125200786246e-17
3.903099079621178e-17
3.9161289189350085e-17
3.9248154784775605e-17
3.933502038020114e-17
3.942188597562667e-17
3.9508751571052204e-17
3.96390499641905e-17
3.972591555961603e-17
3.9899646750467096e-17
4.002994514360539e-17
4.0203676334456456e-17
4.033397472759475e-17
4.046427312073304e-17
4.063800431158411e-17
4.07683027047224e-17
4.0855168300147934e-17
4.094203389557347e-17
4.111576508642452e-17
4.1202630681850054e-17
4.1332929074988347e-17
4.150666026583941e-17
4.1636958658977706e-17
4.181068984982877e-17
4.1897555445254305e-17
4.20278538383926e-17
4.2201585029243664e-17
4.2288450624669197e-17
4.241874901780749e-17
4.250561461323301e-17
4.2635913006371316e-17
4.280964419722237e-17
4.2896509792647915e-17
4.302680818578621e-17
4.31571065789245e-17
4.3243972174350035e-17
4.337427056748833e-17
4.350456896062662e-17
4.3591434556052154e-17
4.372173294919045e-17
4.380859854461598e-17
4.3982329735467046e-17
4.406919533089258e-17
4.41560609263181e-17
4.44166577125947e-17
4.4590388903445764e-17
4.472068729658406e-17
4.489441848743511e-17
4.4981284082860657e-17
4.524188086913724e-17
4.5328746464562776e-17
4.541561205998831e-17
4.550247765541383e-17
4.5632776048552135e-17
4.571964164397767e-17
4.580650723940319e-17
4.589337283482872e-17
4.611053682339255e-17
4.619740241881808e-17
4.6327700811956386e-17
4.650143200280744e-17
4.6718595991371266e-17
4.684889438450956e-17
4.70660583730734e-17
4.7326655159349984e-17
4.741352075477552e-17
4.750038635020105e-17
4.7674117541052116e-17
4.784784873190317e-17
4.8021579922754236e-17
4.8325609506743595e-17
4.854277349530742e-17
4.8673071888445714e-17
4.875993748387125e-17
4.884680307929678e-17
4.89336686747223e-17
4.9020534270147846e-17
4.915083266328614e-17
4.9324563854137205e-17
4.949829504498826e-17
4.958516064041379e-17
4.967202623583931e-17
4.984575742669038e-17
4.997605581982867e-17
5.014978701067974e-17
5.028008540381803e-17
5.0410383796956336e-17
5.049724939238187e-17
5.0714413380945695e-17
5.084471177408399e-17
5.101844296493504e-17
5.114874135807335e-17
5.123560695349888e-17
5.13224725489244e-17
