3.650291359912697e-19
5.243353391083178e-19
6.836415422253659e-19
8.42947745342414e-19
1.0553560161651448e-18
1.1615601515765102e-18
1.3208663546935583e-18
1.4270704901049237e-18
1.6394787609276545e-18
1.7456828963389952e-18
1.8518870317503606e-18
2.0111932348674087e-18
2.2236015056901395e-18
2.329805641101505e-18
2.5422139119242357e-18
2.648418047335601e-18
2.860826318158332e-18
3.0732345889810627e-18
3.179438724392428e-18
3.3387449275094515e-18
3.444949062920817e-18
3.604255266037865e-18
3.7104594014492304e-18
3.816663536860596e-18
3.975969739977644e-18
4.135275943094692e-18
4.4007862816231055e-18
4.5600924847401536e-18
4.666296620151519e-18
4.825602823268567e-18
4.931806958679908e-18
5.144215229502639e-18
5.303521432619687e-18
5.409725568031052e-18
5.5690317711481e-18
5.728337974265148e-18
5.8876441773821964e-18
6.0469503804992445e-18
6.206256583616293e-18
6.312460719027658e-18
6.4186648544390234e-18
6.577971057556047e-18
6.737277260673095e-18
6.896583463790143e-18
7.002787599201508e-18
7.162093802318557e-18
7.268297937729922e-18
7.42760414084697e-18
7.533808276258335e-18
7.693114479375384e-18
7.799318614786749e-18
7.958624817903797e-18
8.171033088726503e-18
8.330339291843551e-18
8.4896454949606e-18
8.70205376578333e-18
8.861359968900378e-18
9.020666172017426e-18
9.28617651054584e-18
9.445482713662888e-18
9.604788916779911e-18
9.710993052191277e-18
9.817197187602642e-18
9.97650339071969e-18
1.0188911661542421e-17
1.0295115796953787e-17
1.0401319932365152e-17
1.0507524067776517e-17
1.0719932338599248e-17
1.0879238541716296e-17
1.1038544744833344e-17
1.1144748880244685e-17
1.1410259218773099e-17
1.1569565421890147e-17
1.1675769557301512e-17
1.1781973692712877e-17
1.1888177828124243e-17
1.2047484031241291e-17
1.2153688166652656e-17
1.2259892302064022e-17
1.241919850518107e-17
1.2525402640592435e-17
1.2737810911415141e-17
1.289711711453219e-17
1.310952538535492e-17
1.3215729520766286e-17
1.3534341927000382e-17
1.3640546062411747e-17
1.3799852265528795e-17
1.411846467176289e-17
1.4277770874879915e-17
1.4437077077996963e-17
1.459638328111401e-17
1.475568948423106e-17
1.496809775505379e-17
1.518050602587652e-17
1.533981222899357e-17
1.5446016364404934e-17
1.5605322567521982e-17
1.581773083834469e-17
1.5923934973756054e-17
1.6136343244578785e-17
1.6295649447695833e-17
1.645495565081288e-17
1.6667363921635612e-17
1.6879772192458343e-17
1.703907839557539e-17
1.7304588734103804e-17
1.7410792869515145e-17
1.7676303208043558e-17
1.7835609411160607e-17
1.7941813546571972e-17
1.810111974968902e-17
1.8207323885100385e-17
1.8419732155923116e-17
1.8579038359040164e-17
1.8844548697568578e-17
1.8950752832979943e-17
1.9056956968391284e-17
1.9269365239214015e-17
1.9428671442331063e-17
1.9534875577742428e-17
1.9853487983976524e-17
2.0065896254799255e-17
2.0278304525621986e-17
2.038450866103335e-17
2.0543814864150375e-17
2.065001899956174e-17
2.0809325202678788e-17
2.0915529338090154e-17
2.102173347350152e-17
2.1181039676618567e-17
2.1287243812029933e-17
2.144655001514698e-17
2.1552754150558346e-17
2.165895828596971e-17
2.181826448908676e-17
2.1977570692203808e-17
2.2243081030732197e-17
2.2402387233849245e-17
2.2561693436966293e-17
2.2774101707789024e-17
2.288030584320039e-17
2.309271411402312e-17
2.3252020317140168e-17
2.3358224452551533e-17
2.34644285879629e-17
2.3676836858785605e-17
2.3836143061902653e-17
2.3942347197314018e-17
2.415475546813675e-17
2.4314061671253797e-17
2.4526469942076528e-17
2.4685776145193576e-17
2.479198028060494e-17
2.495128648372199e-17
2.5110592686839038e-17
2.5376103025367427e-17
2.5694715431601523e-17
2.5960225770129936e-17
2.6119531973246984e-17
2.622573610865835e-17
2.6331940244069715e-17
2.643814437948108e-17
2.6809858853420835e-17
2.69160629888322e-17
2.7022267124243566e-17
2.7234675395066296e-17
2.7340879530477662e-17
2.750018573359471e-17
2.787190020753449e-17
2.81374105460629e-17
2.824361468147427e-17
2.840292088459129e-17
2.861532915541402e-17
2.872153329082539e-17
2.8880839493942435e-17
2.89870436293538e-17
2.9093247764765166e-17
2.935875810329358e-17
2.951806430641063e-17
2.9624268441821993e-17
2.973047257723336e-17
2.9836676712644724e-17
2.9942880848056065e-17
3.010218705117311e-17
3.026149325429016e-17
3.0367697389701526e-17
3.068630979593562e-17
3.079251393134699e-17
3.0951820134464036e-17
3.1111126337581084e-17
3.148284081152086e-17
3.1589044946932204e-17
3.169524908234357e-17
3.185455528546062e-17
3.212006562398903e-17
3.233247389481176e-17
3.249178009792881e-17
3.270418836875154e-17
3.2969698707279954e-17
3.318210697810266e-17
3.3447617316631074e-17
3.355382145204244e-17
3.371312765515949e-17
3.3872433858276535e-17
3.39786379936879e-17
3.413794419680495e-17
3.4244148332216314e-17
3.4456556603039045e-17
3.456276073845041e-17
3.4775169009273116e-17
3.488137314468448e-17
3.498757728009585e-17
3.519998555091858e-17
3.546549588944699e-17
3.5571700024858357e-17
3.578410829568109e-17
3.589031243109245e-17
3.60496186342095e-17
3.626202690503221e-17
3.6421333108149255e-17
3.652753724356062e-17
3.668684344667767e-17
3.684614964979472e-17
3.7005455852911765e-17
3.711165998832313e-17
3.727096619144018e-17
3.7377170326851544e-17
3.748337446226291e-17
3.77488848007913e-17
3.8067497207025394e-17
3.822680341014244e-17
3.838610961325949e-17
3.8651619951787904e-17
3.881092615490495e-17
3.891713029031632e-17
3.902333442572768e-17
3.918264062884473e-17
3.9341946831961755e-17
3.944815096737312e-17
3.966055923819585e-17
3.987296750901858e-17
4.003227371213563e-17
4.0138477847546995e-17
4.0297784050664043e-17
4.045709025378109e-17
4.0563294389192457e-17
4.077570266001519e-17
4.0988110930837894e-17
4.114741713395494e-17
4.130672333707199e-17
4.1412927472483355e-17
4.1572233675600403e-17
4.173153987871745e-17
4.1837744014128817e-17
4.194394814954018e-17
4.205015228495155e-17
4.2209458488068596e-17
4.2368764691185644e-17
4.2474968826596984e-17
4.258117296200835e-17
4.27404791651254e-17
4.2899785368242446e-17
4.3059091571359494e-17
4.3271499842182225e-17
4.337770397759359e-17
4.359011224841632e-17
4.380252051923905e-17
4.4121132925473123e-17
4.422733706088449e-17
4.4333541196295854e-17
4.443974533170722e-17
4.4545949467118585e-17
4.4705255670235633e-17
4.4811459805647e-17
4.4917663941058364e-17
4.502386807646973e-17
4.518317427958678e-17
4.5342480482703826e-17
4.5554888753526556e-17
4.56610928889379e-17
4.5820399092054945e-17
4.5979705295171993e-17
4.608590943058336e-17
4.635141976911177e-17
4.651072597222882e-17
4.667003217534587e-17
4.6776236310757234e-17
4.693554251387428e-17
4.704174664928565e-17
4.714795078469699e-17
4.7307256987814036e-17
4.7519665258636767e-17
4.7678971461753815e-17
4.778517559716518e-17
4.7891379732576546e-17
4.8103788003399277e-17
4.820999213881064e-17
4.831619627422201e-17
4.8475502477339055e-17
4.858170661275042e-17
4.868791074816176e-17
4.879411488357313e-17
4.890031901898449e-17
4.905962522210154e-17
4.9165829357512906e-17
4.9378237628335637e-17
4.9484441763747e-17
4.964374796686405e-17
4.985615623768678e-17
4.9962360373098146e-17
5.006856450850951e-17
5.03340748470379e-17
5.049338105015495e-17
5.075889138868336e-17
5.091819759180041e-17
5.1024401727211776e-17
5.113060586262314e-17
5.128991206574019e-17
