6.277339133280901e-19
7.271278440102116e-19
8.265217746923331e-19
9.259157053744423e-19
1.1247035667386854e-18
1.3234914281029284e-18
1.5222792894671592e-18
1.6216732201492807e-18
1.7210671508313899e-18
1.870158046854566e-18
2.019248942877742e-18
2.1186428735598636e-18
2.416824665606216e-18
2.5162185962883374e-18
2.6653094923115135e-18
2.8144003883346896e-18
2.9634912843578658e-18
3.112582180381042e-18
3.261673076404218e-18
3.510157903109516e-18
3.758642729814813e-18
3.957430591179044e-18
4.0568245218611655e-18
4.205915417884342e-18
4.404703279248585e-18
4.553794175271761e-18
4.65318810595387e-18
4.7525820366359916e-18
4.951369898000222e-18
5.19985472470552e-18
5.2992486553876414e-18
5.398642586069751e-18
5.498036516751872e-18
5.647127412775048e-18
5.845915274139279e-18
5.945309204821413e-18
6.1440970661856436e-18
6.243490996867765e-18
6.442278858231996e-18
6.541672788914117e-18
6.740460650278348e-18
7.0386424423247e-18
7.138036373006822e-18
7.237430303688931e-18
7.386521199712107e-18
7.485915130394241e-18
7.58530906107635e-18
7.684702991758472e-18
7.93318781846377e-18
8.082278714486945e-18
8.181672645169055e-18
8.330763541192243e-18
8.479854437215407e-18
8.57924836789754e-18
8.728339263920692e-18
9.026521055967044e-18
9.125914986649178e-18
9.275005882672354e-18
9.374399813354464e-18
9.573187674718707e-18
9.722278570741883e-18
9.821672501424017e-18
1.0020460362788235e-17
1.0119854293470369e-17
1.0219248224152478e-17
1.0418036085516721e-17
1.0567126981539873e-17
1.0666520912222006e-17
1.0865308773586225e-17
1.1014399669609426e-17
1.1113793600291535e-17
1.1213187530973644e-17
1.1411975392337912e-17
1.1561066288361063e-17
1.1660460219043197e-17
1.1759854149725306e-17
1.1859248080407415e-17
1.195864201108955e-17
1.2058035941771658e-17
1.2306520768476968e-17
1.2405914699159053e-17
1.260470256052332e-17
1.2753793456546472e-17
1.2902884352569673e-17
1.3051975248592824e-17
1.3250763109957092e-17
1.3399854005980244e-17
1.3548944902003444e-17
1.379742972870873e-17
1.3996217590072948e-17
1.414530848609615e-17
1.42943993821193e-17
1.4592581174165653e-17
1.4741672070188853e-17
1.4841066000870963e-17
1.499015689689414e-17
1.5089550827576272e-17
1.5188944758258357e-17
1.528833868894049e-17
1.5437429584963667e-17
1.563621744632791e-17
1.578530834235106e-17
1.5934399238374262e-17
1.6033793169056396e-17
1.6232581030420615e-17
1.6331974961102748e-17
1.64810658571259e-17
1.6580459787808034e-17
1.6729550683831185e-17
1.6878641579854386e-17
1.7027732475877537e-17
1.712712640655967e-17
1.7226520337241805e-17
1.7425308198606023e-17
1.7574399094629224e-17
1.767379302531131e-17
1.792227785201662e-17
1.8021671782698728e-17
1.8270156609404013e-17
1.846894447076828e-17
1.8568338401450366e-17
1.86677323321325e-17
1.8767126262814633e-17
1.8866520193496718e-17
1.9115005020202052e-17
1.9214398950884137e-17
1.9413186812248405e-17
1.951258074293049e-17
1.97610655696358e-17
1.9860459500317908e-17
2.000955039634111e-17
2.0108944327023194e-17
2.0258035223046394e-17
2.0357429153728504e-17
2.0456823084410613e-17
2.0556217015092747e-17
2.065561094577488e-17
2.0804701841798032e-17
2.1053186668503317e-17
2.1202277564526518e-17
2.1401065425890736e-17
2.150045935657287e-17
2.1649550252596022e-17
2.1798641148619223e-17
2.1898035079301332e-17
2.2096822940665575e-17
2.219621687134771e-17
2.234530776737086e-17
2.2544095628735103e-17
2.2792580455440413e-17
2.2991368316804632e-17
2.3289550108850984e-17
2.343864100487416e-17
2.3587731900897336e-17
2.368712583157947e-17
2.383621672760262e-17
2.403500458896689e-17
2.418409548499004e-17
2.433318638101324e-17
2.4432580311695326e-17
2.453197424237746e-17
2.4681065138400636e-17
2.4780459069082745e-17
2.487985299976488e-17
2.5128337826470164e-17
2.5227731757152298e-17
2.5426519618516516e-17
2.552591354919865e-17
2.562530747988076e-17
2.5774398375903936e-17
2.5923489271927112e-17
2.6122277133291355e-17
2.6221671063973464e-17
2.6420458925337707e-17
2.6619246786701925e-17
2.671864071738406e-17
2.6917428578748278e-17
2.701682250943041e-17
2.7165913405453588e-17
2.7265307336135697e-17
2.746409519749994e-17
2.7613186093523116e-17
2.776227698954629e-17
2.78616709202284e-17
2.8060458781592644e-17
2.8159852712274754e-17
2.825924664295689e-17
2.8408337538980063e-17
2.850773146966217e-17
2.8656822365685373e-17
2.900470112307277e-17
2.920348898443701e-17
2.930288291511912e-17
2.9501670776483363e-17
2.970045863784758e-17
2.984954953387078e-17
2.9998640429893934e-17
3.0147731325917135e-17
3.0296822221940286e-17
3.039621615262242e-17
3.0495610083304554e-17
3.0644700979327705e-17
3.084348884069195e-17
3.094288277137406e-17
3.104227670205619e-17
3.11416706327383e-17
3.124106456342041e-17
3.1340458494102544e-17
3.1638640286148896e-17
3.178773118217207e-17
3.193682207819525e-17
3.2085912974218424e-17
3.22350038702416e-17
3.243379173160582e-17
3.253318566228795e-17
3.2632579592970086e-17
3.278167048899324e-17
3.288106441967537e-17
3.2980458350357506e-17
3.3179246211721724e-17
3.337803407308594e-17
3.3477428003768076e-17
3.357682193445021e-17
3.3676215865132295e-17
3.3924700691837605e-17
3.407379158786078e-17
3.4222882483883957e-17
3.4322276414566066e-17
3.44216703452482e-17
3.4570761241271376e-17
3.476954910263562e-17
3.491863999865877e-17
3.516712482536408e-17
3.526651875604619e-17
3.541560965206939e-17
3.5515003582751475e-17
3.561439751343361e-17
3.581318537479785e-17
3.596227627082103e-17
3.606167020150316e-17
3.6161064132185246e-17
3.6359851993549514e-17
3.64592459242316e-17
3.66083368202548e-17
3.675742771627795e-17
3.690651861230115e-17
3.7204700404347504e-17
3.730409433502964e-17
3.745318523105279e-17
3.7552579161734923e-17
3.765197309241703e-17
3.775136702309914e-17
3.7850760953781275e-17
3.809924578048656e-17
3.8248336676509737e-17
3.839742757253291e-17
3.854651846855609e-17
3.86459123992382e-17
3.87950032952614e-17
3.894409419128455e-17
3.909318508730775e-17
3.9341669914013037e-17
3.959015474071832e-17
3.9788942602082565e-17
4.0037427428787875e-17
4.0186518324811026e-17
4.0385306186175294e-17
4.063379101288058e-17
4.08325788742448e-17
4.0981669770268e-17
4.118045763163222e-17
4.147863942367857e-17
4.15780333543607e-17
4.1727124250383855e-17
4.1876215146407055e-17
4.1975609077089164e-17
4.212469997311234e-17
4.2273790869135517e-17
4.242288176515869e-17
4.2522275695840827e-17
4.262166962652291e-17
4.282045748788718e-17
4.2919851418569263e-17
4.311863927993353e-17
4.3218033210615616e-17
4.3565911968003035e-17
4.3715002864026236e-17
4.3814396794708345e-17
4.3913790725390454e-17
4.401318465607259e-17
4.4211972517436806e-17
4.436106341346001e-17
4.446045734414209e-17
4.465924520550636e-17
4.480833610152951e-17
4.495742699755271e-17
4.505682092823482e-17
4.515621485891693e-17
4.530530575494013e-17
4.545439665096328e-17
4.5653184512327525e-17
4.585197237369177e-17
4.595136630437388e-17
4.6050760235055987e-17
4.619985113107919e-17
4.634894202710234e-17
4.664712381914869e-17
4.684591168051296e-17
4.699500257653611e-17
4.7094396507218244e-17
4.7243487403241396e-17
4.734288133392353e-17
4.7442275264605663e-17
4.7740457056652016e-17
4.7939244918016234e-17
4.813803277938048e-17
4.8237426710062586e-17
4.843621457142683e-17
4.853560850210894e-17
4.863500243279107e-17
4.8784093328814224e-17
4.8933184224837425e-17
4.913197208620164e-17
4.9281062982224844e-17
4.9430153878247995e-17
4.962894173961226e-17
4.972833567029435e-17
4.9927123531658615e-17
5.0076214427681767e-17
5.022530532370497e-17
5.037439621972812e-17
5.057318408109236e-17
5.0771971942456605e-17
5.0871365873138714e-17
5.116954766518509e-17
5.131863856120824e-17
