5.143622157940232e-19
6.693140516070332e-19
8.242658874200555e-19
9.792177232330654e-19
1.1858201709837536e-18
1.2891213948590977e-18
1.44407323067212e-18
1.5473744545474517e-18
1.75397690229814e-18
1.908928738111162e-18
2.0638805739241598e-18
2.218832409737182e-18
2.322133633612526e-18
2.4254348574878702e-18
2.6320373052385584e-18
2.73533852911389e-18
2.8386397529892466e-18
2.9935915888022565e-18
3.0968928126776006e-18
3.2001940365529447e-18
3.3034952604282888e-18
3.4584470962412987e-18
3.613398932054309e-18
3.871651991742663e-18
3.974953215618019e-18
4.181555663368707e-18
4.284856887244039e-18
4.543109946932418e-18
4.698061782745415e-18
4.853013618558413e-18
5.059616066309126e-18
5.1629172901844576e-18
5.421170349872836e-18
5.576122185685834e-18
5.834375245374188e-18
5.937676469249544e-18
6.195929528937874e-18
6.4025319766885865e-18
6.60913442443925e-18
6.7124356483146064e-18
6.9190380960652946e-18
7.022339319940626e-18
7.228941767691339e-18
7.332242991566671e-18
7.487194827379669e-18
7.745447887068047e-18
7.848749110943379e-18
8.003700946756377e-18
8.158652782569424e-18
8.261954006444755e-18
8.416905842257753e-18
8.675158901946132e-18
8.778460125821463e-18
8.933411961634461e-18
9.243315633260506e-18
9.346616857135837e-18
9.55321930488655e-18
9.708171140699548e-18
9.81147236457488e-18
1.017302664813859e-17
1.0276327872013922e-17
1.0482930319764635e-17
1.0586231543639966e-17
1.0689532767515298e-17
1.0896135215266011e-17
1.1051087051079008e-17
1.1206038886892006e-17
1.1412641334642719e-17
1.1619243782393382e-17
1.1722545006268739e-17
1.1825846230144095e-17
1.2032448677894759e-17
1.2290701737583137e-17
1.2394002961458469e-17
1.2497304185333801e-17
1.2652256021146848e-17
1.2858858468897511e-17
1.311711152858589e-17
1.3220412752461222e-17
1.3323713976336554e-17
1.3478665812149551e-17
1.3633617647962598e-17
1.373691887183793e-17
1.3840220095713262e-17
1.4046822543463974e-17
1.4150123767339306e-17
1.4305075603152304e-17
1.4460027438965326e-17
1.471828049865368e-17
1.4873232334466702e-17
1.497653355834206e-17
1.5131485394155057e-17
1.5234786618030388e-17
1.5389738453843435e-17
1.5544690289656433e-17
1.569964212546943e-17
1.5906244573220143e-17
1.6112847020970807e-17
1.621614824484614e-17
1.6474401304534517e-17
1.657770252840985e-17
1.6681003752285205e-17
1.6887606200035894e-17
1.7094208647786557e-17
1.730081109553727e-17
1.7455762931350268e-17
1.75590641552256e-17
1.7765666602976312e-17
1.7972269050726976e-17
1.8178871498477688e-17
1.8333823334290686e-17
1.8437124558166018e-17
1.864372700591673e-17
1.8798678841729728e-17
1.890198006560506e-17
1.916023312529344e-17
1.9315184961106436e-17
1.952178740885715e-17
1.9728389856607813e-17
1.9831691080483144e-17
2.0038293528233857e-17
2.024489597598452e-17
2.0451498423735234e-17
2.0554799647610565e-17
2.0709751483423563e-17
2.086470331923661e-17
2.1019655155049607e-17
2.112295637892494e-17
2.1277908214737986e-17
2.1381209438613318e-17
2.1536161274426316e-17
2.1639462498301647e-17
2.1794414334114694e-17
2.1949366169927692e-17
2.215596861767838e-17
2.2259269841553736e-17
2.24658722893044e-17
2.272412534899278e-17
2.2879077184805776e-17
2.308567963255649e-17
2.318898085643182e-17
2.3343932692244818e-17
2.3602185751933197e-17
2.3757137587746195e-17
2.3912089423559192e-17
2.4015390647434573e-17
2.4118691871309905e-17
2.4221993095185237e-17
2.4480246154873616e-17
2.4635197990686613e-17
2.4738499214561945e-17
2.4945101662312658e-17
2.504840288618799e-17
2.515170411006332e-17
2.5255005333938653e-17
2.5461607781689366e-17
2.566821022944003e-17
2.5823162065253076e-17
2.5926463289128408e-17
2.6133065736879072e-17
2.6236366960754428e-17
2.6597921244318114e-17
2.675287308013116e-17
2.6856174304006493e-17
2.6959475527881824e-17
2.7166077975632537e-17
2.726937919950787e-17
2.73726804233832e-17
2.7475981647258532e-17
2.757928287113389e-17
2.773423470694691e-17
2.783753593082224e-17
2.7940837154697575e-17
2.804413837857293e-17
2.8199090214385953e-17
2.8405692662136617e-17
2.8508993886012e-17
2.881889755763799e-17
2.892219878151335e-17
2.9025500005388706e-17
2.9283753065077035e-17
2.943870490089008e-17
2.959365673670308e-17
2.969695796057841e-17
2.9851909796391434e-17
2.995521102026679e-17
3.005851224414212e-17
3.021346407995512e-17
3.0316765303830476e-17
3.04717171396435e-17
3.083327142320721e-17
3.093657264708254e-17
3.1143175094833204e-17
3.1246476318708585e-17
3.145307876645925e-17
3.1608030602272246e-17
3.171133182614763e-17
3.191793427389829e-17
3.202123549777362e-17
3.217618733358667e-17
3.2279488557462e-17
3.2537741617150355e-17
3.269269345296338e-17
3.279599467683871e-17
3.295094651265171e-17
3.3105898348464754e-17
3.331250079621542e-17
3.346745263202844e-17
3.3570753855903796e-17
3.3829006915592126e-17
3.393230813946748e-17
3.403560936334284e-17
3.429386242303117e-17
3.439716364690655e-17
3.4552115482719546e-17
3.465541670659488e-17
3.475871793047021e-17
3.496532037822092e-17
3.522357343790925e-17
3.5326874661784633e-17
3.5533477109535297e-17
3.563677833341063e-17
3.5791730169223675e-17
3.599833261697434e-17
3.620493506472503e-17
3.6308236288600383e-17
3.646318812441338e-17
3.656648934828871e-17
3.672144118410176e-17
3.682474240797709e-17
3.6928043631852423e-17
3.7031344855727755e-17
3.7134646079603136e-17
3.723794730347847e-17
3.7392899139291465e-17
3.754785097510449e-17
3.7754453422855176e-17
3.785775464673051e-17
3.796105587060584e-17
3.806435709448122e-17
3.816765831835655e-17
3.8374260766107216e-17
3.858086321385793e-17
3.878746566160859e-17
3.894241749742164e-17
3.904571872129697e-17
3.91490199451723e-17
3.93039717809853e-17
3.940727300486068e-17
3.951057422873601e-17
3.966552606454901e-17
3.9872128512299723e-17
3.9975429736175055e-17
4.013038157198805e-17
4.0285333407801075e-17
4.038863463167643e-17
4.0491935855551763e-17
4.0595237079427095e-17
4.069853830330245e-17
4.090514075105314e-17
4.100844197492847e-17
4.11117431988038e-17
4.136999625849218e-17
4.1576598706242845e-17
4.178320115399356e-17
4.188650237786889e-17
4.198980360174422e-17
4.214475543755727e-17
4.2299707273370266e-17
4.2454659109183264e-17
4.260961094499631e-17
4.276456278080931e-17
4.322941828824835e-17
4.333271951212368e-17
4.348767134793673e-17
4.359097257181206e-17
4.374592440762506e-17
4.390087624343808e-17
4.4055828079251103e-17
4.4262430527001767e-17
4.4520683586690145e-17
4.47789366463785e-17
4.493388848219152e-17
4.519214154187985e-17
4.53470933776929e-17
4.555369582544356e-17
4.5656997049318893e-17
4.591525010900727e-17
4.6173503168695626e-17
4.6380105616446314e-17
4.6586708064197e-17
4.669000928807236e-17
4.689661173582302e-17
4.6999912959698354e-17
4.725816601938673e-17
4.741311785519973e-17
4.756806969101278e-17
4.777467213876344e-17
4.792962397457644e-17
4.813622642232715e-17
4.823952764620248e-17
4.8394479482015505e-17
4.849778070589086e-17
4.8601081929766193e-17
4.875603376557919e-17
4.891098560139224e-17
4.9065937437205236e-17
4.916923866108057e-17
4.932419049689359e-17
4.9427491720768946e-17
4.9582443556581944e-17
4.973739539239494e-17
4.989234722820799e-17
5.020225089983401e-17
5.035720273564703e-17
5.046050395952236e-17
5.0563805183397694e-17
5.071875701921074e-17
5.087370885502374e-17
5.097701007889907e-17
5.113196191471209e-17
5.123526313858745e-17
5.133856436246278e-17
