4.0321628310625317e-19
5.655210035850673e-19
6.737241505709475e-19
9.442320180356419e-19
1.0524351650215098e-18
1.2688414589932702e-18
1.4311461794720843e-18
1.5934508999508985e-18
1.7016540469367663e-18
1.8639587674155805e-18
2.0262634878943946e-18
2.1885682083732088e-18
2.513177649330837e-18
2.7836855167955314e-18
2.8918886637814116e-18
3.0541933842602258e-18
3.270599678231974e-18
3.432904398710788e-18
3.541107545696668e-18
3.703412266175482e-18
3.8657169866542965e-18
3.9739201336401644e-18
4.1362248541189785e-18
4.298529574597793e-18
4.460834295076607e-18
4.569037442062487e-18
4.677240589048367e-18
4.785443736034235e-18
5.0018500300059955e-18
5.16415475048481e-18
5.2723578974706776e-18
5.651068911921252e-18
5.813373632400066e-18
5.921576779385934e-18
6.083881499864748e-18
6.2461862203435625e-18
6.4084909408223766e-18
6.570795661301191e-18
6.787201955272951e-18
6.949506675751765e-18
7.220014543216447e-18
7.328217690202328e-18
7.436420837188208e-18
7.544623984174076e-18
7.70692870465289e-18
8.031538145610518e-18
8.247944439582278e-18
8.410249160061093e-18
8.62665545403284e-18
8.788960174511655e-18
8.897163321497535e-18
9.059468041976349e-18
9.221772762455163e-18
9.329975909441031e-18
9.492280629919845e-18
9.87099164437042e-18
1.0033296364849234e-17
1.0195601085328048e-17
1.0412007379299796e-17
1.0574312099778623e-17
1.0790718393750371e-17
1.0898921540736251e-17
1.1007124687722119e-17
1.1169429408200933e-17
1.1277632555186813e-17
1.1385835702172694e-17
1.1656343569637376e-17
1.1872749863609136e-17
1.1980953010595004e-17
1.2143257731073818e-17
1.2413765598538512e-17
1.2576070319017327e-17
1.2900679759974955e-17
1.3062984480453769e-17
1.3171187627439649e-17
1.3333492347918463e-17
1.3549898641890211e-17
1.3712203362369026e-17
1.3820406509354906e-17
1.3928609656340774e-17
1.4253219097298402e-17
1.4361422244284282e-17
1.4469625391270162e-17
1.4631930111748976e-17
1.479423483222779e-17
1.4956539552706605e-17
1.5064742699692473e-17
1.5227047420171287e-17
1.5335250567157167e-17
1.5443453714143047e-17
1.560575843462186e-17
1.5768063155100676e-17
1.5876266302086543e-17
1.6038571022565358e-17
1.6200875743044172e-17
1.6471383610508866e-17
1.663368833098768e-17
1.674189147797356e-17
1.6850094624959428e-17
1.7012399345438242e-17
1.7120602492424123e-17
1.7282907212902937e-17
1.744521193338175e-17
1.7607516653860565e-17
1.7715719800846445e-17
1.787802452132526e-17
1.7986227668311127e-17
1.814853238878994e-17
1.8310837109268756e-17
1.8527243403240516e-17
1.868954812371933e-17
1.8851852844198144e-17
1.9068259138169892e-17
1.928466543214164e-17
1.9446970152620455e-17
1.9555173299606335e-17
1.971747802008515e-17
1.982568116707103e-17
1.9987985887549843e-17
2.0150290608028657e-17
2.0474900048986286e-17
2.06372047694651e-17
2.0745407916450968e-17
2.0961814210422728e-17
2.1124118930901542e-17
2.123232207788741e-17
2.134052522487329e-17
2.1502829945352105e-17
2.1611033092337985e-17
2.17733378128168e-17
2.1935642533295613e-17
2.204384568028148e-17
2.215204882726736e-17
2.236845512123911e-17
2.247665826822499e-17
2.258486141521087e-17
2.2801267709182618e-17
2.3071775576647312e-17
2.3234080297126126e-17
2.339638501760494e-17
2.361279131157669e-17
2.3775096032055503e-17
2.3937400752534317e-17
2.409970547301313e-17
2.4478416487463693e-17
2.464072120794252e-17
2.4857127501914268e-17
2.5073533795886028e-17
2.5289940089857776e-17
2.545224481033659e-17
2.566865110430834e-17
2.58850573982801e-17
2.6047362118758913e-17
2.615556526574478e-17
2.6317869986223595e-17
2.6642479427181223e-17
2.6750682574167104e-17
2.6912987294645918e-17
2.7237596735603546e-17
2.7345799882589426e-17
2.750810460306824e-17
2.7616307750054108e-17
2.777861247053292e-17
2.7940917191011737e-17
2.8049120337997617e-17
2.81573234849835e-17
2.842783135244818e-17
2.8590136072926993e-17
2.875244079340581e-17
2.886064394039169e-17
2.896884708737757e-17
2.9077050234363436e-17
2.9185253381349316e-17
2.9293456528335196e-17
2.945576124881401e-17
2.956396439579988e-17
2.983447226326457e-17
2.9996776983743387e-17
3.0104980130729267e-17
3.026728485120808e-17
3.0429589571686895e-17
3.059189429216571e-17
3.070009743915158e-17
3.086240215963039e-17
3.097060530661627e-17
3.118701160058802e-17
3.12952147475739e-17
3.1565722615038594e-17
3.178212890901034e-17
3.189033205599622e-17
3.199853520298209e-17
3.226904307044677e-17
3.243134779092561e-17
3.253955093791148e-17
3.275595723188324e-17
3.291826195236203e-17
3.308056667284087e-17
3.3188769819826736e-17
3.3405176113798496e-17
3.362158240777023e-17
3.3729785554756124e-17
3.3892090275234914e-17
3.4000293422220806e-17
3.421669971619254e-17
3.443310601016433e-17
3.470361387762901e-17
3.4920020171600745e-17
3.5244629612558373e-17
3.5352832759544266e-17
3.5515137480023055e-17
3.562334062700895e-17
3.573154377399484e-17
3.589384849447363e-17
3.616435636193831e-17
3.6380762655910097e-17
3.665127052337478e-17
3.6867676817346515e-17
3.697587996433241e-17
3.7084083111318275e-17
3.719228625830414e-17
3.7300489405290035e-17
3.7408692552275903e-17
3.757099727275472e-17
3.767920041974061e-17
3.78415051402194e-17
3.794970828720529e-17
3.8220216154669974e-17
3.8328419301655867e-17
3.843662244864171e-17
3.8707130316106417e-17
3.892353661007818e-17
3.9031739757064045e-17
3.930224762452875e-17
3.9410450771514595e-17
3.96809586389793e-17
3.995146650644401e-17
4.01137712269228e-17
4.038427909438748e-17
4.049248224137337e-17
4.0654786961852186e-17
4.0871193255823947e-17
4.108759954979568e-17
4.1358107417260364e-17
4.1520412137739203e-17
4.173681843171094e-17
4.184502157869683e-17
4.2115529446161514e-17
4.249424046061209e-17
4.2818849901569716e-17
4.303525619554145e-17
4.319756091602029e-17
4.335986563649908e-17
4.352217035697792e-17
4.368447507745671e-17
4.37926782244426e-17
4.395498294492139e-17
4.411728766540023e-17
4.4333693959371965e-17
4.4495998679850804e-17
4.460420182683665e-17
4.4928811267794276e-17
4.503701441478017e-17
4.514521756176606e-17
4.5361623855737797e-17
4.563213172320248e-17
4.574033487018837e-17
4.5848538017174264e-17
4.5956741164160107e-17
4.6119045884638946e-17
4.633545217861068e-17
4.649775689908952e-17
4.666006161956831e-17
4.687646791354007e-17
4.698467106052594e-17
4.72010773544977e-17
4.7309280501483566e-17
4.741748364846946e-17
4.757978836894825e-17
4.768799151593414e-17
4.7796194662920033e-17
4.795849938339882e-17
4.8174905677370583e-17
4.844541354483529e-17
4.860771826531408e-17
4.871592141229997e-17
4.882412455928584e-17
4.893232770627171e-17
4.90405308532576e-17
4.920283557373639e-17
4.9419241867708175e-17
4.963564816167991e-17
4.9743851308665803e-17
4.990615602914459e-17
5.0014359176130485e-17
5.023076547010222e-17
5.039307019058106e-17
5.055537491105985e-17
5.077178120503161e-17
5.087998435201748e-17
5.1042289072496316e-17
5.115049221948216e-17
5.1312796939961e-17
