4.701398570170111e-19
5.732441713278338e-19
6.763484856386688e-19
8.310049571049213e-19
9.341092714157316e-19
1.1918700571928191e-18
1.3980786858144644e-18
1.552735157280717e-18
1.7073916287469694e-18
1.8104959430577798e-18
1.9651524145240322e-18
2.0682567288348672e-18
2.1713610431457022e-18
2.3775696717673476e-18
2.4806739860781826e-18
2.5837783003890175e-18
2.686882614699828e-18
2.789986929010663e-18
2.893091243321498e-18
3.047747714787738e-18
3.2539563434093957e-18
3.3570606577202307e-18
3.4601649720310657e-18
3.563269286341876e-18
3.666373600652711e-18
3.872582229274381e-18
3.975686543585191e-18
4.078790857896026e-18
4.233447329362279e-18
4.439655957983924e-18
4.645864586605594e-18
4.8520732152272395e-18
5.006729686693492e-18
5.109834001004327e-18
5.2129383153151496e-18
5.316042629625972e-18
5.419146943936807e-18
5.522251258247642e-18
5.7284598868692876e-18
5.986220672646375e-18
6.2955336155788554e-18
6.501742244200513e-18
6.656398715666753e-18
6.759503029977588e-18
6.862607344288423e-18
7.068815972910069e-18
7.223472444376321e-18
7.429681072997966e-18
7.532785387308801e-18
7.687441858775054e-18
7.996754801707534e-18
8.099859116018369e-18
8.202963430329204e-18
8.40917205895085e-18
8.61538068757252e-18
8.71848500188333e-18
8.821589316194165e-18
9.07935010197124e-18
9.23400657343748e-18
9.337110887748315e-18
9.491767359214568e-18
9.594871673525378e-18
9.801080302147048e-18
9.955736773613288e-18
1.0161945402234946e-17
1.026504971654578e-17
1.0522810502322844e-17
1.0677466973789096e-17
1.0883675602410741e-17
1.1038332073876994e-17
1.1141436388187829e-17
1.1244540702498652e-17
1.1347645016809474e-17
1.1553853645431144e-17
1.1708510116897372e-17
1.196627090267446e-17
1.2172479531296105e-17
1.227558384560694e-17
1.248179247422861e-17
1.279110541716109e-17
1.2894209731471925e-17
1.2997314045782735e-17
1.3151970517248988e-17
1.330662698871524e-17
1.3461283460181468e-17
1.3564387774492303e-17
1.3719044245958556e-17
1.39252528745802e-17
1.4079909346046454e-17
1.428611797466811e-17
1.4389222288978934e-17
1.4543878760445186e-17
1.464698307475602e-17
1.480163954622225e-17
1.4956296017688502e-17
1.5162504646310147e-17
1.5368713274931817e-17
1.5471817589242652e-17
1.5574921903553475e-17
1.5678026217864297e-17
1.5884234846485967e-17
1.6038891317952195e-17
1.6193547789418448e-17
1.6296652103729283e-17
1.6399756418040105e-17
1.6709069360972598e-17
1.6812173675283433e-17
1.6915277989594243e-17
1.7069934461060496e-17
1.732769524683756e-17
1.753390387545923e-17
1.7637008189770064e-17
1.779166466123629e-17
1.7894768975547126e-17
1.8100977604168796e-17
1.8307186232790442e-17
1.8410290547101277e-17
1.8616499175722922e-17
1.8719603490033757e-17
1.8822707804344592e-17
1.8925812118655427e-17
1.9080468590121655e-17
1.918357290443249e-17
1.938978153305416e-17
1.949288584736497e-17
1.9595990161675805e-17
1.9750646633142058e-17
1.985375094745288e-17
2.0059959576074538e-17
2.0163063890385373e-17
2.0317720361851613e-17
2.0575481147628688e-17
2.0781689776250334e-17
2.0936346247716586e-17
2.103945056202742e-17
2.1142554876338244e-17
2.1245659190649066e-17
2.1451867819270736e-17
2.1606524290736977e-17
2.1761180762203217e-17
2.191583723366947e-17
2.2018941547980292e-17
2.2276702333757367e-17
2.2431358805223607e-17
2.2689119591000682e-17
2.2843776062466935e-17
2.2998432533933163e-17
2.3204641162554833e-17
2.3410849791176478e-17
2.372016273410897e-17
2.3823267048419793e-17
2.3926371362730628e-17
2.408102783419688e-17
2.4338788619973944e-17
2.4493445091440196e-17
2.4648101562906424e-17
2.4802758034372676e-17
2.5008966662994346e-17
2.5112070977305157e-17
2.526672744877141e-17
2.557604039170389e-17
2.578224902032556e-17
2.5988457648947205e-17
2.6246218434724292e-17
2.6349322749035115e-17
2.6452427063345938e-17
2.660708353481219e-17
2.676174000627843e-17
2.6967948634900088e-17
2.712260510636634e-17
2.7277261577832568e-17
2.7380365892143403e-17
2.7535022363609656e-17
2.7689678835075884e-17
2.779278314938672e-17
2.7895887463697554e-17
2.8050543935163794e-17
2.8205200406630034e-17
2.8411409035251704e-17
2.8514513349562514e-17
2.8720721978184184e-17
2.9030034921116665e-17
2.928779570689375e-17
2.94940043355154e-17
2.959710864982623e-17
2.9751765121292485e-17
2.990642159275871e-17
3.000952590706955e-17
3.0215734535691205e-17
3.0370391007157446e-17
3.0576599635779115e-17
3.0679703950089926e-17
3.0885912578711596e-17
3.104056905017785e-17
3.1246777678799494e-17
3.1452986307421164e-17
3.1556090621731974e-17
3.181385140750906e-17
3.2020060036130707e-17
3.217471650759696e-17
3.243247729337402e-17
3.253558160768486e-17
3.274179023630653e-17
3.29479988649282e-17
3.3205759650705235e-17
3.3411968279326905e-17
3.351507259363774e-17
3.3824385536570245e-17
3.4236802793813536e-17
3.439145926527979e-17
3.4494563579590623e-17
3.4649220051056876e-17
3.480387652252308e-17
3.4906980836833914e-17
3.501008515114475e-17
3.5113189465455584e-17
3.537095025123267e-17
3.5474054565543506e-17
3.5577158879854317e-17
3.568026319416513e-17
3.583491966563138e-17
3.5938023979942215e-17
3.604112829425305e-17
3.61957847657193e-17
3.6350441237185555e-17
3.6556649865807175e-17
3.671130633727343e-17
3.681441065158426e-17
3.69175149658951e-17
3.712372359451677e-17
3.72268279088276e-17
3.753614085176006e-17
3.7639245166070893e-17
3.774234948038173e-17
3.789700595184798e-17
3.8000110266158816e-17
3.820631889478046e-17
3.830942320909127e-17
3.8464079680557524e-17
3.8618736152023776e-17
3.877339262349003e-17
3.8876496937800864e-17
3.89796012521117e-17
3.91342577235779e-17
3.934046635219957e-17
3.954667498082124e-17
3.964977929513208e-17
3.995909223806453e-17
4.006219655237537e-17
4.021685302384162e-17
4.0319957338152455e-17
4.042306165246329e-17
4.0526165966774125e-17
4.068082243824038e-17
4.0938583224017416e-17
4.104168753832825e-17
4.124789616694992e-17
4.150565695272701e-17
4.166031342419321e-17
4.1814969895659464e-17
4.1969626367125716e-17
4.212428283859197e-17
4.227893931005822e-17
4.2433595781524474e-17
4.253670009583526e-17
4.269135656730151e-17
4.2846013038767765e-17
4.29491173530786e-17
4.320687813885569e-17
4.330998245316652e-17
4.351619108178814e-17
4.3670847553254395e-17
4.382550402472065e-17
4.4083264810497735e-17
4.418636912480857e-17
4.4289473439119356e-17
4.439257775343019e-17
4.459878638205186e-17
4.4908099324984366e-17
4.50112036392952e-17
4.521741226791682e-17
4.5320516582227657e-17
4.547517305369391e-17
4.5578277368004744e-17
4.568138168231558e-17
4.583603815378183e-17
4.609379893955887e-17
4.645466403964679e-17
4.655776835395763e-17
4.671242482542388e-17
4.686708129689008e-17
4.7021737768356335e-17
4.727949855413342e-17
4.748570718275509e-17
4.758881149706593e-17
4.774346796853213e-17
4.7898124439998383e-17
4.800122875430922e-17
4.820743738293089e-17
4.836209385439714e-17
4.8465198168707976e-17
4.856830248301876e-17
4.8929167583106684e-17
4.918692836888377e-17
4.9290032683194606e-17
4.944468915466081e-17
4.97024499404379e-17
4.980555425474873e-17
4.9960210726214985e-17
5.011486719768124e-17
5.021797151199207e-17
5.0372627983458275e-17
5.047573229776911e-17
5.0578836612079945e-17
5.07334930835462e-17
5.083659739785703e-17
5.093970171216787e-17
5.10428060264787e-17
5.114591034078949e-17
5.135211896941116e-17
