5.102472456954644e-19
7.211890849320465e-19
8.79395464359483e-19
9.848663839777741e-19
1.0903373035960652e-18
1.459485522260084e-18
1.564956441878375e-18
1.7231628213058116e-18
1.881369200733248e-18
2.145046499778976e-18
2.3032528792064124e-18
2.4087237988247035e-18
2.5141947184429945e-18
2.6196656380612856e-18
2.7251365576795767e-18
2.8833429371070133e-18
2.9888138567253043e-18
3.147020236152741e-18
3.3052266155801775e-18
3.4106975351984686e-18
3.568903914625905e-18
3.779845753862487e-18
3.938052133289924e-18
4.0962585127173605e-18
4.3072003519539426e-18
4.465406731381379e-18
4.676348570617961e-18
4.834554950045398e-18
4.940025869663689e-18
5.04549678928198e-18
5.150967708900271e-18
5.361909548136853e-18
5.52011592756429e-18
5.7837932266100174e-18
5.8892641462283085e-18
5.9947350658465996e-18
6.311147824701473e-18
6.416618744319764e-18
6.627560583556346e-18
6.838502422792928e-18
6.943973342411219e-18
7.04944426202951e-18
7.154915181647801e-18
7.260386101266092e-18
7.365857020884383e-18
7.471327940502674e-18
7.576798860120965e-18
7.735005239548402e-18
7.945947078784984e-18
8.262359837639857e-18
8.367830757258148e-18
8.47330167687644e-18
8.631508056303876e-18
8.789714435731313e-18
8.895185355349604e-18
9.158862654395331e-18
9.264333574013622e-18
9.422539953441059e-18
9.52801087305935e-18
9.633481792677641e-18
9.844423631914223e-18
1.0213571850578242e-17
1.0424513689814824e-17
1.0688190988860552e-17
1.0846397368287988e-17
1.1110074667333716e-17
1.1215545586952007e-17
1.142648742618859e-17
1.153195834580688e-17
1.1690164725234317e-17
1.200657748408919e-17
1.2164783863516627e-17
1.2428461162562354e-17
1.2639403001798936e-17
1.2744873921417228e-17
1.2903080300844664e-17
1.30612866802721e-17
1.3166757599890392e-17
1.3272228519508683e-17
1.343043489893612e-17
1.353590581855441e-17
1.3694112197981847e-17
1.3852318577409284e-17
1.401052495683672e-17
1.411599587645501e-17
1.4221466796073302e-17
1.4326937715691593e-17
1.448514409511903e-17
1.459061501473732e-17
1.4748821394164758e-17
1.485429231378305e-17
1.495976323340134e-17
1.506523415301963e-17
1.5170705072637922e-17
1.532891145206536e-17
1.543438237168365e-17
1.5592588751111086e-17
1.5698059670729377e-17
1.601447242958425e-17
1.6172678809011687e-17
1.6278149728629978e-17
1.638362064824827e-17
1.648909156786656e-17
1.659456248748485e-17
1.6700033407103142e-17
1.685823978653058e-17
1.7121917085576307e-17
1.7280123465003743e-17
1.7385594384622034e-17
1.754380076404947e-17
1.7649271683667762e-17
1.7860213522904344e-17
1.8123890821950072e-17
1.8229361741568363e-17
1.83875681209958e-17
1.849303904061409e-17
1.859850996023238e-17
1.886218725927811e-17
1.9020393638705546e-17
1.9178600018132982e-17
1.9495012776987855e-17
1.981142553584273e-17
2.0075102834888456e-17
2.0180573754506747e-17
2.0338780133934184e-17
2.0444251053552475e-17
2.0655192892789057e-17
2.0918870191834785e-17
2.1024341111453076e-17
2.1182547490880512e-17
2.1288018410498803e-17
2.1498960249735386e-17
2.1657166629162822e-17
2.1762637548781113e-17
2.1868108468399404e-17
2.2079050307635986e-17
2.228999214687257e-17
2.239546306649086e-17
2.2553669445918296e-17
2.2764611285154878e-17
2.297555312439146e-17
2.3133759503818897e-17
2.334470134305548e-17
2.345017226267377e-17
2.3608378642101207e-17
2.3713849561719498e-17
2.381932048133779e-17
2.4082997780383517e-17
2.42939396196201e-17
2.439941053923839e-17
2.450488145885668e-17
2.4715823298093238e-17
2.4874029677520675e-17
2.503223605694811e-17
2.5243177896184694e-17
2.550685519523042e-17
2.5665061574657858e-17
2.5823267954085294e-17
2.6086945253131022e-17
2.6192416172749313e-17
2.6297887092367604e-17
2.6403358011985895e-17
2.6561564391413332e-17
2.6667035311031623e-17
2.6772506230649914e-17
2.693071261007735e-17
2.7247125368932224e-17
2.740533174835966e-17
2.7616273587596243e-17
2.777447996702368e-17
2.787995088664197e-17
2.798542180626026e-17
2.809089272587855e-17
2.8301834565115134e-17
2.846004094454257e-17
2.861824732397001e-17
2.8776453703397444e-17
2.8987395542634026e-17
2.909286646225232e-17
2.93038083014889e-17
2.9462014680916336e-17
2.956748560053463e-17
2.967295652015292e-17
2.977842743977121e-17
2.98838983593895e-17
2.998936927900779e-17
3.014757565843523e-17
3.025304657805352e-17
3.035851749767181e-17
3.0516723877099247e-17
3.0674930256526683e-17
3.109681393499985e-17
3.1360491234045575e-17
3.1465962153663866e-17
3.157143307328216e-17
3.1729639452709594e-17
3.199331675175532e-17
3.209878767137361e-17
3.2309729510610195e-17
3.246793589003763e-17
3.2678877729274213e-17
3.2889819568510796e-17
3.304802594793823e-17
3.320623232736567e-17
3.3469909626411396e-17
3.357538054602969e-17
3.378632238526627e-17
3.3944528764693706e-17
3.410273514412114e-17
3.426094152354858e-17
3.447188336278516e-17
3.457735428240345e-17
3.4682825202021744e-17
3.484103158144918e-17
3.4999237960876617e-17
3.510470888049491e-17
3.5262915259922344e-17
3.5473857099158927e-17
3.589574077763209e-17
3.600121169725038e-17
3.615941807667782e-17
3.626488899629611e-17
3.63703599159144e-17
3.647583083553269e-17
3.673950813457842e-17
3.684497905419671e-17
3.700318543362415e-17
3.7161391813051584e-17
3.731959819247902e-17
3.742506911209731e-17
3.7741481870952184e-17
3.7846952790570476e-17
3.800515916999791e-17
3.826883646904364e-17
3.837430738866193e-17
3.853251376808937e-17
3.863798468770766e-17
3.8796191067135095e-17
3.8901661986753386e-17
3.911260382598997e-17
3.932354566522655e-17
3.953448750446313e-17
3.9745429343699715e-17
3.9956371182936297e-17
4.006184210255459e-17
4.016731302217288e-17
4.0325519401600315e-17
4.05364612408369e-17
4.0694667620264334e-17
4.085287399969177e-17
4.101108037911921e-17
4.11165512987375e-17
4.1274757678164935e-17
4.143296405759237e-17
4.153843497721066e-17
4.16966413566381e-17
4.1854847736065536e-17
4.206578957530212e-17
4.238220233415699e-17
4.248767325377528e-17
4.2593144173393573e-17
4.2804086012630155e-17
4.312049877148503e-17
4.322596969110332e-17
4.333144061072161e-17
4.354238244995819e-17
4.3647853369576484e-17
4.396426612843136e-17
4.417520796766794e-17
4.438614980690452e-17
4.4597091646141103e-17
4.4702562565759395e-17
4.486076894518683e-17
4.512444624423256e-17
4.522991716385085e-17
4.533538808346914e-17
4.544085900308743e-17
4.554632992270572e-17
4.570453630213316e-17
4.591547814136974e-17
4.6126419980606324e-17
4.628462636003376e-17
4.64428327394612e-17
4.6601039118888634e-17
4.675924549831607e-17
4.6917451877743507e-17
4.7075658257170943e-17
4.7181129176789234e-17
4.7392071016025817e-17
4.749754193564411e-17
4.7655748315071544e-17
4.781395469449898e-17
4.802489653373556e-17
4.8130367453353854e-17
4.8235838372972145e-17
4.844678021220873e-17
4.8604986591636164e-17
4.87631929710636e-17
4.897413481030018e-17
4.913234118972762e-17
4.9396018488773347e-17
4.950148940839164e-17
4.981790216724651e-17
4.99233730868648e-17
5.008157946629224e-17
5.0239785845719675e-17
5.0345256765337966e-17
5.05034631447654e-17
5.066166952419284e-17
5.0819875903620276e-17
5.103081774285686e-17
5.113628866247515e-17
5.134723050171173e-17
