4.706924215870257e-19
5.714355881070736e-19
7.225503378871332e-19
8.736650876672051e-19
1.1255230039673127e-18
1.2766377537473723e-18
1.3773809202674202e-18
1.5284956700474798e-18
1.6292388365675278e-18
1.7299820030875757e-18
1.9314683361276593e-18
2.0322115026477073e-18
2.132954669167743e-18
2.3344410022078388e-18
2.636670501767958e-18
2.838156834808054e-18
2.9389000013280895e-18
3.0900147511081615e-18
3.291501084148245e-18
3.392244250668293e-18
3.5433590004483526e-18
3.79521691674846e-18
3.895960083268508e-18
4.047074833048568e-18
4.147817999568616e-18
4.298932749348675e-18
4.500419082388771e-18
4.601162248908807e-18
4.752276998688879e-18
5.155249664769046e-18
5.3567359978091294e-18
5.558222330849225e-18
5.658965497369261e-18
5.810080247149333e-18
5.910823413669381e-18
6.0619381634494404e-18
6.162681329969488e-18
6.364167663009572e-18
6.4649108295296076e-18
6.6663971625697035e-18
6.767140329089739e-18
6.968626662129823e-18
7.119741411909895e-18
7.270856161689967e-18
7.371599328210002e-18
7.673828827770134e-18
7.824943577550193e-18
7.925686744070241e-18
8.278287826890397e-18
8.429402576670456e-18
8.530145743190504e-18
8.681260492970564e-18
8.782003659490612e-18
8.933118409270671e-18
9.134604742310767e-18
9.235347908830803e-18
9.48720582513091e-18
9.587948991650958e-18
9.688692158171006e-18
9.89017849121109e-18
1.0142036407511198e-17
1.0293151157291257e-17
1.0494637490331353e-17
1.0645752240111413e-17
1.074649540663146e-17
1.0847238573151496e-17
1.0998353322931568e-17
1.1250211239231676e-17
1.1401325989011735e-17
1.1602812322051831e-17
1.1753927071831891e-17
1.1955413404871974e-17
1.215689973791207e-17
1.2358386070952154e-17
1.2509500820732213e-17
1.2761358737032321e-17
1.2862101903552369e-17
1.3013216653332429e-17
1.3265074569632536e-17
1.3416189319412608e-17
1.356730406919268e-17
1.371841881897274e-17
1.3819161985492788e-17
1.3970276735272847e-17
1.427250623483298e-17
1.4524364151133086e-17
1.472585048417317e-17
1.4977708400473277e-17
1.512882315025335e-17
1.527993790003341e-17
1.5380681066553457e-17
1.5481424233073492e-17
1.558216739959354e-17
1.5834025315893648e-17
1.5934768482413696e-17
1.613625481545378e-17
1.628736956523385e-17
1.6388112731753887e-17
1.6488855898273935e-17
1.658959906479397e-17
1.6740713814574043e-17
1.6891828564354102e-17
1.699257173087415e-17
1.7244429647174258e-17
1.739554439695433e-17
1.754665914673439e-17
1.769777389651445e-17
1.7798517063034497e-17
1.7899260229554545e-17
1.800000339607458e-17
1.8100746562594628e-17
1.8302232895634712e-17
1.8453347645414796e-17
1.855409081193482e-17
1.8705205561714904e-17
1.895706347801501e-17
1.9108178227795046e-17
1.920892139431512e-17
1.9309664560835142e-17
1.941040772735519e-17
1.9511150893875238e-17
1.961189406039526e-17
1.9763008810175345e-17
1.9914123559955405e-17
2.0014866726475453e-17
2.026672464277556e-17
2.0468210975815657e-17
2.056895414233568e-17
2.0720068892115764e-17
2.092155522515586e-17
2.1022298391675883e-17
2.112304155819593e-17
2.122378472471598e-17
2.1324527891236002e-17
2.1425271057756075e-17
2.1626757390796146e-17
2.1828243723836218e-17
2.223121638991641e-17
2.238233113969647e-17
2.2483074306216517e-17
2.2634189055996577e-17
2.2734932222516624e-17
2.2886046972296684e-17
2.3037161722076744e-17
2.328901963837685e-17
2.3440134388156935e-17
2.354087755467696e-17
2.3792735470977066e-17
2.3994221804017162e-17
2.424607972031727e-17
2.4598680803137425e-17
2.4699423969657473e-17
2.4800167136177497e-17
2.490091030269757e-17
2.5052025052477604e-17
2.52535113855177e-17
2.5404626135297784e-17
2.5555740885077844e-17
2.5757227218117915e-17
2.5857970384637988e-17
2.6009085134418023e-17
2.626094305071813e-17
2.6412057800498214e-17
2.6563172550278274e-17
2.6714287300058334e-17
2.6815030466578382e-17
2.691577363309843e-17
2.7016516799618453e-17
2.7117259966138525e-17
2.726837471591856e-17
2.7469861048958656e-17
2.7671347381998752e-17
2.7772090548518776e-17
2.787283371503885e-17
2.797357688155887e-17
2.8074320048078944e-17
2.817506321459897e-17
2.832617796437905e-17
2.8426921130899075e-17
2.857803588067916e-17
2.877952221371923e-17
2.893063696349929e-17
2.9132123296539386e-17
2.9283238046319445e-17
2.9484724379359517e-17
2.958546754587959e-17
2.9837325462179697e-17
2.993806862869972e-17
3.0089183378479804e-17
3.024029812825984e-17
3.0391412878039924e-17
3.054252762782001e-17
3.069364237760004e-17
3.0794385544120115e-17
3.089512871064014e-17
3.104624346042022e-17
3.119735821020026e-17
3.134847295998034e-17
3.14995877097604e-17
3.165070245954046e-17
3.190256037584057e-17
3.2053675125620653e-17
3.2154418292140677e-17
3.230553304192076e-17
3.265813412474089e-17
3.285962045778099e-17
3.301073520756105e-17
3.3111478374081095e-17
3.326259312386118e-17
3.3413707873641214e-17
3.3514451040161287e-17
3.366556578994132e-17
3.3766308956461394e-17
3.391742370624143e-17
3.4068538456021514e-17
3.416928162254154e-17
3.427002478906161e-17
3.447151112210168e-17
3.4773740621661825e-17
3.487448378818185e-17
3.4975226954701896e-17
3.5075970121221944e-17
3.5227084871002003e-17
3.537819962078206e-17
3.563005753708217e-17
3.5831543870122266e-17
3.5932287036642314e-17
3.618414495294242e-17
3.633525970272248e-17
3.643600286924253e-17
3.658711761902259e-17
3.668786078554264e-17
3.6788603952062685e-17
3.699009028510278e-17
3.719157661814285e-17
3.754417770096301e-17
3.769529245074307e-17
3.789677878378314e-17
3.8098265116823234e-17
3.840049461638338e-17
3.855160936616344e-17
3.8652352532683486e-17
3.885383886572356e-17
3.895458203224363e-17
3.91560683652837e-17
3.930718311506376e-17
3.940792628158381e-17
3.9508669448103856e-17
3.9659784197883916e-17
3.9810898947663976e-17
3.9911642114184024e-17
4.001238528070407e-17
4.0113128447224095e-17
4.026424319700418e-17
4.041535794678424e-17
4.05664726965643e-17
4.0767959029604394e-17
4.096944536264449e-17
4.1070188529164513e-17
4.1170931695684586e-17
4.132204644546462e-17
4.157390436176473e-17
4.1825762278064836e-17
4.202724861110493e-17
4.222873494414503e-17
4.237984969392509e-17
4.258133602696516e-17
4.268207919348523e-17
4.2833193943265266e-17
4.293393710978534e-17
4.303468027630536e-17
4.313542344282541e-17
4.3336909775865506e-17
4.3437652942385554e-17
4.353839610890558e-17
4.368951085868566e-17
4.384062560846572e-17
4.399174035824578e-17
4.4142855108025865e-17
4.424359827454589e-17
4.4495456190845996e-17
4.469694252388609e-17
4.4797685690406115e-17
4.489842885692619e-17
4.499917202344621e-17
4.509991518996626e-17
4.525102993974632e-17
4.5502887856046426e-17
4.565400260582651e-17
4.5754745772346534e-17
4.590586052212662e-17
4.605697527190668e-17
4.6157718438426725e-17
4.6308833188206785e-17
4.640957635472683e-17
4.6510319521246856e-17
4.666143427102694e-17
4.6862920604067036e-17
4.706440693710711e-17
4.721552168688717e-17
4.7316264853407215e-17
4.7467379603187275e-17
4.756812276970732e-17
4.771923751948738e-17
4.792072385252748e-17
4.807183860230754e-17
4.8172581768827586e-17
4.837406810186768e-17
4.852518285164774e-17
4.86762976014278e-17
4.892815551772791e-17
4.9280756600548064e-17
4.9431871350328124e-17
4.953261451684817e-17
4.973410084988824e-17
4.9834844016408315e-17
4.993558718292834e-17
5.0036330349448387e-17
5.0187445099228446e-17
5.033855984900853e-17
5.0439303015528554e-17
5.064078934856865e-17
5.0842275681608746e-17
5.094301884812877e-17
5.1194876764428876e-17
5.134599151420896e-17
