4.355335906513457e-19
5.295730718362193e-19
6.706322936135296e-19
9.057309965757135e-19
1.1408296995378974e-18
1.2818889213152077e-18
1.3759284025000936e-18
1.516987624277404e-18
1.6110271054622775e-18
1.705066586647151e-18
1.8461258084244614e-18
2.0342047707942085e-18
2.222283733163968e-18
2.3633429549412783e-18
2.457382436126152e-18
2.5984416579034622e-18
2.833540360865646e-18
3.0686390638278423e-18
3.2567180261975894e-18
3.350757507382463e-18
3.4447969885673365e-18
3.53883646975221e-18
3.7269154321219695e-18
3.820954913306843e-18
4.00903387567659e-18
4.1500930974539005e-18
4.291152319231211e-18
4.3851918004160844e-18
4.526251022193407e-18
4.6673102439707174e-18
5.043468168710212e-18
5.231547131079959e-18
5.372606352857269e-18
5.466645834042155e-18
5.5606853152270285e-18
5.654724796411902e-18
5.7957840181892124e-18
5.936843239966523e-18
6.077902461743833e-18
6.218961683521156e-18
6.360020905298466e-18
6.45406038648334e-18
6.548099867668213e-18
6.6891590894455236e-18
6.877238051815271e-18
7.06531701418503e-18
7.253395976554777e-18
7.394455198332088e-18
7.488494679516961e-18
7.676573641886708e-18
7.770613123071582e-18
7.864652604256468e-18
7.958692085441341e-18
8.052731566626215e-18
8.240810528995962e-18
8.428889491365709e-18
8.522928972550583e-18
8.663988194327905e-18
8.899086897290089e-18
8.993126378474963e-18
9.134185600252273e-18
9.275244822029583e-18
9.51034352499178e-18
9.65140274676909e-18
9.839481709138837e-18
1.0027560671508584e-17
1.0215639633878331e-17
1.0450738336840527e-17
1.0591797558617838e-17
1.0732856780395148e-17
1.0826896261580022e-17
1.0967955483357332e-17
1.1061994964542206e-17
1.1156034445727091e-17
1.1344113408096839e-17
1.1438152889281712e-17
1.1532192370466586e-17
1.1673251592243896e-17
1.176729107342877e-17
1.1908350295206092e-17
1.209642925757584e-17
1.2331527960538023e-17
1.2425567441722897e-17
1.251960692290777e-17
1.2613646404092644e-17
1.270768588527753e-17
1.2801725366462403e-17
1.2895764847647277e-17
1.3130863550609461e-17
1.3318942512979208e-17
1.3412981994164081e-17
1.3554041215941404e-17
1.3648080697126278e-17
1.3742120178311151e-17
1.3883179400088462e-17
1.3977218881273335e-17
1.407125836245821e-17
1.421231758423552e-17
1.4306357065420393e-17
1.440039654660528e-17
1.4494436027790152e-17
1.4588475508975026e-17
1.46825149901599e-17
1.4776554471344773e-17
1.4917613693122083e-17
1.5058672914899393e-17
1.5199732136676716e-17
1.529377161786159e-17
1.5387811099046463e-17
1.5669929542601084e-17
1.585800850497083e-17
1.5952047986155705e-17
1.6140126948525464e-17
1.6281186170302774e-17
1.6422245392080085e-17
1.6610324354449832e-17
1.679840331681959e-17
1.6892442798004465e-17
1.7080521760374212e-17
1.7174561241559085e-17
1.726860072274396e-17
1.755071916629858e-17
1.773879812866834e-17
1.7926877091038086e-17
1.8114956053407833e-17
1.8256015275185144e-17
1.8350054756370017e-17
1.8538133718739777e-17
1.8679192940517087e-17
1.877323242170196e-17
1.8961311384071708e-17
1.9149390346441455e-17
1.9243429827626328e-17
1.9337469308811214e-17
1.9478528530588525e-17
1.9619587752365835e-17
1.9760646974143145e-17
1.985468645532802e-17
2.0042765417697766e-17
2.0230844380067525e-17
2.0371903601844836e-17
2.046594308302971e-17
2.0559982564214583e-17
2.0701041785991893e-17
2.0795081267176767e-17
2.093614048895409e-17
2.1124219451323836e-17
2.121825893250871e-17
2.135931815428602e-17
2.1453357635470894e-17
2.1547397116655767e-17
2.164143659784064e-17
2.1923555041395274e-17
2.2158653744357458e-17
2.225269322554233e-17
2.2393752447319642e-17
2.2487791928504528e-17
2.2628851150281838e-17
2.2769910372059148e-17
2.2863949853244022e-17
2.3005009075021332e-17
2.3146068296798643e-17
2.3287127518575965e-17
2.338116699976084e-17
2.352222622153815e-17
2.380434466509277e-17
2.3898384146277643e-17
2.4039443368054954e-17
2.4133482849239827e-17
2.427454207101715e-17
2.441560129279446e-17
2.455666051457177e-17
2.4650699995756644e-17
2.4744739476941518e-17
2.483877895812639e-17
2.5120897401681024e-17
2.5214936882865898e-17
2.530897636405077e-17
2.5497055326420518e-17
2.5591094807605392e-17
2.5732154029382702e-17
2.5873213251160025e-17
2.59672527323449e-17
2.610831195412221e-17
2.624937117589952e-17
2.639043039767683e-17
2.6484469878861703e-17
2.657850936004659e-17
2.6672548841231463e-17
2.6954667284786083e-17
2.7048706765970957e-17
2.714274624715583e-17
2.74718844313029e-17
2.7565923912487774e-17
2.7659963393672647e-17
2.789506209663483e-17
2.808314105900458e-17
2.822420028078189e-17
2.8318239761966774e-17
2.841227924315165e-17
2.864737794611383e-17
2.8741417427298705e-17
2.883545690848358e-17
2.892949638966845e-17
2.9070555611445775e-17
2.9211614833223086e-17
2.939969379559283e-17
2.954075301737014e-17
2.977585172033233e-17
2.991691094210965e-17
3.0010950423294523e-17
3.0104989904479397e-17
3.019902938566427e-17
3.0293068866849144e-17
3.0434128088626454e-17
3.052816756981133e-17
3.066922679158865e-17
3.0763266272773524e-17
3.08573057539584e-17
3.1045384716328145e-17
3.113942419751302e-17
3.128048341929033e-17
3.146856238166009e-17
3.1656641344029835e-17
3.1797700565807145e-17
3.2079819009361766e-17
3.2220878231139076e-17
3.2408957193508836e-17
3.250299667469371e-17
3.264405589647102e-17
3.278511511824833e-17
3.297319408061808e-17
3.306723356180295e-17
3.325531252417271e-17
3.344339148654246e-17
3.353743096772733e-17
3.372550993009708e-17
3.386656915187439e-17
3.4101667854836585e-17
3.4242727076613895e-17
3.433676655779877e-17
3.443080603898364e-17
3.4524845520168516e-17
3.4665904741945826e-17
3.475994422313071e-17
3.490100344490802e-17
3.4995042926092896e-17
3.508908240727777e-17
3.532418111023995e-17
3.55122600726097e-17
3.565331929438702e-17
3.5747358775571896e-17
3.5888417997349207e-17
3.598245747853408e-17
3.6076496959718954e-17
3.645265488445846e-17
3.659371410623577e-17
3.6687753587420644e-17
3.6828812809197955e-17
3.6969872030975265e-17
3.7157950993345024e-17
3.72519904745299e-17
3.739304969630721e-17
3.753410891808452e-17
3.767516813986183e-17
3.7863247102231576e-17
3.795728658341645e-17
3.809834580519377e-17
3.828642476756352e-17
3.842748398934083e-17
3.8521523470525703e-17
3.889768139526521e-17
3.922681957941227e-17
3.9414898541782014e-17
3.9555957763559325e-17
3.9744036725929084e-17
3.9885095947706395e-17
3.997913542889127e-17
4.012019465066858e-17
4.026125387244589e-17
4.044933283481565e-17
4.054337231600052e-17
4.0778471018962706e-17
4.0919530240740016e-17
4.1060589462517326e-17
4.11546289437022e-17
4.134270790607196e-17
4.148376712784927e-17
4.1671846090219017e-17
4.19069447931812e-17
4.204800401495851e-17
4.223608297732827e-17
4.2471181680290454e-17
4.2753300123845075e-17
4.2894359345622385e-17
4.303541856739971e-17
4.317647778917702e-17
4.355263571391651e-17
4.374071467628627e-17
4.3834754157471146e-17
4.402283311984089e-17
4.4116872601025766e-17
4.421091208221064e-17
4.435197130398795e-17
4.4634089747542583e-17
4.4916208191097204e-17
4.515130689405939e-17
4.533938585642915e-17
4.543342533761402e-17
4.562150429998377e-17
4.571554378116864e-17
4.5809583262353515e-17
4.5950642484130825e-17
4.6091701705908136e-17
4.632680040887033e-17
4.651487937124008e-17
4.660891885242495e-17
4.6702958333609826e-17
4.67969978147947e-17
4.6891037295979573e-17
4.6985076777164447e-17
4.707911625834933e-17
4.722017548012664e-17
4.7502293923681264e-17
4.759633340486614e-17
4.773739262664345e-17
4.7831432107828333e-17
4.7972491329605644e-17
4.8113550551382954e-17
4.834864925434514e-17
4.844268873553001e-17
4.867778743849221e-17
4.877182691967708e-17
4.8865866400861955e-17
4.910096510382414e-17
4.919500458500901e-17
4.938308354737876e-17
4.9477123028563645e-17
4.957116250974852e-17
4.966520199093339e-17
4.98062612127107e-17
4.9900300693895576e-17
5.0041359915672887e-17
5.01824191374502e-17
5.032347835922752e-17
5.0417517840412393e-17
5.0558577062189704e-17
5.0699636283967014e-17
5.0840695505744324e-17
5.09347349869292e-17
5.107579420870651e-17
5.1169833689891394e-17
5.126387317107627e-17
5.135791265226114e-17
