4.483964944564133e-19
5.568187525448249e-19
6.652410106332119e-19
8.278743977658047e-19
1.0447189139426033e-18
1.207352301075196e-18
1.3699856882077889e-18
1.6410413334287933e-18
1.912096978649773e-18
2.074730365782378e-18
2.237363752914971e-18
2.399997140047576e-18
2.671052785268556e-18
2.833686172401161e-18
2.9421084304895603e-18
3.104741817622153e-18
3.21316407571054e-18
3.375797462843145e-18
3.538430849975738e-18
3.7552753661525365e-18
3.917908753285129e-18
4.026331011373529e-18
4.1889643985061214e-18
4.351597785638714e-18
4.622653430859719e-18
4.7852868179923114e-18
4.8937090760806984e-18
5.00213133416911e-18
5.164764721301703e-18
5.3273981084342956e-18
5.4358203665226826e-18
5.544242624611094e-18
5.652664882699481e-18
5.815298269832074e-18
6.086353915053078e-18
6.248987302185671e-18
6.46583181836247e-18
6.574254076450857e-18
6.845309721671861e-18
7.062154237848647e-18
7.278998754025434e-18
7.441632141158039e-18
7.550054399246438e-18
7.712687786379031e-18
7.983743431600023e-18
8.254799076821015e-18
8.471643592997814e-18
8.688488109174612e-18
8.796910367263e-18
9.122177141528197e-18
9.230599399616597e-18
9.501655044837576e-18
9.664288431970181e-18
9.881132948146968e-18
9.98955520623538e-18
1.0152188593367972e-17
1.0314821980500565e-17
1.0477455367633158e-17
1.0694299883809956e-17
1.0802722141898343e-17
1.1019566658075142e-17
1.1127988916163541e-17
1.1507466819472933e-17
1.1724311335649719e-17
1.1886944722782324e-17
1.2049578109914929e-17
1.2212211497047497e-17
1.2374844884180115e-17
1.2483267142268526e-17
1.2591689400356889e-17
1.27001116584453e-17
1.2916956174622099e-17
1.3025378432710486e-17
1.3404856336019877e-17
1.3513278594108289e-17
1.3730123110285063e-17
1.3838545368373474e-17
1.3946967626461886e-17
1.416381214263866e-17
1.4326445529771277e-17
1.454329004594805e-17
1.4651712304036463e-17
1.476013456212485e-17
1.4868556820213237e-17
1.5031190207345854e-17
1.513961246543424e-17
1.5248034723522628e-17
1.5464879239699427e-17
1.5790146013964637e-17
1.5952779401097205e-17
1.6115412788229823e-17
1.622383504631821e-17
1.6386468433450803e-17
1.66033129496276e-17
1.6711735207715988e-17
1.68201574658044e-17
1.7145424240069585e-17
1.736226875624636e-17
1.7524902143378977e-17
1.7633324401467388e-17
1.7795957788599956e-17
1.7958591175732574e-17
1.806701343382096e-17
1.8175435691909348e-17
1.828385794999776e-17
1.839228020808617e-17
1.8500702466174533e-17
1.8717546982351357e-17
1.8880180369483925e-17
1.9042813756616542e-17
1.9422291659925934e-17
1.9693347305146913e-17
1.985598069227953e-17
1.9964402950367893e-17
2.0181247466544716e-17
2.0343880853677285e-17
2.0452303111765696e-17
2.0560725369854108e-17
2.0723358756986676e-17
2.0994414402207705e-17
2.121125891838448e-17
2.1373892305517096e-17
2.148231456360546e-17
2.159073682169387e-17
2.186179246691485e-17
2.1970214725003262e-17
2.2078636983091673e-17
2.2295481499268447e-17
2.240390375735686e-17
2.2620748273533633e-17
2.2729170531622045e-17
2.2837592789710456e-17
2.3000226176843024e-17
2.3108648434931436e-17
2.3542337467285033e-17
2.386760424155022e-17
2.3976026499638606e-17
2.4084448757726993e-17
2.424708214485961e-17
2.4463926661036384e-17
2.4572348919124796e-17
2.478919343530157e-17
2.4951826822434187e-17
2.511446020956678e-17
2.5222882467655167e-17
2.533130472574358e-17
2.5602360370964558e-17
2.571078262905297e-17
2.5873416016185538e-17
2.6144471661406567e-17
2.6415527306627547e-17
2.657816069376014e-17
2.6686582951848527e-17
2.6795005209936938e-17
2.690342746802535e-17
2.7011849726113712e-17
2.7120271984202124e-17
2.7228694242290535e-17
2.7391327629423104e-17
2.7499749887511515e-17
2.7662383274644133e-17
2.78250166617767e-17
2.798765004890932e-17
2.809607230699768e-17
2.820449456508609e-17
2.842133908126289e-17
2.852976133935128e-17
2.8692394726483895e-17
2.901766150074908e-17
2.9180294887881674e-17
2.9342928275014266e-17
2.966819504927945e-17
2.983082843641207e-17
2.9939250694500456e-17
3.037293972685403e-17
3.0643995372075033e-17
3.075241763016342e-17
3.0969262146340244e-17
3.1077684404428606e-17
3.1240317791561223e-17
3.1402951178693816e-17
3.1511373436782203e-17
3.1619795694870615e-17
3.183664021104739e-17
3.19450624691358e-17
3.205348472722421e-17
3.21619069853126e-17
3.232454037244519e-17
3.259559601766617e-17
3.2704018275754583e-17
3.2812440533842995e-17
3.292086279193136e-17
3.3083496179063975e-17
3.3191918437152386e-17
3.340876295332916e-17
3.351718521141757e-17
3.362560746950596e-17
3.3734029727594346e-17
3.3896663114726963e-17
3.405929650185953e-17
3.416771875994794e-17
3.433035214708056e-17
3.449298553421313e-17
3.470983005038993e-17
3.508930795369932e-17
3.541457472796453e-17
3.56314192441413e-17
3.5739841502229714e-17
3.590247488936228e-17
3.6281952792671674e-17
3.6390375050760085e-17
3.64987973088485e-17
3.693248634120207e-17
3.714933085737887e-17
3.725775311546728e-17
3.736617537355564e-17
3.7474597631644054e-17
3.7583019889732465e-17
3.769144214782085e-17
3.779986440590924e-17
3.790828666399765e-17
3.801670892208606e-17
3.8125131180174425e-17
3.834197569635125e-17
3.8450397954439635e-17
3.877566472870482e-17
3.888408698679321e-17
3.899250924488162e-17
3.92635648901026e-17
3.9426198277235217e-17
3.9588831664367785e-17
3.9697253922456196e-17
3.9914098438632995e-17
4.007673182576559e-17
4.0293576341942386e-17
4.0401998600030773e-17
4.0510420858119185e-17
4.072726537429596e-17
4.083568763238437e-17
4.0998321019516963e-17
4.126937666473797e-17
4.154043230995895e-17
4.164885456804736e-17
4.181148795517993e-17
4.191991021326834e-17
4.2245176987533524e-17
4.2353599245621936e-17
4.257044376179871e-17
4.267886601988712e-17
4.289571053606392e-17
4.327518843937329e-17
4.33836106974617e-17
4.349203295555011e-17
4.3708877471726884e-17
4.403414424599207e-17
4.43051998912131e-17
4.441362214930146e-17
4.452204440738987e-17
4.468467779452249e-17
4.479310005261085e-17
4.495573343974347e-17
4.506415569783186e-17
4.522678908496445e-17
4.538942247209707e-17
4.560626698827384e-17
4.576890037540646e-17
4.5931533762539027e-17
4.6094167149671644e-17
4.625680053680421e-17
4.641943392393683e-17
4.6636278440113604e-17
4.6744700698202015e-17
4.70699674724672e-17
4.723260085959982e-17
4.744944537577659e-17
4.761207876290921e-17
4.788313440813019e-17
4.804576779526278e-17
4.815419005335117e-17
4.8316823440483787e-17
4.8425245698572174e-17
4.864209021474897e-17
4.891314585996995e-17
4.9021568118058364e-17
4.9129990376146775e-17
4.934683489232355e-17
4.9563679408500323e-17
4.9780523924677147e-17
4.9888946182765533e-17
5.0051579569898126e-17
5.0214212957030744e-17
5.0322635215119106e-17
5.0485268602251723e-17
5.0593690860340135e-17
5.07021131184285e-17
5.081053537651691e-17
5.102737989269371e-17
5.1135802150782095e-17
