4.819913576633013e-19
6.530068951165168e-19
7.670172534186646e-19
9.380327908718801e-19
1.1090483283250956e-18
1.3940742240804589e-18
1.5080845823826067e-18
1.6220949406847544e-18
1.85011565728905e-18
1.9641260155911854e-18
2.1351415530444133e-18
2.3061570904976164e-18
2.4771726279508443e-18
2.5911829862529797e-18
2.70519334455514e-18
2.8192037028572753e-18
2.933214061159423e-18
3.1042295986126385e-18
3.332250315216934e-18
3.5032658526701496e-18
3.617276210972297e-18
3.788291748425513e-18
3.959307285878728e-18
4.187328002483024e-18
4.301338360785159e-18
4.529359077389455e-18
4.7573797939937505e-18
4.871390152295886e-18
5.0994108689001815e-18
5.213421227202317e-18
5.384436764655545e-18
5.669462660410908e-18
5.7834730187130435e-18
5.954488556166271e-18
6.125504093619487e-18
6.524540347676998e-18
6.809566243432361e-18
7.037586960036657e-18
7.20860249748986e-18
7.379618034943088e-18
7.607638751547371e-18
7.721649109849506e-18
8.063680184755962e-18
8.234695722209165e-18
8.348706080511325e-18
8.576726797115596e-18
8.690737155417756e-18
8.918757872022052e-18
9.545814842683846e-18
9.944851096741345e-18
1.0400892529949936e-17
1.0856933963158502e-17
1.102794950061173e-17
1.1141959858913866e-17
1.1369980575518161e-17
1.1598001292122457e-17
1.1769016829575685e-17
1.188302718787782e-17
1.2168053083633183e-17
1.2339068621086411e-17
1.2567089337690682e-17
1.2795110054294978e-17
1.2966125591748205e-17
1.3080135950050341e-17
1.3251151487503569e-17
1.3365161845805704e-17
1.3536177383258932e-17
1.3764198099863228e-17
1.3878208458165363e-17
1.410622917476966e-17
1.4334249891373954e-17
1.4562270607978225e-17
1.4733286145431453e-17
1.4904301682884656e-17
1.518932757864002e-17
1.5417348295244315e-17
1.5588363832697543e-17
1.5702374190999678e-17
1.5873389728452906e-17
1.6272425982510405e-17
1.6443441519963632e-17
1.6557451878265768e-17
1.684247777402113e-17
1.701349331147436e-17
1.7127503669776494e-17
1.7298519207229722e-17
1.7583545102985086e-17
1.769755546128722e-17
1.7925576177891517e-17
1.809659171534472e-17
1.8267607252797948e-17
1.855263314855331e-17
1.8894664223459742e-17
1.9008674581761902e-17
1.9179690119215105e-17
1.94077108358194e-17
1.9749741910725832e-17
1.9863752269027992e-17
1.9977762627330127e-17
2.0091772985632263e-17
2.0205783343934423e-17
2.0319793702236558e-17
2.0433804060538718e-17
2.066182477714299e-17
2.0832840314596217e-17
2.1003855852049445e-17
2.111786621035158e-17
2.1231876568653716e-17
2.151690246440908e-17
2.163091282271124e-17
2.1801928360164442e-17
2.1915938718466602e-17
2.2086954255919806e-17
2.2257969793373033e-17
2.2657006047430532e-17
2.2771016405732692e-17
2.2999037122336988e-17
2.317005265979019e-17
2.3284063018092326e-17
2.3398073376394487e-17
2.356908891384769e-17
2.368309927214985e-17
2.402513034705628e-17
2.4139140705358416e-17
2.4367161421962712e-17
2.4481171780264847e-17
2.4709192496869143e-17
2.488020803432237e-17
2.5108228750926666e-17
2.527924428837987e-17
2.5564270184135233e-17
2.5792290900739528e-17
2.5963306438192756e-17
2.607731679649489e-17
2.624833233394812e-17
2.6419347871401322e-17
2.6533358229703483e-17
2.6647368588005618e-17
2.6875389304609914e-17
2.698939966291205e-17
2.710341002121421e-17
2.744544109612064e-17
2.7616456633573843e-17
2.778747217102707e-17
2.8072498066782434e-17
2.824351360423566e-17
2.83575239625378e-17
2.8528539499991026e-17
2.864254985829316e-17
2.881356539574639e-17
2.8927575754048524e-17
2.909859129150175e-17
2.921260164980389e-17
2.949762754555925e-17
2.966864308301248e-17
2.983965862046568e-17
3.040971041197641e-17
3.052372077027857e-17
3.0865751845185e-17
3.0979762203487135e-17
3.115077774094036e-17
3.137879845754466e-17
3.1492808815846794e-17
3.1720829532451065e-17
3.194885024905536e-17
3.206286060735752e-17
3.2176870965659656e-17
3.2347886503112884e-17
3.2518902040566087e-17
3.2689917578019315e-17
3.280392793632145e-17
3.297494347377468e-17
3.3088953832076813e-17
3.3373979727832177e-17
3.371601080273861e-17
3.3887026340191835e-17
3.400103669849397e-17
3.4229057415098266e-17
3.4343067773400427e-17
3.451408331085363e-17
3.468509884830686e-17
3.479910920660899e-17
3.497012474406222e-17
3.5141140281515424e-17
3.5255150639817584e-17
3.536916099811972e-17
3.548317135642188e-17
3.5597181714724015e-17
3.571119207302615e-17
3.588220761047938e-17
3.6110228327083674e-17
3.633824904368797e-17
3.6452259401990105e-17
3.662327493944333e-17
3.6794290476896536e-17
3.6908300835198696e-17
3.7136321551802967e-17
3.7307337089256195e-17
3.753535780586049e-17
3.7706373343313693e-17
3.7820383701615854e-17
3.804840441822015e-17
3.8162414776522285e-17
3.833343031397551e-17
3.8504445851428716e-17
3.8675461388881943e-17
3.878947174718408e-17
3.890348210548624e-17
3.9017492463788374e-17
3.913150282209051e-17
3.9359523538694805e-17
3.9473533896996965e-17
3.95875442552991e-17
3.9701554613601236e-17
3.9815564971903396e-17
4.004358568850767e-17
4.0214601225960895e-17
4.032861158426303e-17
4.044262194256519e-17
4.0556632300867326e-17
4.067064265916946e-17
4.084165819662269e-17
4.101267373407592e-17
4.129769962983128e-17
4.1411709988133416e-17
4.152572034643555e-17
4.169673588388878e-17
4.186775142134201e-17
4.198176177964414e-17
4.209577213794628e-17
4.220978249624844e-17
4.238079803370164e-17
4.24948083920038e-17
4.2608818750305937e-17
4.283683946691023e-17
4.3121865362665596e-17
4.323587572096773e-17
4.3463896437572027e-17
4.369191715417632e-17
4.386293269162955e-17
4.4033948229082753e-17
4.420496376653598e-17
4.4375979303989184e-17
4.454699484144241e-17
4.4832020737197775e-17
4.5003036274651003e-17
4.511704663295314e-17
4.5288062170406366e-17
4.545907770785957e-17
4.56300932453128e-17
4.5801108782766e-17
4.591511914106816e-17
4.6029129499370296e-17
4.631415539512566e-17
4.6542176111729955e-17
4.677019682833425e-17
4.6941212365787454e-17
4.716923308239175e-17
4.728324344069391e-17
4.745425897814711e-17
4.768227969475141e-17
4.7853295232204636e-17
4.802431076965784e-17
4.8252331486262135e-17
4.8594362561168566e-17
4.876537809862177e-17
4.8936393636074997e-17
4.9107409173528224e-17
4.922141953183036e-17
4.9335429890132495e-17
4.9449440248434655e-17
4.962045578588786e-17
4.973446614419002e-17
4.990548168164322e-17
5.013350239824752e-17
5.024751275654968e-17
5.047553347315395e-17
5.0646549010607176e-17
5.0817564548060404e-17
5.093157490636254e-17
5.1045585264664675e-17
