3.9429730005598823e-19
4.817412649648067e-19
7.00351177236853e-19
7.877951421456715e-19
8.7523910705449e-19
9.626830719633085e-19
1.050127036872127e-18
1.1375710017809455e-18
1.225014966689764e-18
1.3124589315985825e-18
1.574790826325038e-18
1.749678756142675e-18
1.8808447035059027e-18
1.9682886684147212e-18
2.099454615777949e-18
2.2306205631411767e-18
2.4055084929588137e-18
2.4929524578676322e-18
2.5803964227764507e-18
2.6678403876852692e-18
2.7552843525940877e-18
2.8427283175029062e-18
3.0176162473205432e-18
3.1050602122293617e-18
3.2799481420469987e-18
3.4548360718646357e-18
3.5860020192278635e-18
3.7171679665910666e-18
3.804611931499885e-18
3.979499861317522e-18
4.0669438262263406e-18
4.154387791135159e-18
4.2418317560439776e-18
4.4167196858616146e-18
4.547885633224842e-18
4.635329598133661e-18
4.722773563042479e-18
4.897661492860116e-18
5.072549422677753e-18
5.159993387586572e-18
5.378603299858618e-18
5.4660472647674366e-18
5.684657177039483e-18
5.903267089311529e-18
6.078155019129166e-18
6.1655989840379845e-18
6.42793087876444e-18
6.559096826127668e-18
6.6902627734908955e-18
6.777706738399714e-18
6.8651507033085325e-18
7.04003863312617e-18
7.258648545398216e-18
7.520980440124671e-18
7.60842440503349e-18
7.695868369942308e-18
7.783312334851127e-18
7.914478282214355e-18
8.045644229577582e-18
8.17681017694081e-18
8.264254141849604e-18
8.439142071667241e-18
8.657751983939287e-18
8.876361896211333e-18
9.007527843574561e-18
9.138693790937789e-18
9.269859738301017e-18
9.401025685664244e-18
9.488469650573063e-18
9.61963559793629e-18
9.750801545299518e-18
9.881967492662746e-18
1.0013133440025974e-17
1.0144299387389202e-17
1.0362909299661248e-17
1.0494075247024476e-17
1.0668963176842113e-17
1.080012912420534e-17
1.0931295071568568e-17
1.1062461018931796e-17
1.1237348948749433e-17
1.1324792913658251e-17
1.1499680843475888e-17
1.1674568773293525e-17
1.1849456703111162e-17
1.1936900668019981e-17
1.20243446329288e-17
1.2199232562746436e-17
1.2330398510109664e-17
1.2505286439927301e-17
1.259273040483612e-17
1.2680174369744938e-17
1.2767618334653757e-17
1.2942506264471369e-17
1.3073672211834597e-17
1.3161116176743415e-17
1.3248560141652234e-17
1.3379726089015461e-17
1.3554614018833098e-17
1.3685779966196326e-17
1.3904389878468372e-17
1.407927780828601e-17
1.4166721773194828e-17
1.4254165738103646e-17
1.4516497632830102e-17
1.460394159773892e-17
1.469138556264774e-17
1.4822551510010967e-17
1.4953717457374194e-17
1.5084883404737422e-17
1.517232736964624e-17
1.5347215299463878e-17
1.5434659264372696e-17
1.5522103229281515e-17
1.5609547194190333e-17
1.5696991159099152e-17
1.6003045036280016e-17
1.6090489001188835e-17
1.635282089591529e-17
1.6483986843278518e-17
1.6571430808187337e-17
1.6658874773096155e-17
1.6790040720459383e-17
1.68774846853682e-17
1.696492865027702e-17
1.7052372615185838e-17
1.7139816580094657e-17
1.7270982527457885e-17
1.7445870457275497e-17
1.7664480369547543e-17
1.779564631691077e-17
1.7926812264274e-17
1.8014256229182817e-17
1.8101700194091636e-17
1.8276588123909273e-17
1.845147605372691e-17
1.8538920018635728e-17
1.8757529930907775e-17
1.897613984317982e-17
1.906358380808864e-17
1.9151027772997458e-17
1.9325915702815095e-17
1.954452561508714e-17
1.963196957999596e-17
1.9894301474722415e-17
2.0025467422085643e-17
2.024407733435769e-17
2.0418965264175326e-17
2.0506409229084145e-17
2.068129715890178e-17
2.07687411238106e-17
2.0899907071173828e-17
2.1074795000991465e-17
2.1205960948354693e-17
2.129340491326351e-17
2.138084887817233e-17
2.1555736807989967e-17
2.1686902755353194e-17
2.1818068702716422e-17
2.190551266762524e-17
2.1992956632534047e-17
2.2080400597442853e-17
2.225528852726049e-17
2.2342732492169308e-17
2.2430176457078127e-17
2.2517620421986945e-17
2.2605064386895764e-17
2.2692508351804582e-17
2.27799523167134e-17
2.2954840246531038e-17
2.3173450158803084e-17
2.3304616106166312e-17
2.347950403598395e-17
2.3654391965801586e-17
2.3829279895619223e-17
2.391672386052804e-17
2.400416782543686e-17
2.4135333772800088e-17
2.4222777737708906e-17
2.4353943685072134e-17
2.4441387649980952e-17
2.457255359734418e-17
2.4703719544707408e-17
2.4922329456979454e-17
2.51409393692515e-17
2.522838333416032e-17
2.5403271263977956e-17
2.5621881176250002e-17
2.575304712361323e-17
2.5840491088522048e-17
2.5927935053430867e-17
2.6015379018339685e-17
2.6146544965702913e-17
2.632143289552055e-17
2.6496320825338187e-17
2.6583764790246993e-17
2.66712087551558e-17
2.6758652720064618e-17
2.6846096684973436e-17
2.6933540649882255e-17
2.7020984614791073e-17
2.7108428579699892e-17
2.719587254460871e-17
2.7327038491971938e-17
2.7458204439335166e-17
2.7545648404243984e-17
2.7633092369152803e-17
2.776425831651603e-17
2.798286822878808e-17
2.8070312193696895e-17
2.8201478141060123e-17
2.837636607087776e-17
2.846381003578658e-17
2.8682419948058625e-17
2.885730787787626e-17
2.894475184278508e-17
2.911963977260272e-17
2.9250805719965945e-17
2.942569364978358e-17
2.95131376146924e-17
2.960058157960122e-17
2.9819191491873265e-17
3.003780140414531e-17
3.012524536905413e-17
3.021268933396295e-17
3.0343855281326176e-17
3.0431299246234995e-17
3.0518743211143813e-17
3.064990915850704e-17
3.073735312341586e-17
3.0999685018142315e-17
3.117457294795994e-17
3.1262016912868746e-17
3.143690484268638e-17
3.156807079004961e-17
3.169923673741284e-17
3.178668070232166e-17
3.1917846649684885e-17
3.2005290614593703e-17
3.209273457950252e-17
3.218017854441134e-17
3.226762250932016e-17
3.2442510439137796e-17
3.274856431631866e-17
3.29234522461363e-17
3.3098340175953934e-17
3.322950612331716e-17
3.34043940531348e-17
3.353556000049803e-17
3.3710447930315664e-17
3.384161387767889e-17
3.401650180749653e-17
3.4147667754859756e-17
3.4235111719768575e-17
3.4322555684677393e-17
3.445372163204062e-17
3.454116559694944e-17
3.4716053526767077e-17
3.4890941456584714e-17
3.497838542149353e-17
3.506582938640235e-17
3.519699533376558e-17
3.52844392986744e-17
3.5371883263583215e-17
3.5459327228492034e-17
3.559049317585526e-17
3.567793714076408e-17
3.5765381105672886e-17
3.58965470530361e-17
3.602771300039933e-17
3.611515696530815e-17
3.6202600930216967e-17
3.6377488860034604e-17
3.646493282494342e-17
3.659609877230665e-17
3.668354273721547e-17
3.6814708684578696e-17
3.6902152649487515e-17
3.703331859685074e-17
3.720820652666838e-17
3.72956504915772e-17
3.7426816438940426e-17
3.7557982386303653e-17
3.773287031612129e-17
3.782031428103011e-17
3.7951480228393337e-17
3.8038924193302155e-17
3.8126368158210974e-17
3.834497807048302e-17
3.847614401784625e-17
3.8607309965209475e-17
3.87384759125727e-17
3.882591987748152e-17
3.891336384239034e-17
3.908825177220798e-17
3.9175695737116796e-17
3.9263139702025614e-17
3.939430564938884e-17
3.952547159675207e-17
3.961291556166089e-17
3.9700359526569707e-17
3.9831525473932934e-17
3.996269142129616e-17
4.005013538620498e-17
4.018130133356821e-17
4.0312467280931436e-17
4.039991124584023e-17
4.0662243140566685e-17
4.0793409087929913e-17
4.092457503529314e-17
4.114318494756519e-17
4.1230628912474006e-17
4.1361794859837233e-17
4.144923882474605e-17
4.158040477210928e-17
4.171157071947251e-17
4.1886458649290144e-17
4.197390261419896e-17
4.206134657910778e-17
4.2323678473834237e-17
4.2542288386106283e-17
4.26297323510151e-17
4.271717631592392e-17
4.280462028083274e-17
4.2935786228195966e-17
4.3023230193104785e-17
4.315439614046801e-17
4.324184010537683e-17
4.337300605274006e-17
4.3504172000103287e-17
4.3635337947466514e-17
4.372278191237533e-17
4.385394785973856e-17
4.40288357895562e-17
4.4116279754465016e-17
4.4203723719373835e-17
4.442233363164588e-17
4.455349957900911e-17
4.464094354391793e-17
4.4728387508826746e-17
4.4815831473735564e-17
4.490327543864438e-17
4.5078163368461995e-17
4.520932931582522e-17
4.529677328073404e-17
4.538421724564286e-17
4.5559105175460497e-17
4.5733993105278134e-17
4.590888103509577e-17
4.6040046982459e-17
4.612749094736782e-17
4.6258656894731045e-17
4.643354482454868e-17
4.656471077191191e-17
4.665215473682073e-17
4.6783320684183956e-17
4.6870764649092774e-17
4.7001930596456e-17
4.708937456136482e-17
4.717681852627364e-17
4.7351706456091276e-17
4.7482872403454504e-17
4.765776033327214e-17
4.774520429818096e-17
4.787637024554419e-17
4.8007536192907415e-17
4.8094980157816233e-17
4.835731205254269e-17
4.8488477999905916e-17
4.8619643947269144e-17
4.875080989463237e-17
4.892569782445001e-17
4.9188029719176464e-17
4.927547368408528e-17
4.93629176489941e-17
4.949408359635733e-17
4.966897152617494e-17
4.980013747353817e-17
4.988758143844699e-17
5.0018747385810216e-17
5.0106191350719034e-17
5.023735729808226e-17
5.036852324544549e-17
5.0543411175263127e-17
5.076202108753517e-17
5.08931870348984e-17
5.098063099980722e-17
5.1111796947170447e-17
5.1242962894533675e-17
