3.8798005266680566e-19
5.852865228183601e-19
8.812462280456795e-19
1.0292260806593515e-18
1.1278793157351164e-18
1.3251857858866709e-18
1.473165638500343e-18
1.5718188735761201e-18
1.867778578803452e-18
2.1144116664928888e-18
2.2130649015686783e-18
2.3117181366444432e-18
2.4596979892581152e-18
2.5583512243338925e-18
2.6570044594096697e-18
2.8049843120233417e-18
2.9036375470991066e-18
3.002290782174884e-18
3.1502706347885436e-18
3.248923869864333e-18
3.4462303400158876e-18
3.594210192629547e-18
3.6928634277053245e-18
3.8408432803189965e-18
3.9394965153947614e-18
4.186129603084211e-18
4.284782838159988e-18
4.383436073235765e-18
4.482089308311542e-18
4.6300691609252144e-18
4.728722396000979e-18
4.876702248614651e-18
4.975355483690416e-18
5.074008718766206e-18
5.2219885713798655e-18
5.369968423993525e-18
5.468621659069315e-18
5.56727489414508e-18
5.715254746758752e-18
5.863234599372424e-18
5.9618878344481886e-18
6.159194304599743e-18
6.3565007747512975e-18
6.455154009827075e-18
6.7511137150544064e-18
6.849766950130184e-18
6.997746802743843e-18
7.096400037819633e-18
7.195053272895398e-18
7.392359743046952e-18
7.491012978122742e-18
7.589666213198507e-18
7.885625918425851e-18
7.984279153501616e-18
8.082932388577405e-18
8.280238858728947e-18
8.526871946418397e-18
8.625525181494162e-18
8.724178416569951e-18
8.822831651645716e-18
8.970811504259388e-18
9.168117974410943e-18
9.316097827024615e-18
9.464077679638274e-18
9.612057532251934e-18
9.858690619941383e-18
1.0006670472555043e-17
1.0203976942706597e-17
1.0401283412858152e-17
1.0499936647933929e-17
1.079589635316126e-17
1.0943876205774933e-17
1.1091856058388592e-17
1.1239835911002252e-17
1.1338489146078042e-17
1.1437142381153807e-17
1.1585122233767479e-17
1.1683775468843256e-17
1.1782428703919033e-17
1.1881081938994798e-17
1.1979735174070588e-17
1.2177041644222142e-17
1.2275694879297907e-17
1.2473001349449461e-17
1.2670307819601016e-17
1.2768961054676805e-17
1.296626752482836e-17
1.3064920759904125e-17
1.3163573994979914e-17
1.326222723005568e-17
1.3360880465131469e-17
1.3508860317745128e-17
1.3607513552820906e-17
1.3755493405434565e-17
1.3854146640510343e-17
1.4150106345737674e-17
1.4298086198351334e-17
1.4396739433427124e-17
1.4544719286040783e-17
1.464337252111656e-17
1.4840678991268115e-17
1.4988658843881787e-17
1.5284618549109106e-17
1.5432598401722778e-17
1.5580578254336438e-17
1.5679231489412215e-17
1.5827211342025887e-17
1.5975191194639547e-17
1.6073844429715324e-17
1.627115089986688e-17
1.641913075248055e-17
1.6517783987556316e-17
1.6616437222632105e-17
1.671509045770787e-17
1.681374369278366e-17
1.696172354539732e-17
1.7060376780473097e-17
1.7159030015548874e-17
1.7307009868162534e-17
1.7405663103238298e-17
1.7553642955851995e-17
1.7800276043541407e-17
1.7997582513692986e-17
1.82442156013824e-17
1.8342868836458213e-17
1.8441522071533978e-17
1.8589501924147625e-17
1.8688155159223415e-17
1.888546162937497e-17
1.8984114864450734e-17
1.9132094717064406e-17
1.9378727804753843e-17
1.9526707657367515e-17
1.9625360892443305e-17
1.9773340745056952e-17
1.9921320597670624e-17
2.011862706782218e-17
2.0266606920435826e-17
2.036526015551164e-17
2.0513240008125287e-17
2.0661219860738935e-17
2.075987309581475e-17
2.0858526330890514e-17
2.095717956596628e-17
2.1055832801042044e-17
2.1154486036117833e-17
2.1499772358883035e-17
2.1746405446572497e-17
2.1845058681648262e-17
2.2091691769337723e-17
2.2190345004413488e-17
2.243697809210295e-17
2.263428456225448e-17
2.278226441486815e-17
2.288091764994394e-17
2.307822412009547e-17
2.327553059024705e-17
2.3423510442860697e-17
2.3522163677936462e-17
2.371947014808804e-17
2.3818123383163806e-17
2.3966103235777478e-17
2.4064756470853268e-17
2.4163409705929033e-17
2.431138955854268e-17
2.4558022646232142e-17
2.475532911638367e-17
2.4853982351459486e-17
2.5100615439148898e-17
2.5199268674224688e-17
2.5297921909300477e-17
2.5445901761914124e-17
2.5643208232065704e-17
2.574186146714147e-17
2.5840514702217233e-17
2.5988494554830905e-17
2.6087147789906695e-17
2.618580102498246e-17
2.638310749513399e-17
2.6531087347747686e-17
2.6728393817899216e-17
2.6876373670512913e-17
2.6975026905588678e-17
2.7073680140664443e-17
2.7221659993278115e-17
2.7369639845891787e-17
2.7517619698505434e-17
2.7616272933581224e-17
2.7764252786194896e-17
2.791223263880854e-17
2.806021249142224e-17
2.8158865726498005e-17
2.830684557911165e-17
2.8405498814187417e-17
2.8602805284338996e-17
2.8750785136952643e-17
2.8997418224642105e-17
2.914539807725575e-17
2.934270454740733e-17
2.9441357782483096e-17
2.963866425263465e-17
2.978664410524832e-17
2.988529734032409e-17
3.013193042801355e-17
3.0230583663089314e-17
3.0427890133240844e-17
3.0625196603392423e-17
3.072384983846819e-17
3.082250307354395e-17
3.092115630861977e-17
3.1069136161233415e-17
3.116778939630918e-17
3.136509586646076e-17
3.156240233661229e-17
3.1661055571688053e-17
3.175970880676387e-17
3.1907688659377515e-17
3.205566851199116e-17
3.2154321747066976e-17
3.225297498214274e-17
3.245028145229427e-17
3.259826130490797e-17
3.269691453998373e-17
3.284489439259738e-17
3.2992874245211077e-17
3.323950733290049e-17
3.348614042058995e-17
3.36341202732036e-17
3.373277350827939e-17
3.388075336089306e-17
3.3979406595968824e-17
3.4127386448582496e-17
3.432469291873405e-17
3.4521999388885605e-17
3.4620652623961395e-17
3.476863247657504e-17
3.486728571165081e-17
3.496593894672662e-17
3.511391879934027e-17
3.5212572034416034e-17
3.53112252694918e-17
3.540987850456761e-17
3.555785835718126e-17
3.570583820979491e-17
3.5903144679946487e-17
3.6100451150098016e-17
3.6248431002711713e-17
3.639641085532536e-17
3.654439070793903e-17
3.674169717809059e-17
3.684035041316635e-17
3.698833026578005e-17
3.7086983500855813e-17
3.723496335346946e-17
3.748159644115892e-17
3.762957629377257e-17
3.7728229528848335e-17
3.782688276392415e-17
3.802418923407568e-17
3.817216908668935e-17
3.832014893930302e-17
3.851745540945455e-17
3.871476187960613e-17
3.886274173221978e-17
3.8961394967295544e-17
3.9208028054985006e-17
3.935600790759865e-17
3.955331437775023e-17
3.970129423036388e-17
3.9849274082977576e-17
3.994792731805334e-17
4.009590717066699e-17
4.019456040574278e-17
4.034254025835645e-17
4.053984672850798e-17
4.073715319865956e-17
4.098378628634897e-17
4.1082439521424785e-17
4.123041937403843e-17
4.142772584418999e-17
4.1674358931879424e-17
4.177301216695519e-17
4.1871665402031003e-17
4.2118298489720415e-17
4.2216951724796205e-17
4.2315604959871995e-17
4.246358481248564e-17
4.261156466509929e-17
4.2759544517712986e-17
4.2907524370326633e-17
4.30061776054024e-17
4.320348407555398e-17
4.340079054570551e-17
4.3548770398319204e-17
4.3795403486008616e-17
4.394338333862231e-17
4.404203657369808e-17
4.414068980877384e-17
4.4387322896463304e-17
4.448597613153907e-17
4.4584629366614834e-17
4.478193583676641e-17
4.492991568938006e-17
4.5028568924455825e-17
4.5225875394607404e-17
4.537385524722105e-17
4.547250848229684e-17
4.571914156998628e-17
4.586712142259995e-17
4.601510127521362e-17
4.611375451028939e-17
4.631106098044094e-17
4.640971421551673e-17
4.655769406813038e-17
4.675500053828196e-17
4.6902980390895605e-17
4.700163362597137e-17
4.7149613478585067e-17
4.724826671366083e-17
4.744557318381236e-17
4.764287965396394e-17
4.779085950657759e-17
4.788951274165335e-17
4.798816597672917e-17
4.808681921180493e-17
4.8185472446880697e-17
4.833345229949437e-17
4.843210553457016e-17
4.8530758769645923e-17
4.862941200472169e-17
4.8777391857335385e-17
4.887604509241115e-17
4.90240249450248e-17
4.9122678180100587e-17
4.9221331415176376e-17
4.9369311267790024e-17
4.9517291120403696e-17
4.971459759055525e-17
4.98625774431689e-17
5.0010557295782594e-17
5.010921053085836e-17
5.0257190383472006e-17
5.0405170236085703e-17
5.060247670623723e-17
5.079978317638881e-17
5.089843641146458e-17
5.1095742881616107e-17
5.119439611669192e-17
5.1293049351767686e-17
