4.0652124624718004e-19
5.767965348431026e-19
7.470718234390252e-19
9.173471120349478e-19
1.0308639710988839e-18
1.14438083016282e-18
1.2578976892267683e-18
1.4281729778226909e-18
1.5984482664186135e-18
1.8822404140784598e-18
2.1092741322063566e-18
2.222790991270305e-18
2.3930662798662276e-18
2.506583138930176e-18
2.676858427526074e-18
2.7903752865900223e-18
2.9038921456539707e-18
3.1309258637818674e-18
3.244442722845816e-18
3.357959581909752e-18
3.528234870505662e-18
3.6417517295696106e-18
3.812027018165533e-18
3.9255438772294815e-18
4.095819165825404e-18
4.266094454421302e-18
4.549886602081173e-18
4.6634034611451214e-18
4.890437179273018e-18
5.060712467868916e-18
5.174229326932877e-18
5.344504615528775e-18
5.458021474592723e-18
5.68505519272062e-18
5.798572051784568e-18
6.082364199444439e-18
6.195881058508363e-18
6.3093979175723114e-18
6.42291477663626e-18
6.5931900652321824e-18
6.820223783360079e-18
7.047257501487951e-18
7.217532790083874e-18
7.501324937743745e-18
7.671600226339643e-18
7.955392373999514e-18
8.125667662595436e-18
8.295942951191359e-18
8.409459810255307e-18
8.750010387447128e-18
8.863527246511076e-18
9.204077823702921e-18
9.317594682766845e-18
9.487869971362768e-18
9.771662119022639e-18
1.0168971125746433e-17
1.0282487984810382e-17
1.0452763273406304e-17
1.0623038562002227e-17
1.079331385059815e-17
1.0906830709662073e-17
1.1190622857321944e-17
1.1304139716385893e-17
1.1417656575449841e-17
1.1644690293577713e-17
1.1758207152641662e-17
1.1928482441237584e-17
1.2041999300301533e-17
1.2212274588897455e-17
1.2325791447961404e-17
1.2723100454685198e-17
1.2836617313749147e-17
1.300689260234507e-17
1.3177167890940967e-17
1.334744317953689e-17
1.3574476897664787e-17
1.3687993756728735e-17
1.3858269045324658e-17
1.4028544333920555e-17
1.4142061192984504e-17
1.4312336481580426e-17
1.448261177017635e-17
1.4652887058772272e-17
1.4766403917836195e-17
1.4993437635964092e-17
1.510695449502804e-17
1.522047135409199e-17
1.5447505072219886e-17
1.5617780360815784e-17
1.595833093800763e-17
1.6071847797071577e-17
1.6242123085667475e-17
1.6412398374263398e-17
1.658267366285932e-17
1.697998266958314e-17
1.7263774817242986e-17
1.7377291676306934e-17
1.760432539443483e-17
1.7774600683030754e-17
1.8001634401158626e-17
1.8228668119286523e-17
1.834218497835047e-17
1.845570183741442e-17
1.8569218696478343e-17
1.8739493985074266e-17
1.8966527703202163e-17
1.919356142133006e-17
1.942059513945793e-17
1.953411199852188e-17
1.9647628857585828e-17
1.9761145716649777e-17
1.9988179434777673e-17
2.0215213152905546e-17
2.0328730011969494e-17
2.0499005300565416e-17
2.066928058916134e-17
2.0839555877757262e-17
2.1123348025417108e-17
2.1236864884481056e-17
2.140714017307698e-17
2.1520657032140927e-17
2.1634173891204876e-17
2.1917966038864722e-17
2.2088241327460645e-17
2.242879190465249e-17
2.2542308763716414e-17
2.2655825622780362e-17
2.288285934090826e-17
2.3109893059036155e-17
2.3223409918100104e-17
2.350720206575995e-17
2.3677477354355873e-17
2.379099421341982e-17
2.3961269502015744e-17
2.4131544790611642e-17
2.4301820079207564e-17
2.4472095367803487e-17
2.4585612226867435e-17
2.4812645944995307e-17
2.4926162804059256e-17
2.5096438092655178e-17
2.5209954951719127e-17
2.538023024031505e-17
2.5493747099378998e-17
2.5664022387974896e-17
2.5834297676570818e-17
2.5947814535634767e-17
2.611808982423069e-17
2.6231606683294638e-17
2.6401881971890536e-17
2.6515398830954484e-17
2.674243254908238e-17
2.685594940814633e-17
2.7026224696742252e-17
2.71397415558062e-17
2.7253258414870124e-17
2.7366775273934072e-17
2.748029213299802e-17
2.7707325851125917e-17
2.787760113972184e-17
2.7991117998785764e-17
2.821815171691366e-17
2.838842700550958e-17
2.861546072363748e-17
2.8728977582701404e-17
2.884249444176535e-17
2.9012769730361275e-17
2.935332030755312e-17
2.952359559614904e-17
2.9750629314276914e-17
2.986414617334086e-17
2.997766303240481e-17
3.0147938321000734e-17
3.0374972039128606e-17
3.0488488898192554e-17
3.065876418678848e-17
3.08290394753844e-17
3.094255633444835e-17
3.1112831623044246e-17
3.128310691164017e-17
3.1510140629768065e-17
3.1793932777427936e-17
3.1964208066023834e-17
3.207772492508778e-17
3.219124178415173e-17
3.2361517072747653e-17
3.2531792361343576e-17
3.2702067649939474e-17
3.292910136806737e-17
3.315613508619527e-17
3.343992723385514e-17
3.3723719381514985e-17
3.389399467011091e-17
3.4121028388238804e-17
3.423454524730273e-17
3.4461578965430625e-17
3.4575095824494573e-17
3.4745371113090496e-17
3.491564640168642e-17
3.5085921690282316e-17
3.5199438549346265e-17
3.536971383794219e-17
3.553998912653811e-17
3.5823781274197956e-17
3.599405656279388e-17
3.61643318513898e-17
3.627784871045375e-17
3.644812399904967e-17
3.661839928764557e-17
3.673191614670952e-17
3.684543300577347e-17
3.7072466723901364e-17
3.718598358296531e-17
3.7299500442029236e-17
3.7413017301093184e-17
3.764005101922108e-17
3.775356787828503e-17
3.792384316688095e-17
3.8150876885008824e-17
3.837791060313672e-17
3.8831978039392515e-17
3.894549489845644e-17
3.9172528616584335e-17
3.9286045475648283e-17
3.939956233471223e-17
3.9569837623308154e-17
3.96833544823721e-17
4.00806634890959e-17
4.0194180348159846e-17
4.0307697207223794e-17
4.0534730925351666e-17
4.0761764643479563e-17
4.0932039932075486e-17
4.121583207973533e-17
4.144286579786323e-17
4.1669899515991126e-17
4.1783416375055074e-17
4.189693323411902e-17
4.201045009318297e-17
4.218072538177887e-17
4.246451752943874e-17
4.263479281803466e-17
4.2861826536162534e-17
4.297534339522648e-17
4.3145618683822405e-17
4.3259135542886354e-17
4.33726524019503e-17
4.35429276905462e-17
4.365644454961015e-17
4.3769961408674097e-17
4.3996995126801994e-17
4.4167270415397916e-17
4.4280787274461865e-17
4.445106256305776e-17
4.4621337851653685e-17
4.4734854710717634e-17
4.507540528790948e-17
4.530243900603735e-17
4.54159558651013e-17
4.5642989583229196e-17
4.5756506442293144e-17
4.5983540160421017e-17
4.6210573878548913e-17
4.6380849167144836e-17
4.655112445574076e-17
4.6721399744336656e-17
4.689167503293258e-17
4.700519189199653e-17
4.7118708751060476e-17
4.7402500898720347e-17
4.762953461684822e-17
4.774305147591217e-17
4.7970085194040064e-17
4.819711891216796e-17
4.836739420076386e-17
4.848091105982781e-17
4.865118634842373e-17
4.882146163701965e-17
4.89349784960836e-17
4.921877064374345e-17
4.9445804361871344e-17
4.9616079650467266e-17
4.9786354939063164e-17
5.0070147086723035e-17
5.0183663945786984e-17
5.029718080485093e-17
5.041069766391488e-17
5.0580972952510803e-17
5.07512482411067e-17
5.0921523529702624e-17
5.1205315677362495e-17
5.131883253642644e-17
