3.754543190007101e-19
5.966803333076175e-19
7.625998440377487e-19
9.83825858344656e-19
1.260358376228241e-18
1.3709713833816947e-18
1.4815843905351237e-18
1.5921973976885527e-18
1.7581169084187333e-18
1.9240364191488645e-18
2.034649426302318e-18
2.2005689370324987e-18
2.3111819441859278e-18
2.4217949513393568e-18
2.5877144620695373e-18
2.7536339727996932e-18
2.974859987106576e-18
3.0854729942600296e-18
3.196086001413434e-18
3.3066990085668877e-18
3.472618519297068e-18
3.693844533603926e-18
3.859764044334107e-18
3.970377051487536e-18
4.080990058640965e-18
4.1916030657944186e-18
4.302216072947872e-18
4.578748590831457e-18
4.744668101561638e-18
4.910587612291769e-18
5.021200619445223e-18
5.242426633752105e-18
5.408346144482261e-18
5.574265655212442e-18
5.684878662365871e-18
5.7954916695193e-18
5.96141118024948e-18
6.1273306909796116e-18
6.348556705286519e-18
6.459169712439973e-18
6.625089223170104e-18
6.846315237477011e-18
6.95692824463044e-18
7.06754125178387e-18
7.178154258937323e-18
7.399380273244181e-18
7.565299783974362e-18
7.786525798281244e-18
8.007751812588127e-18
8.228977826894985e-18
8.450203841201893e-18
8.616123351932048e-18
9.003268876969112e-18
9.113881884122516e-18
9.39041440200615e-18
9.501027409159555e-18
9.611640416313008e-18
9.777559927043189e-18
9.888172934196618e-18
1.0054092444926774e-17
1.0275318459233657e-17
1.0441237969963812e-17
1.0551850977117266e-17
1.0883689998577578e-17
1.1160222516461187e-17
1.1326142027191343e-17
1.1492061537921524e-17
1.1713287552228382e-17
1.193451356653529e-17
1.2045126573688694e-17
1.2211046084418874e-17
1.2321659091572328e-17
1.2487578602302459e-17
1.2708804616609366e-17
1.2819417623762796e-17
1.2930030630916225e-17
1.3151256645223132e-17
1.3261869652376561e-17
1.337248265952999e-17
1.353840217026017e-17
1.36490151774136e-17
1.3870241191720482e-17
1.3980854198873936e-17
1.425738671675752e-17
1.44233062274877e-17
1.4533919234641106e-17
1.464453224179456e-17
1.4755145248948013e-17
1.5031677766831598e-17
1.519759727756178e-17
1.5363516788291935e-17
1.5640049306175544e-17
1.591658182405913e-17
1.6027194831212583e-17
1.624842084551944e-17
1.6469646859826348e-17
1.6912098888440114e-17
1.7133324902746972e-17
1.7243937909900425e-17
1.7465163924207308e-17
1.7631083434937464e-17
1.7852309449244347e-17
1.8018228959974503e-17
1.8128841967127956e-17
1.8294761477858112e-17
1.8460680988588268e-17
1.862660049931845e-17
1.8737213506471853e-17
1.9013746024355487e-17
1.9124359031508916e-17
1.9234972038662345e-17
1.9456198052969253e-17
1.9566811060122682e-17
1.967742406727611e-17
1.9898650081583018e-17
2.006456959231315e-17
2.023048910304333e-17
2.0396408613773486e-17
2.0507021620926915e-17
2.0783554138810524e-17
2.094947364954068e-17
2.1170699663847588e-17
2.1447232181731172e-17
2.1557845188884626e-17
2.1723764699614757e-17
2.1889684210344938e-17
2.2110910224651796e-17
2.222152323180525e-17
2.2442749246112157e-17
2.2663975260419015e-17
2.2829894771149196e-17
2.2995814281879327e-17
2.3161733792609507e-17
2.327234679976296e-17
2.3438266310493092e-17
2.36594923248e-17
2.399133134626031e-17
2.4101944353413765e-17
2.4323170367720623e-17
2.4433783374874077e-17
2.4599702885604233e-17
2.4710315892757662e-17
2.4876235403487842e-17
2.498684841064127e-17
2.5152767921371427e-17
2.5373993935678335e-17
2.5539913446408466e-17
2.565052645356192e-17
2.5761139460715373e-17
2.5871752467868802e-17
2.6037671978598958e-17
2.620359148932914e-17
2.6314204496482543e-17
2.6424817503635997e-17
2.653543051078945e-17
2.6646043517942904e-17
2.675665652509631e-17
2.692257603582649e-17
2.7088495546556645e-17
2.7309721560863528e-17
2.753094757517041e-17
2.764156058232384e-17
2.7752173589477293e-17
2.7862786596630747e-17
2.8084012610937605e-17
2.8249932121667785e-17
2.8415851632397917e-17
2.8637077646704824e-17
2.874769065385828e-17
2.891361016458841e-17
2.902422317174186e-17
2.930075568962545e-17
2.9521981703932355e-17
2.9687901214662486e-17
2.9853820725392667e-17
2.996443373254612e-17
3.0240966250429705e-17
3.051749876831329e-17
3.068341827904347e-17
3.084933778977365e-17
3.101525730050378e-17
3.118117681123396e-17
3.129178981838739e-17
3.140240282554082e-17
3.1513015832694275e-17
3.162362883984773e-17
3.1844854854154587e-17
3.2232000379191625e-17
3.2397919889921806e-17
3.256383940065196e-17
3.2785065414958844e-17
3.28956784221123e-17
3.306159793284243e-17
3.322751744357261e-17
3.361466296860965e-17
3.3891195486493233e-17
3.4001808493646687e-17
3.416772800437687e-17
3.4388954018683726e-17
3.449956702583718e-17
3.4776099543720764e-17
3.50526320616044e-17
3.51632450687578e-17
3.5329164579487983e-17
3.543977758664144e-17
3.560569709737157e-17
3.5826923111678476e-17
3.5937536118831905e-17
3.610345562956206e-17
3.6214068636715514e-17
3.637998814744567e-17
3.6545907658175826e-17
3.6711827168906006e-17
3.687774667963614e-17
3.715427919751977e-17
3.737550521182663e-17
3.754142472255681e-17
3.787326374401712e-17
3.809448975832398e-17
3.8205102765477434e-17
3.8481635283361044e-17
3.8702861297667926e-17
3.886878080839808e-17
3.897939381555151e-17
3.936653934058855e-17
3.958776535489546e-17
3.9698378362048886e-17
3.986429787277904e-17
3.9974910879932496e-17
4.008552388708595e-17
4.0362056404969534e-17
4.047266941212299e-17
4.063858892285312e-17
4.074920193000657e-17
4.0970427944313456e-17
4.1468186476503923e-17
4.1634105987234104e-17
4.185533200154096e-17
4.207655801584787e-17
4.229778403015473e-17
4.240839703730818e-17
4.262962305161509e-17
4.279554256234522e-17
4.29614620730754e-17
4.307207508022883e-17
4.329330109453571e-17
4.3403914101689166e-17
4.35698336124193e-17
4.368044661957275e-17
4.3956979137456336e-17
4.4122898648186516e-17
4.43441246624934e-17
4.445473766964683e-17
4.462065718037701e-17
4.4786576691107164e-17
4.4897189698260593e-17
4.51184157125675e-17
4.533964172687436e-17
4.550556123760454e-17
4.561617424475797e-17
4.5782093755488124e-17
4.6003319769795007e-17
4.622454578410189e-17
4.644577179840877e-17
4.6666997812715655e-17
4.6832917323445836e-17
4.7054143337752694e-17
4.716475634490615e-17
4.7275369352059576e-17
4.744128886278973e-17
4.766251487709664e-17
4.7773127884250044e-17
4.78837408914035e-17
4.799435389855695e-17
4.8326192920017263e-17
4.8492112430747444e-17
4.860272543790085e-17
4.8823951452207755e-17
4.893456445936121e-17
4.910048397009134e-17
4.9211096977244794e-17
4.943232299155165e-17
4.959824250228183e-17
4.9708855509435286e-17
4.9819468516588715e-17
4.9930081523742144e-17
5.00406945308956e-17
5.0206614041625754e-17
5.037253355235591e-17
5.053845306308609e-17
5.064906607023952e-17
5.0814985580969675e-17
5.092559858812313e-17
5.114682460242999e-17
5.131274411316017e-17
