4.2360128302647027e-19
5.918539669343082e-19
8.722751067807046e-19
9.844435627192632e-19
1.2648647025656597e-18
1.4892016144427769e-18
1.6574542983506148e-18
1.825706982258428e-18
1.993959666166266e-18
2.1622123500741038e-18
2.2743808060126624e-18
2.4426334899205003e-18
2.554801945859059e-18
2.779138857736176e-18
2.8913073136747346e-18
3.0034757696132932e-18
3.171728453521131e-18
3.2838969094596897e-18
3.3960653653982483e-18
3.508233821336807e-18
3.676486505244645e-18
3.844739189152483e-18
4.0129918730603205e-18
4.125160328998879e-18
4.293413012906717e-18
4.405581468845263e-18
4.742086836660939e-18
5.078592204476615e-18
5.246844888384453e-18
5.4150975722922906e-18
5.5833502562001285e-18
5.695518712138687e-18
5.863771396046525e-18
6.25636099183148e-18
6.424613675739318e-18
6.5367821316778765e-18
6.705034815585714e-18
6.873287499493552e-18
6.985455955432111e-18
7.09762441137067e-18
7.265877095278507e-18
7.546298235124904e-18
7.770635147002021e-18
7.994972058879114e-18
8.107140514817672e-18
8.27539319872551e-18
8.499730110602627e-18
8.611898566541186e-18
8.724067022479744e-18
9.004488162326141e-18
9.1166566182647e-18
9.228825074203258e-18
9.340993530141817e-18
9.453161986080375e-18
9.565330442018934e-18
9.789667353896051e-18
9.957920037803889e-18
1.0070088493742447e-17
1.0182256949681006e-17
1.0518762317496682e-17
1.0799183457343078e-17
1.0911351913281637e-17
1.1079604597189475e-17
1.1247857281097313e-17
1.141610996500515e-17
1.1584362648912988e-17
1.1752615332820826e-17
1.1920868016728664e-17
1.2201289156575036e-17
1.2425626068452153e-17
1.2762131436267829e-17
1.2930384120175667e-17
1.3098636804083505e-17
1.3210805260022063e-17
1.3322973715960622e-17
1.349122639986846e-17
1.3659479083776298e-17
1.3995984451591973e-17
1.422032136346909e-17
1.433248981940765e-17
1.4444658275346208e-17
1.4556826731284766e-17
1.4725079415192604e-17
1.4893332099100442e-17
1.5005500555039e-17
1.517375323894684e-17
1.5342005922854677e-17
1.5510258606762514e-17
1.5734595518639632e-17
1.590284820254747e-17
1.6127185114424562e-17
1.635152202630168e-17
1.6519774710209517e-17
1.6631943166148076e-17
1.6856280078025193e-17
1.702453276193303e-17
1.713670121787159e-17
1.7361038129748707e-17
1.7529290813656544e-17
1.7641459269595103e-17
1.79218804094415e-17
1.8034048865380058e-17
1.8146217321318617e-17
1.8258385777257175e-17
1.8370554233195734e-17
1.8538806917103572e-17
1.865097537304213e-17
1.8931396512888527e-17
1.9043564968827085e-17
1.9155733424765644e-17
1.9323986108673482e-17
1.949223879258132e-17
1.9604407248519878e-17
1.9772659932427716e-17
1.9884828388366275e-17
2.0109165300243392e-17
2.0333502212120485e-17
2.0445670668059043e-17
2.0557839123997602e-17
2.067000757993616e-17
2.0894344491813277e-17
2.1062597175721115e-17
2.139910254353679e-17
2.151127099947535e-17
2.1791692139321746e-17
2.1903860595260305e-17
2.2016029051198863e-17
2.2128197507137422e-17
2.224036596307598e-17
2.235253441901454e-17
2.2464702874953098e-17
2.2576871330891656e-17
2.2689039786830215e-17
2.2801208242768774e-17
2.2913376698707332e-17
2.308162938261517e-17
2.3249882066523008e-17
2.3362050522461566e-17
2.3474218978400125e-17
2.3642471662307963e-17
2.38107243462158e-17
2.397897703012364e-17
2.4147229714031477e-17
2.431548239793929e-17
2.4539819309816407e-17
2.4651987765754966e-17
2.4876324677632083e-17
2.504457736153992e-17
2.521283004544776e-17
2.5549335413263434e-17
2.577367232514055e-17
2.588584078107911e-17
2.599800923701767e-17
2.6166261920925507e-17
2.6334514604833344e-17
2.6558851516710462e-17
2.667101997264902e-17
2.678318842858758e-17
2.6895356884526137e-17
2.7007525340464696e-17
2.7175778024372534e-17
2.740011493624965e-17
2.7624451848126768e-17
2.7736620304065327e-17
2.7848788760003885e-17
2.7960957215942444e-17
2.8073125671881e-17
2.824137835578884e-17
2.8353546811727374e-17
2.874613640751233e-17
2.891438909142017e-17
2.9082641775328005e-17
2.930697868720512e-17
2.947523137111296e-17
2.958739982705152e-17
2.9923905194867195e-17
3.0036073650805753e-17
3.026041056268287e-17
3.054083170252927e-17
3.0653000158467826e-17
3.093342129831422e-17
3.121384243816062e-17
3.132601089409918e-17
3.1438179350037736e-17
3.1606432033945574e-17
3.183076894582269e-17
3.194293740176125e-17
3.205510585769981e-17
3.2335526997546204e-17
3.2672032365361856e-17
3.2840285049269693e-17
3.306462196114681e-17
3.317679041708537e-17
3.328895887302393e-17
3.3457211556931766e-17
3.3625464240839604e-17
3.379371692474744e-17
3.396196960865528e-17
3.4186306520532396e-17
3.4410643432409514e-17
3.457889611631735e-17
3.491540148413303e-17
3.5083654168040865e-17
3.5251906851948703e-17
3.536407530788726e-17
3.547624376382582e-17
3.570058067570294e-17
3.5812749131641496e-17
3.5981001815549334e-17
3.609317027148789e-17
3.620533872742645e-17
3.637359141133429e-17
3.659792832321138e-17
3.68222652350885e-17
3.693443369102706e-17
3.7046602146965616e-17
3.743919174275057e-17
3.766352865462769e-17
3.7887865566504805e-17
3.8056118250412643e-17
3.81682867063512e-17
3.833653939025904e-17
3.850479207416688e-17
3.8729128986043995e-17
3.889738166995183e-17
3.906563435385967e-17
3.928997126573679e-17
3.9402139721675346e-17
3.9570392405583184e-17
3.97947293174603e-17
3.990689777339886e-17
4.013123468527598e-17
4.0243403141214536e-17
4.0411655825122374e-17
4.0635992736999466e-17
4.0804245420907304e-17
4.091641387684586e-17
4.114075078872298e-17
4.125291924466154e-17
4.1421171928569376e-17
4.1533340384507935e-17
4.1645508840446493e-17
4.181376152435433e-17
4.192592998029289e-17
4.203809843623145e-17
4.215026689217001e-17
4.2262435348108566e-17
4.254285648795496e-17
4.265502494389352e-17
4.276719339983208e-17
4.287936185577064e-17
4.3047614539678476e-17
4.327195145155559e-17
4.349628836343271e-17
4.366454104734055e-17
4.3776709503279107e-17
4.411321487109478e-17
4.422538332703334e-17
4.43375517829719e-17
4.444972023891046e-17
4.4561888694849017e-17
4.5010562518603227e-17
4.5178815202511064e-17
4.540315211438818e-17
4.557140479829602e-17
4.568357325423458e-17
4.5851825938142416e-17
4.5963994394080975e-17
4.624441553392737e-17
4.635658398986593e-17
4.652483667377377e-17
4.6693089357681605e-17
4.6805257813620164e-17
4.691742626955872e-17
4.714176318143584e-17
4.72539316373744e-17
4.7422184321282236e-17
4.7534352777220795e-17
4.7646521233159353e-17
4.775868968909791e-17
4.798302660097503e-17
4.809519505691359e-17
4.8263447740821426e-17
4.8431700424729264e-17
4.85999531086371e-17
4.871212156457566e-17
4.882429002051422e-17
4.904862693239131e-17
4.9385132300206987e-17
4.9497300756145545e-17
4.9665553440053383e-17
4.983380612396122e-17
4.994597457989978e-17
5.011422726380762e-17
5.0226395719746176e-17
5.0338564175684735e-17
5.0450732631623294e-17
5.061898531553113e-17
5.073115377146969e-17
5.084332222740825e-17
5.1067659139285366e-17
5.1235911823193204e-17
