3.9457951105109945e-19
5.555072556090905e-19
7.164350001670815e-19
8.237201632057463e-19
9.310053262443988e-19
1.0382904892830636e-18
1.1992182338410423e-18
1.306503396879707e-18
1.467431141437698e-18
1.7356440490343416e-18
1.8429292120730064e-18
1.950214375111659e-18
2.0574995381503236e-18
2.2184272827083146e-18
2.325712445746967e-18
2.486640190304958e-18
2.647567934862949e-18
2.8621382609402664e-18
2.969423423978919e-18
3.13035116853691e-18
3.3449214946142395e-18
3.452206657652892e-18
3.666776983730209e-18
3.8813473098075265e-18
4.0422750543655175e-18
4.3641305434814995e-18
4.471415706520152e-18
4.578700869558817e-18
4.6859860325974816e-18
4.793271195636134e-18
4.954198940194125e-18
5.0614841032327775e-18
5.2224118477907686e-18
5.436982173868086e-18
5.812480244503394e-18
5.919765407542059e-18
6.027050570580724e-18
6.134335733619376e-18
6.295263478177367e-18
6.456191222735358e-18
6.617118967293349e-18
6.778046711851328e-18
6.938974456409319e-18
7.09990220096731e-18
7.207187364005962e-18
7.314472527044615e-18
7.421757690083292e-18
7.529042853121944e-18
7.636328016160597e-18
7.743613179199274e-18
7.904540923757265e-18
8.011826086795918e-18
8.226396412873247e-18
8.387324157431214e-18
8.709179646547196e-18
8.816464809585848e-18
9.031035135663178e-18
9.299248043259821e-18
9.406533206298498e-18
9.51381836933715e-18
9.674746113895117e-18
9.889316439972447e-18
1.0050244184530438e-17
1.015752934756909e-17
1.0318457092127081e-17
1.0425742255165758e-17
1.0640312581243063e-17
1.0854882907320368e-17
1.0962168070359045e-17
1.1069453233397698e-17
1.1230380977955689e-17
1.1337666140994341e-17
1.1498593885552332e-17
1.1713164211629662e-17
1.1820449374668314e-17
1.1927734537706991e-17
1.2088662282264982e-17
1.2356875189861601e-17
1.2464160352900278e-17
1.2571445515938931e-17
1.2839658423535574e-17
1.3054228749612904e-17
1.3161513912651556e-17
1.3268799075690234e-17
1.34297268202482e-17
1.364429714632553e-17
1.3751582309364182e-17
1.3912510053922173e-17
1.4019795216960825e-17
1.4127080379999503e-17
1.4234365543038155e-17
1.4395293287596146e-17
1.466350619519279e-17
1.4770791358231442e-17
1.4931719102789433e-17
1.5039004265828085e-17
1.5468144917982745e-17
1.5629072662540736e-17
1.584364298861804e-17
1.6111855896214684e-17
1.6326426222292014e-17
1.654099654836932e-17
1.6755566874446648e-17
1.691649461900464e-17
1.707742236356263e-17
1.7238350108120597e-17
1.7345635271159274e-17
1.7506563015717265e-17
1.772113334179457e-17
1.79357036678719e-17
1.809663141242989e-17
1.8418486901545848e-17
1.857941464610384e-17
1.874034239066183e-17
1.895491271673916e-17
1.9062197879777812e-17
1.9223125624335803e-17
1.9384053368893794e-17
1.9544981113451785e-17
1.9652266276490462e-17
1.9866836602567767e-17
2.0081406928645072e-17
2.018869209168375e-17
2.02959772547224e-17
2.0456904999280392e-17
2.0671475325357722e-17
2.0832403069915713e-17
2.099333081447368e-17
2.1100615977512332e-17
2.131518630358966e-17
2.1476114048147653e-17
2.1583399211186305e-17
2.1797969537263635e-17
2.1905254700302287e-17
2.2334395352456922e-17
2.2441680515495574e-17
2.2656250841572904e-17
2.2817178586130895e-17
2.3031748912208224e-17
2.3192676656766215e-17
2.340724698284352e-17
2.356817472740151e-17
2.3782745053478816e-17
2.3997315379556146e-17
2.4211885705633475e-17
2.4319170868672128e-17
2.442645603171078e-17
2.4694668939307448e-17
2.4801954102346076e-17
2.5123809591462058e-17
2.5392022499058726e-17
2.5552950243616717e-17
2.5767520569694022e-17
2.58748057327327e-17
2.603573347729069e-17
2.6143018640329318e-17
2.64648741294453e-17
2.662580187400329e-17
2.673308703704197e-17
2.7108585107677264e-17
2.721587027071594e-17
2.732315543375457e-17
2.7430440596793246e-17
2.7591368341351237e-17
2.769865350438989e-17
2.791322383046722e-17
2.818143673806386e-17
2.8342364482621854e-17
2.8556934808699184e-17
2.877150513477649e-17
2.903971804237313e-17
2.9147003205411785e-17
2.9307930949969776e-17
2.9468858694527767e-17
2.9576143857566444e-17
2.9737071602124435e-17
2.98979993466824e-17
3.0166212254279045e-17
3.0327139998837036e-17
3.0488067743395027e-17
3.064899548795302e-17
3.0917208395549686e-17
3.1078136140107677e-17
3.1346349047704296e-17
3.1507276792262287e-17
3.166820453682028e-17
3.1775489699858955e-17
3.199006002593626e-17
3.2097345188974937e-17
3.231191551505224e-17
3.2526485841129547e-17
3.268741358568754e-17
3.2794698748726215e-17
3.31165542378422e-17
3.33311245639195e-17
3.349205230847749e-17
3.3652980053035484e-17
3.3760265216074136e-17
3.392119296063213e-17
3.413576328670946e-17
3.429669103126745e-17
3.451126135734475e-17
3.4672189101902744e-17
3.494040200949939e-17
3.504768717253804e-17
3.526225749861537e-17
3.536954266165402e-17
3.558411298773135e-17
3.574504073228934e-17
3.595961105836667e-17
3.6066896221405325e-17
3.633510912900197e-17
3.649603687355996e-17
3.67642497811566e-17
3.6871534944195255e-17
3.7086105270272585e-17
3.7247033014830576e-17
3.735431817786923e-17
3.762253108546587e-17
3.778345883002386e-17
3.8105314319139845e-17
3.8319884645217174e-17
3.8480812389775165e-17
3.858809755281382e-17
3.869538271585247e-17
3.880266787889112e-17
3.8909953041929775e-17
3.901723820496845e-17
3.9178165949526443e-17
3.939273627560375e-17
3.9500021438642425e-17
3.982187692775841e-17
4.0143732416874365e-17
4.025101757991302e-17
4.0519230487509685e-17
4.062651565054834e-17
4.078744339510633e-17
4.089472855814498e-17
4.100201372118366e-17
4.116294146574165e-17
4.1377511791818954e-17
4.159208211789626e-17
4.175300986245425e-17
4.186029502549293e-17
4.202122277005092e-17
4.2235793096128224e-17
4.250400600372489e-17
4.266493374828286e-17
4.277221891132151e-17
4.304043181891818e-17
4.330864472651482e-17
4.3415929889553475e-17
4.352321505259215e-17
4.368414279715014e-17
4.389871312322745e-17
4.411328344930475e-17
4.422056861234343e-17
4.432785377538208e-17
4.4435138938420735e-17
4.4596066682978726e-17
4.4756994427536717e-17
4.4864279590575394e-17
4.4971564753614046e-17
4.50788499166527e-17
4.523977766121069e-17
4.5454347987287995e-17
4.572256089488466e-17
4.5883488639442654e-17
4.5990773802481306e-17
4.61517015470393e-17
4.625898671007795e-17
4.641991445463594e-17
4.658084219919393e-17
4.674176994375192e-17
4.6902697688309914e-17
4.7063625432867905e-17
4.717091059590656e-17
4.727819575894521e-17
4.74391235035032e-17
4.754640866654188e-17
4.776097899261918e-17
4.7921906737177174e-17
4.813647706325448e-17
4.845833255237046e-17
4.861926029692845e-17
4.9048400949083087e-17
4.915568611212174e-17
4.931661385667973e-17
4.947754160123772e-17
4.963846934579571e-17
4.974575450883439e-17
4.985303967187304e-17
5.001396741643103e-17
5.0121252579469685e-17
5.022853774250834e-17
5.038946548706633e-17
5.055039323162432e-17
5.071132097618231e-17
5.08722487207403e-17
5.0979533883778954e-17
5.1140461628336945e-17
5.124774679137562e-17
5.135503195441425e-17
