4.2875344294171456e-19
7.081953582628148e-19
9.410636210304024e-19
1.0807845786909402e-18
1.2670791889050152e-18
1.4533737991190903e-18
1.5465211042261155e-18
1.6396684093331406e-18
1.779389366993703e-18
1.919110324654241e-18
2.0122576297612784e-18
2.1519785874218285e-18
2.2916995450823786e-18
2.4314205027429287e-18
2.524567807849954e-18
2.6642887655105163e-18
2.804009723171054e-18
2.9437306808316166e-18
3.0834516384921543e-18
3.176598943599192e-18
3.2697462487062294e-18
3.409467206366767e-18
3.642335469134355e-18
3.782056426794905e-18
3.8752037319019424e-18
4.061498342116005e-18
4.201219299776555e-18
4.340940257437105e-18
4.434087562544143e-18
4.666955825311718e-18
4.760103130418756e-18
4.8998240880792935e-18
4.992971393186343e-18
5.179266003400394e-18
5.318986961060956e-18
5.5052815712750065e-18
5.645002528935569e-18
5.738149834042594e-18
5.8778707917031566e-18
5.971018096810182e-18
6.064165401917207e-18
6.250460012131282e-18
6.343607317238307e-18
6.576475580005895e-18
6.716196537666445e-18
6.855917495326995e-18
7.04221210554107e-18
7.135359410648095e-18
7.414801325969195e-18
7.601095936183258e-18
7.833964198950833e-18
7.927111504057883e-18
8.020258809164908e-18
8.113406114271934e-18
8.206553419378984e-18
8.346274377039521e-18
8.439421682146547e-18
8.672289944914134e-18
8.812010902574697e-18
8.951731860235234e-18
9.13802647044931e-18
9.277747428109847e-18
9.41746838577041e-18
9.557189343430947e-18
9.69691030109151e-18
9.97635221641261e-18
1.0209220479180185e-17
1.0302367784287223e-17
1.044208874194776e-17
1.0628383352161836e-17
1.0814677962375898e-17
1.1000972572589961e-17
1.1233840835357549e-17
1.1373561793018087e-17
1.1559856403232162e-17
1.1699577360892712e-17
1.1792724665999749e-17
1.1932445623660287e-17
1.207216658132085e-17
1.2211887538981387e-17
1.235160849664195e-17
1.2537903106856e-17
1.2724197717070075e-17
1.2957065979837663e-17
1.318993424260525e-17
1.3469376157926338e-17
1.3655670768140401e-17
1.3748818073247438e-17
1.3841965378354476e-17
1.39351126834615e-17
1.4121407293675576e-17
1.4261128251336114e-17
1.4587143819210727e-17
1.472686477687129e-17
1.4820012081978314e-17
1.4959733039638877e-17
1.5052880344745902e-17
1.5239174954959977e-17
1.5332322260067002e-17
1.5611764175388102e-17
1.5704911480495128e-17
1.584463243815569e-17
1.5984353395816228e-17
1.6077500700923265e-17
1.6217221658583815e-17
1.631036896369084e-17
1.6543237226458428e-17
1.6682958184118978e-17
1.6776105489226016e-17
1.686925279433304e-17
1.7055547404547116e-17
1.7241842014761167e-17
1.7334989319868216e-17
1.7474710277528754e-17
1.7614431235189317e-17
1.7707578540296342e-17
1.7847299497956892e-17
1.7987020455617442e-17
1.821988871838503e-17
1.8359609676045567e-17
1.8452756981152605e-17
1.8592477938813155e-17
1.868562524392018e-17
1.877877254902723e-17
1.905821446434833e-17
1.9291082727115893e-17
1.9430803684776456e-17
1.9570524642436993e-17
1.9663671947544043e-17
1.980339290520458e-17
1.9989687515418656e-17
2.022255577818623e-17
2.0362276735846782e-17
2.0501997693507332e-17
2.0688292303721394e-17
2.0781439608828432e-17
2.0967734219042495e-17
2.1060881524149532e-17
2.115402882925657e-17
2.1293749786917107e-17
2.143347074457767e-17
2.1526618049684695e-17
2.1666339007345245e-17
2.1759486312452283e-17
2.1945780922666345e-17
2.2038928227773383e-17
2.2132075532880408e-17
2.2271796490540958e-17
2.2364943795647996e-17
2.245809110075502e-17
2.2551238405862058e-17
2.2644385710969096e-17
2.273753301607612e-17
2.2877253973736684e-17
2.301697493139722e-17
2.3110122236504247e-17
2.3203269541611296e-17
2.3389564151825347e-17
2.352928510948591e-17
2.3669006067146447e-17
2.3762153372253497e-17
2.3901874329914035e-17
2.399502163502106e-17
2.408816894012811e-17
2.4181316245235135e-17
2.427446355034216e-17
2.436761085544921e-17
2.4507331813109748e-17
2.4600479118216785e-17
2.4740200075877335e-17
2.492649468609141e-17
2.5066215643751948e-17
2.5205936601412498e-17
2.5299083906519536e-17
2.539223121162656e-17
2.5531952169287123e-17
2.5718246779501174e-17
2.590454138971525e-17
2.5997688694822274e-17
2.609083599992931e-17
2.6230556957589862e-17
2.6370277915250412e-17
2.6509998872910962e-17
2.6696293483125037e-17
2.6836014440785575e-17
2.69291617458926e-17
2.7068882703553162e-17
2.7162030008660187e-17
2.7255177313767225e-17
2.7348324618874262e-17
2.7441471923981288e-17
2.758119288164185e-17
2.7720913839302388e-17
2.7953782102069975e-17
2.8093503059730513e-17
2.8233224017391076e-17
2.83263713224981e-17
2.8466092280158663e-17
2.855923958526569e-17
2.869896054292624e-17
2.8792107848033276e-17
2.88852551531403e-17
2.902497611080085e-17
2.91646970684614e-17
2.9257844373568427e-17
2.939756533122899e-17
2.9490712636336014e-17
2.958385994144305e-17
2.967700724655009e-17
2.986330185676414e-17
2.995644916187119e-17
3.0049596466978215e-17
3.0189317424638765e-17
3.02824647297458e-17
3.037561203485283e-17
3.051533299251339e-17
3.065505395017393e-17
3.0841348560388e-17
3.1167364128262616e-17
3.1307085085923153e-17
3.153995334869074e-17
3.181939526401184e-17
3.2005689874225916e-17
3.2145410831886454e-17
3.223855813699349e-17
3.237827909465404e-17
3.251800005231459e-17
3.2704294662528655e-17
3.2844015620189205e-17
3.2983736577849755e-17
3.307688388295678e-17
3.317003118806383e-17
3.344947310338493e-17
3.363576771359898e-17
3.3822062323813055e-17
3.3961783281473593e-17
3.414807789168767e-17
3.4241225196794693e-17
3.4334372501901743e-17
3.447409345956228e-17
3.4660388069776356e-17
3.4846682679990407e-17
3.4939829985097456e-17
3.503297729020448e-17
3.517269824786503e-17
3.526584555297207e-17
3.540556651063261e-17
3.5498713815739657e-17
3.5638434773400195e-17
3.573158207850722e-17
3.587130303616778e-17
3.601102399382832e-17
3.629046590914942e-17
3.643018686680998e-17
3.652333417191701e-17
3.666305512957757e-17
3.680277608723811e-17
3.7035644350005696e-17
3.712879165511272e-17
3.7315086265326796e-17
3.750138087554086e-17
3.7594528180647896e-17
3.768767548575492e-17
3.7780822790861947e-17
3.8013691053629534e-17
3.819998566384361e-17
3.8293132968950634e-17
3.838628027405767e-17
3.8572574884271735e-17
3.8712295841932285e-17
3.880544314703932e-17
3.894516410469986e-17
3.908488506236042e-17
3.917803236746745e-17
3.9410900630235035e-17
3.9550621587895585e-17
3.9690342545556136e-17
3.9923210808323723e-17
4.001635811343075e-17
4.01560790710913e-17
4.029580002875185e-17
4.0482094638965924e-17
4.0668389249179974e-17
4.085468385939405e-17
4.0947831164501074e-17
4.118069942726866e-17
4.132042038492921e-17
4.146014134258976e-17
4.15998623002503e-17
4.169300960535735e-17
4.18793042155714e-17
4.197245152067845e-17
4.211217247833899e-17
4.225189343599955e-17
4.239161439366009e-17
4.248476169876711e-17
4.2624482656427676e-17
4.2764203614088213e-17
4.295049822430229e-17
4.3136792834516363e-17
4.322994013962339e-17
4.3323087444730414e-17
4.350938205494449e-17
4.3602529360051514e-17
4.369567666515855e-17
4.3881971275372614e-17
4.4021692233033177e-17
4.41148395381402e-17
4.420798684324723e-17
4.4301134148354277e-17
4.43942814534613e-17
4.458057606367535e-17
4.467372336878239e-17
4.490659163154998e-17
4.504631258921054e-17
4.52791808519781e-17
4.537232815708515e-17
4.5558622767299203e-17
4.5838064682620303e-17
4.5931211987727353e-17
4.607093294538789e-17
4.6164080250494916e-17
4.630380120815548e-17
4.6443522165816016e-17
4.658324312347658e-17
4.686268503879768e-17
4.6955832343904704e-17
4.704897964901173e-17
4.718870060667229e-17
4.728184791177932e-17
4.746814252199339e-17
4.765443713220747e-17
4.774758443731449e-17
4.798045270008208e-17
4.812017365774262e-17
4.821332096284967e-17
4.839961557306372e-17
4.853933653072428e-17
4.872563114093833e-17
4.8818778446045356e-17
4.8911925751152406e-17
4.900507305625943e-17
4.9144794013919993e-17
4.928451497158053e-17
4.9377662276687556e-17
4.9470809581794606e-17
4.9610530539455144e-17
4.970367784456217e-17
4.9889972454776244e-17
5.0029693412436807e-17
5.012284071754383e-17
5.035570898031142e-17
5.0448856285418445e-17
5.054200359052547e-17
5.0728298200739545e-17
5.091459281095362e-17
5.119403472627472e-17
5.133375568393526e-17
