4.861147358579559e-19
6.973294875021818e-19
8.557405512353358e-19
1.0141516149685022e-18
1.1725626787016685e-18
1.3309737424348226e-18
1.4365811182569417e-18
1.5949921819900957e-18
1.7005995578122025e-18
1.859010621545369e-18
1.9646179973674756e-18
2.1758327490117015e-18
2.3342438127448556e-18
2.545458564389069e-18
2.7566733160332827e-18
2.9678880676775086e-18
3.0734954434996154e-18
3.2319065072327695e-18
3.390317570965948e-18
3.4959249467880426e-18
3.601532322610162e-18
3.759943386343316e-18
3.971158137987529e-18
4.0767655138096484e-18
4.2351765775428025e-18
4.4991950170980756e-18
4.763213456653349e-18
4.974428208297562e-18
5.132839272030729e-18
5.291250335763895e-18
5.555268775319168e-18
5.713679839052322e-18
5.819287214874441e-18
5.924894590696536e-18
6.0833056544297144e-18
6.188913030251809e-18
6.452931469807082e-18
6.558538845629201e-18
6.822557285184474e-18
7.139379412650795e-18
7.297790476383961e-18
7.403397852206055e-18
7.509005228028175e-18
7.720219979672388e-18
7.825827355494495e-18
8.037042107138721e-18
8.301060546693994e-18
8.459471610427148e-18
8.565078986249255e-18
8.670686362071362e-18
9.040312177448754e-18
9.251526929092967e-18
9.673956432381395e-18
9.885171184025608e-18
1.0043582247758775e-17
1.0149189623580881e-17
1.0307600687314048e-17
1.0571619126869309e-17
1.0677226502691428e-17
1.0782833878513534e-17
1.0941244942246701e-17
1.1205263381801974e-17
1.1416478133446188e-17
1.1522085509268294e-17
1.168049657300146e-17
1.1838907636734615e-17
1.1944515012556734e-17
1.2366944515845161e-17
1.2525355579578327e-17
1.2630962955400434e-17
1.2789374019133588e-17
1.2894981394955707e-17
1.3106196146599921e-17
1.321180352242204e-17
1.3317410898244147e-17
1.3423018274066241e-17
1.352862564988836e-17
1.3634233025710455e-17
1.3739840401532574e-17
1.3898251465265728e-17
1.4056662528998907e-17
1.426787728064312e-17
1.4584699408109428e-17
1.4743110471842607e-17
1.48487178476647e-17
1.495432522348682e-17
1.5112736287219974e-17
1.5218343663042094e-17
1.5376754726775248e-17
1.5535165790508426e-17
1.5799184230063675e-17
1.5904791605885794e-17
1.6116006357530007e-17
1.6221613733352127e-17
1.632722110917422e-17
1.6591239548729494e-17
1.6696846924551613e-17
1.6960865364106886e-17
1.7330491179484254e-17
1.7488902243217433e-17
1.7647313306950587e-17
1.7752920682772706e-17
1.78585280585948e-17
1.796413543441692e-17
1.8175350186061133e-17
1.8333761249794287e-17
1.849217231352744e-17
1.8756190753082714e-17
1.8861798128904833e-17
1.9020209192637987e-17
1.9178620256371166e-17
1.933703132010432e-17
1.94954423838375e-17
1.9601049759659593e-17
1.9759460823392747e-17
1.9917871887125926e-17
2.002347926294802e-17
2.01818903266812e-17
2.0340301390414353e-17
2.0498712454147507e-17
2.0604319829969626e-17
2.0709927205791745e-17
2.081553458161384e-17
2.092114195743596e-17
2.1026749333258053e-17
2.1237964084902267e-17
2.144917883654648e-17
2.15547862123686e-17
2.166039358819072e-17
2.1818804651923873e-17
2.1924412027745992e-17
2.2082823091479146e-17
2.22412341552123e-17
2.2399645218945454e-17
2.2505252594767573e-17
2.2663663658500727e-17
2.303328947387812e-17
2.3244504225522333e-17
2.3455718977166547e-17
2.3614130040899725e-17
2.377254110463288e-17
2.3930952168366033e-17
2.4036559544188152e-17
2.4142166920010247e-17
2.4300577983743426e-17
2.451179273538764e-17
2.4670203799120793e-17
2.4775811174942912e-17
2.4987025926587126e-17
2.509263330240922e-17
2.519824067823134e-17
2.530384805405346e-17
2.5462259117786613e-17
2.5620670181519767e-17
2.5726277557341886e-17
2.599029599689716e-17
2.6201510748541372e-17
2.6307118124363492e-17
2.6465529188096646e-17
2.66239402518298e-17
2.6782351315562978e-17
2.6887958691385073e-17
2.704636975511825e-17
2.7151977130940346e-17
2.736319188258456e-17
2.746879925840668e-17
2.7627210322139833e-17
2.783842507378407e-17
2.815524720125038e-17
2.831365826498353e-17
2.841926564080565e-17
2.8630480392449866e-17
2.8788891456183044e-17
2.889449883200514e-17
2.905290989573832e-17
2.921132095947147e-17
2.9369732023204625e-17
2.96337504627599e-17
2.973935783858202e-17
2.984496521440411e-17
3.000337627813729e-17
3.0214591029781504e-17
3.037300209351466e-17
3.058421684515887e-17
3.068982422098099e-17
3.0901038972625205e-17
3.111225372426942e-17
3.121786110009154e-17
3.148187953964681e-17
3.1587486915468905e-17
3.1693094291291024e-17
3.179870166711312e-17
3.190430904293524e-17
3.200991641875733e-17
3.216832748249051e-17
3.2326738546223665e-17
3.248514960995682e-17
3.264356067369e-17
3.3013186489067365e-17
3.3118793864889484e-17
3.327720492862264e-17
3.359402705608897e-17
3.3699634431911066e-17
3.3858045495644244e-17
3.396365287146634e-17
3.412206393519952e-17
3.438608237475479e-17
3.4491689750576885e-17
3.4597297126399004e-17
3.47029045022211e-17
3.486131556595428e-17
3.512533400550955e-17
3.5283745069242704e-17
3.5389352445064823e-17
3.560056719670904e-17
3.581178194835325e-17
3.6075800387908524e-17
3.618140776373062e-17
3.644542620328589e-17
3.660383726701907e-17
3.6709444642841165e-17
3.692065939448538e-17
3.70262667703075e-17
3.723748152195171e-17
3.7448696273595924e-17
3.77127147131512e-17
3.792392946479541e-17
3.8135144216439625e-17
3.850477003181702e-17
3.866318109555017e-17
3.876878847137229e-17
3.8980003223016504e-17
3.919121797466072e-17
3.9296825350482836e-17
3.945523641421599e-17
3.956084379003811e-17
3.9772058541682323e-17
3.987766591750442e-17
4.003607698123757e-17
4.0405702796614964e-17
4.051131017243708e-17
4.0775328611992356e-17
4.093373967572551e-17
4.103934705154763e-17
4.1144954427369724e-17
4.125056180319184e-17
4.1461776554836056e-17
4.156738393065815e-17
4.172579499439133e-17
4.1831402370213424e-17
4.20954208097687e-17
4.2253831873501876e-17
4.241224293723503e-17
4.251785031305715e-17
4.2623457688879243e-17
4.272906506470134e-17
4.2887476128434517e-17
4.304588719216767e-17
4.315149456798979e-17
4.3257101943811884e-17
4.341551300754506e-17
4.352112038336716e-17
4.3679531447100336e-17
4.383794251083349e-17
4.4049157262477704e-17
4.415476463829982e-17
4.426037201412192e-17
4.4418783077855096e-17
4.462999782949931e-17
4.4735605205321404e-17
4.484121258114352e-17
4.499962364487668e-17
4.526364208443195e-17
4.542205314816513e-17
4.558046421189828e-17
4.5844482651453556e-17
4.605569740309777e-17
4.6214108466830924e-17
4.6478126906386197e-17
4.6636537970119375e-17
4.674214534594147e-17
4.6900556409674624e-17
4.700616378549674e-17
4.711177116131886e-17
4.7270182225052016e-17
4.758700435251835e-17
4.7692611728340443e-17
4.779821910416256e-17
4.790382647998468e-17
4.8009433855806776e-17
4.8167844919539955e-17
4.832625598327311e-17
4.8431863359095203e-17
4.853747073491732e-17
4.8643078110739417e-17
4.8801489174472595e-17
4.906550761402787e-17
4.927672236567208e-17
4.93823297414942e-17
4.9487937117316296e-17
4.959354449313839e-17
4.969915186896051e-17
4.991036662060472e-17
5.00687776843379e-17
5.0174385060159996e-17
5.0279992435982115e-17
5.043840349971527e-17
5.054401087553739e-17
5.064961825135948e-17
5.080802931509266e-17
5.0913636690914756e-17
5.1019244066736875e-17
5.123045881838109e-17
