5.049027947928589e-19
7.640922242228945e-19
9.196058818809133e-19
1.02328165365293e-18
1.1269574254249344e-18
1.230633197196951e-18
1.3343089689689677e-18
1.4379847407409721e-18
1.593498398398991e-18
1.6971741701710077e-18
2.008201485487033e-18
2.1118772572590497e-18
2.2673909149170686e-18
2.4229045725750875e-18
2.5784182302331063e-18
2.682094002005123e-18
2.889445545549144e-18
3.044959203207163e-18
3.3559865185232007e-18
3.5115001761812195e-18
3.615175947953224e-18
3.7188517197252406e-18
3.8743653773832595e-18
4.133554806813283e-18
4.2890684644713016e-18
4.392744236243318e-18
4.496420008015335e-18
4.600095779787339e-18
4.807447323331373e-18
5.1184746386474104e-18
5.325826182191419e-18
5.481339839849438e-18
5.585015611621455e-18
5.84420504105149e-18
5.9478808128234946e-18
6.1033944704815134e-18
6.258908128139532e-18
6.414421785797551e-18
6.7772869869996034e-18
6.880962758771608e-18
7.036476416429627e-18
7.29566584585965e-18
7.399341617631667e-18
7.658531047061702e-18
7.762206818833706e-18
7.96955836237774e-18
8.073234134149744e-18
8.176909905921761e-18
8.487937221237799e-18
8.591612993009815e-18
8.747126650667822e-18
8.850802422439839e-18
9.05815396598386e-18
9.213667623641878e-18
9.369181281299897e-18
9.576532824843906e-18
9.732046482501925e-18
9.887560140159944e-18
9.991235911931973e-18
1.0250425341361996e-17
1.045777688490603e-17
1.0924317857880086e-17
1.1131669401424095e-17
1.1235345173196124e-17
1.1339020944968128e-17
1.1442696716740132e-17
1.1857399803828199e-17
1.1961075575600204e-17
1.2116589233258222e-17
1.2272102890916241e-17
1.2531292320346265e-17
1.2634968092118294e-17
1.2894157521548317e-17
1.3049671179206311e-17
1.315334695097834e-17
1.3308860608636359e-17
1.3464374266294378e-17
1.3568050038066382e-17
1.3723563695724401e-17
1.403459101104044e-17
1.4190104668698458e-17
1.4345618326356476e-17
1.444929409812848e-17
1.46048077557865e-17
1.470848352755853e-17
1.5071348728760556e-17
1.5175024500532585e-17
1.543421392996261e-17
1.5537889701734613e-17
1.579707913116466e-17
1.5900754902936665e-17
1.6056268560594684e-17
1.6211782218252703e-17
1.6315457990024707e-17
1.657464741945473e-17
1.6781998962998764e-17
1.6937512620656783e-17
1.7352215707744825e-17
1.7715080908946877e-17
1.7870594566604896e-17
1.79742703383769e-17
1.812978399603492e-17
1.8285297653692938e-17
1.8388973425464942e-17
1.849264919723697e-17
1.8596324969008976e-17
1.8751838626666995e-17
1.9011028056097018e-17
1.9114703827869047e-17
1.921837959964105e-17
1.9322055371413055e-17
1.9581244800843103e-17
1.9788596344387112e-17
1.9892272116159116e-17
1.999594788793112e-17
2.015146154558914e-17
2.030697520324716e-17
2.0462488860905177e-17
2.0618002518563196e-17
2.082535406210723e-17
2.0929029833879234e-17
2.1032705605651263e-17
2.1291895035081286e-17
2.139557080685329e-17
2.1602922350397324e-17
2.1706598122169328e-17
2.1913949665713362e-17
2.2121301209257395e-17
2.2276814866915414e-17
2.2380490638687418e-17
2.2536004296345437e-17
2.263968006811744e-17
2.3054383155205508e-17
2.3158058926977488e-17
2.3261734698749517e-17
2.336541047052152e-17
2.3572762014065555e-17
2.3831951443495578e-17
2.419481664469763e-17
2.435033030235565e-17
2.4454006074127653e-17
2.4609519731785672e-17
2.4713195503557677e-17
2.4868709161215696e-17
2.507606070475973e-17
2.5231574362417748e-17
2.5387088020075767e-17
2.5542601677733785e-17
2.564627744950579e-17
2.580179110716381e-17
2.5957304764821828e-17
2.616465630836586e-17
2.6268332080137865e-17
2.64756836236819e-17
2.6579359395453903e-17
2.6786710938997912e-17
2.694222459665593e-17
2.720141402608598e-17
2.7356927683743997e-17
2.7460603455516002e-17
2.7667954999060035e-17
2.777163077083204e-17
2.792714442849006e-17
2.803082020026206e-17
2.813449597203409e-17
2.829000962969211e-17
2.8549199059122134e-17
2.886022637443817e-17
2.8963902146210176e-17
2.9067577917982205e-17
2.9274929461526214e-17
2.948228100507025e-17
2.958595677684225e-17
2.974147043450027e-17
2.98451462062723e-17
3.0000659863930293e-17
3.015617352158831e-17
3.0259849293360317e-17
3.0519038722790365e-17
3.062271449456237e-17
3.08300660381064e-17
3.0933741809878407e-17
3.103741758165041e-17
3.114109335342244e-17
3.134844489696645e-17
3.145212066873848e-17
3.17113100981685e-17
3.1918661641712534e-17
3.212601318525654e-17
3.2333364728800576e-17
3.254071627234461e-17
3.2644392044116614e-17
3.274806781588862e-17
3.295541935943265e-17
3.3162770902976685e-17
3.3370122446520694e-17
3.3784825533608736e-17
3.388850130538074e-17
3.399217707715277e-17
3.414769073481079e-17
3.430320439246881e-17
3.440688016424081e-17
3.456239382189883e-17
3.471790747955685e-17
3.487342113721487e-17
3.50807726807589e-17
3.5184448452530906e-17
3.5339962110188925e-17
3.544363788196093e-17
3.559915153961895e-17
3.570282731139098e-17
3.5858340969048996e-17
3.5962016740821e-17
3.6065692512593005e-17
3.6221206170251023e-17
3.632488194202305e-17
3.648039559968107e-17
3.663590925733909e-17
3.68432608008831e-17
3.6946936572655103e-17
3.705061234442711e-17
3.7154288116199137e-17
3.725796388797114e-17
3.741347754562916e-17
3.7672666975059183e-17
3.777634274683121e-17
3.793185640448923e-17
3.813920794803324e-17
3.829472160569126e-17
3.845023526334928e-17
3.8553911035121306e-17
3.8761262578665315e-17
3.8916776236323334e-17
3.907228989398135e-17
3.9279641437525386e-17
3.938331720929739e-17
3.948699298106942e-17
3.964250663872744e-17
3.984985818227145e-17
4.0005371839929466e-17
4.0109047611701495e-17
4.0368237041131494e-17
4.052375069878951e-17
4.062742647056154e-17
4.078294012821956e-17
4.093845378587758e-17
4.114580532942159e-17
4.124948110119362e-17
4.1456832644737626e-17
4.1612346302395645e-17
4.181969784593968e-17
4.192337361771168e-17
4.202704938948371e-17
4.2130725161255716e-17
4.2286238818913735e-17
4.2441752476571753e-17
4.2649104020115787e-17
4.2856455563659796e-17
4.2960131335431825e-17
4.306380710720383e-17
4.332299653663385e-17
4.347851019429187e-17
4.363402385194989e-17
4.3737699623721894e-17
4.3893213281379913e-17
4.399688905315192e-17
4.4152402710809936e-17
4.4463430026125974e-17
4.472261945555602e-17
4.4826295227328026e-17
4.492997099910003e-17
4.508548465675805e-17
4.524099831441607e-17
4.53446740861881e-17
4.54483498579601e-17
4.5707539287390125e-17
4.5811215059162154e-17
4.612224237447819e-17
4.6225918146250196e-17
4.63295939180222e-17
4.658878334745225e-17
4.669245911922425e-17
4.684797277688227e-17
4.6951648548654276e-17
4.7107162206312295e-17
4.7262675863970314e-17
4.741818952162833e-17
4.762554106517234e-17
4.772921683694437e-17
4.788473049460239e-17
4.7988406266374394e-17
4.814391992403241e-17
4.8247595695804417e-17
4.8403109353462436e-17
4.8558623011120454e-17
4.876597455466449e-17
4.8921488212322507e-17
4.902516398409451e-17
4.9232515527638544e-17
4.9388029185296563e-17
4.949170495706857e-17
4.9595380728840597e-17
4.985457015827062e-17
5.0061921701814653e-17
5.026927324535866e-17
5.042478690301668e-17
5.05803005606747e-17
5.073581421833272e-17
5.083948999010472e-17
5.099500364776274e-17
5.115051730542076e-17
5.130603096307878e-17
