4.198743053266219e-19
5.262550568442834e-19
7.390165598796065e-19
8.985876871560987e-19
1.1113491901914218e-18
1.2177299417090833e-18
1.4836818205032371e-18
1.5900625720208986e-18
1.6964433235385601e-18
1.8560144508150524e-18
2.015585578091557e-18
2.1751567053680493e-18
2.281537456885711e-18
2.6006797114386954e-18
2.8134412144740184e-18
2.9730123417505107e-18
3.132583469027003e-18
3.2389642205446645e-18
3.345344972062326e-18
3.4517257235799875e-18
3.558106475097661e-18
3.7708679781329844e-18
3.930439105409477e-18
4.036819856927138e-18
4.302771735721292e-18
4.4091524872389535e-18
4.675104366033107e-18
4.8346754933095996e-18
5.100627372103766e-18
5.313388875139089e-18
5.41976962665675e-18
5.685721505450904e-18
5.7921022569685656e-18
5.898483008486227e-18
6.058054135762719e-18
6.164434887280381e-18
6.324006014556873e-18
6.536767517592196e-18
6.643148269109858e-18
6.7495290206275316e-18
6.962290523662855e-18
7.121861650939347e-18
7.228242402457008e-18
7.3878135297335e-18
7.547384657009993e-18
7.706955784286485e-18
7.972907663080639e-18
8.132478790357131e-18
8.238859541874793e-18
8.345240293392467e-18
8.504811420668959e-18
8.61119217218662e-18
8.717572923704282e-18
9.196286305533759e-18
9.355857432810251e-18
9.621809311604405e-18
9.728190063122066e-18
9.887761190398571e-18
1.0100522693433894e-17
1.0206903444951556e-17
1.0419664947986879e-17
1.0632426451022202e-17
1.0791997578298694e-17
1.0951568705575186e-17
1.1111139832851678e-17
1.1323901335887002e-17
1.1430282087404663e-17
1.1589853214681168e-17
1.1696233966198829e-17
1.180261471771649e-17
1.1908995469234152e-17
1.2174947348028306e-17
1.2547279978340121e-17
1.2653660729857783e-17
1.2972802984410767e-17
1.3345135614722595e-17
1.3451516366240257e-17
1.3611087493516749e-17
1.3770658620793241e-17
1.3877039372310903e-17
1.3983420123828564e-17
1.4089800875346226e-17
1.4196181626863887e-17
1.440894312989921e-17
1.4568514257175715e-17
1.4674895008693376e-17
1.4781275760211038e-17
1.48876565117287e-17
1.499403726324636e-17
1.5206798766281684e-17
1.5313179517799345e-17
1.552594102083467e-17
1.563232177235233e-17
1.5845083275387653e-17
1.5951464026905315e-17
1.6057844778422976e-17
1.627060628145831e-17
1.6376987032975973e-17
1.6483367784493634e-17
1.6749319663287788e-17
1.690889079056428e-17
1.7068461917840773e-17
1.7228033045117253e-17
1.7387604172393757e-17
1.760036567542908e-17
1.7866317554223247e-17
1.807907905725857e-17
1.818545980877623e-17
1.834503093605271e-17
1.8504602063329216e-17
1.88237443178822e-17
1.8930125069399862e-17
1.9036505820917523e-17
1.9196076948194003e-17
1.930245769971169e-17
1.9515219202747012e-17
1.9621599954264674e-17
1.978117108154118e-17
1.9887551833058815e-17
1.9993932584576502e-17
2.015350371185298e-17
2.0259884463370643e-17
2.0366265214888305e-17
2.0525836342164785e-17
2.063221709368247e-17
2.0738597845200108e-17
2.0951359348235455e-17
2.111093047551196e-17
2.1217311227029597e-17
2.13768823543061e-17
2.1483263105823763e-17
2.1696024608859086e-17
2.190878611189441e-17
2.201516686341207e-17
2.2121547614929732e-17
2.2334309117965055e-17
2.2440689869482717e-17
2.2547070621000378e-17
2.2653451372518064e-17
2.27598321240357e-17
2.2866212875553387e-17
2.313216475434753e-17
2.3344926257382852e-17
2.3610878136176993e-17
2.3823639639212316e-17
2.403640114224764e-17
2.4249162645282987e-17
2.4515114524077128e-17
2.4674685651353633e-17
2.4781066402871295e-17
2.4993827905906618e-17
2.520658940894194e-17
2.536616053621842e-17
2.5472541287736107e-17
2.5632112415012587e-17
2.5738493166530273e-17
2.5951254669565596e-17
2.6217206548359737e-17
2.6376777675636242e-17
2.6642729554430383e-17
2.6749110305948045e-17
2.701506218474221e-17
2.7121442936259848e-17
2.7227823687777534e-17
2.7387394815054014e-17
2.775972744536584e-17
2.7919298572642346e-17
2.818525045143649e-17
2.839801195447181e-17
2.866396383326595e-17
2.882353496054248e-17
2.9036296463577805e-17
2.9302248342371946e-17
2.940862909388961e-17
2.951500984540727e-17
2.978096172420141e-17
2.9940532851477915e-17
3.0046913602995577e-17
3.015329435451324e-17
3.02596751060309e-17
3.0366055857548586e-17
3.0525626984825066e-17
3.063200773634273e-17
3.073838848786039e-17
3.089795961513687e-17
3.1057530742413373e-17
3.1163911493931035e-17
3.1323482621207515e-17
3.153624412424284e-17
3.174900562727816e-17
3.201495750607233e-17
3.2121338257590013e-17
3.222771900910765e-17
3.2334099760625336e-17
3.2440480512142973e-17
3.254686126366066e-17
3.2653242015178296e-17
3.28128131424548e-17
3.3025574645490124e-17
3.3291526524284265e-17
3.345109765156077e-17
3.3717049530354936e-17
3.38234302818726e-17
3.403619178490792e-17
3.414257253642558e-17
3.4355334039460905e-17
3.4461714790978567e-17
3.4621285918255047e-17
3.483404742129037e-17
3.4940428172808056e-17
3.520638005160222e-17
3.531276080311986e-17
3.5419141554637545e-17
3.5578712681914025e-17
3.5738283809190505e-17
3.600423568798467e-17
3.6216997191019994e-17
3.6376568318296474e-17
3.653613944557298e-17
3.6695710572849483e-17
3.6908472075884806e-17
3.701485282740247e-17
3.712123357892013e-17
3.728080470619661e-17
3.7546756584990775e-17
3.7706327712267255e-17
3.781270846378494e-17
3.81318507183379e-17
3.839780259713207e-17
3.8504183348649754e-17
3.8716944851685077e-17
3.89297063547204e-17
3.9036087106238037e-17
3.919565823351454e-17
3.9408419736549864e-17
3.9514800488067526e-17
3.962118123958519e-17
3.9833942742620535e-17
3.994032349413817e-17
4.0099894621414677e-17
4.031265612445e-17
4.052541762748532e-17
4.0631798379002984e-17
4.0791369506279464e-17
4.089775025779715e-17
4.1110511760832473e-17
4.1323273263867796e-17
4.153603476690312e-17
4.164241551842078e-17
4.1801986645697285e-17
4.1961557772973765e-17
4.2121128900250245e-17
4.228070002752675e-17
4.2440271154803255e-17
4.254665190632089e-17
4.265303265783858e-17
4.281260378511506e-17
4.291898453663272e-17
4.302536528815038e-17
4.3238126791185704e-17
4.339769791846221e-17
4.361045942149753e-17
4.3770030548774036e-17
4.387641130029167e-17
4.398279205180936e-17
4.419555355484468e-17
4.430193430636232e-17
4.451469580939764e-17
4.462107656091533e-17
4.472745731243299e-17
4.499340919122713e-17
4.509978994274482e-17
4.531255144578014e-17
4.541893219729778e-17
4.557850332457428e-17
4.5684884076091943e-17
4.595083595488611e-17
4.611040708216259e-17
4.6269978209439094e-17
4.64295493367156e-17
4.664231083975092e-17
4.6855072342786245e-17
4.696145309430388e-17
4.7121024221580386e-17
4.728059534885689e-17
4.744016647613337e-17
4.754654722765103e-17
4.7652927979168694e-17
4.7865689482204017e-17
4.802526060948052e-17
4.813164136099818e-17
4.8238022112515844e-17
4.839759323979235e-17
4.8503973991309986e-17
4.861035474282767e-17
4.871673549434531e-17
4.8876306621621813e-17
4.8982687373139475e-17
4.9089068124657136e-17
4.924863925193364e-17
4.9461400754968964e-17
4.9620971882245444e-17
4.983373338528077e-17
4.9940114136798453e-17
5.0099685264074933e-17
5.0206066015592595e-17
5.0312446767110256e-17
5.0472017894386736e-17
5.068477939742206e-17
5.089754090045738e-17
5.111030240349273e-17
5.1269873530769235e-17
