4.245476317305485e-19
6.254957600773503e-19
7.762068563374639e-19
9.269179525975775e-19
1.2283401451177924e-18
1.3790512413778937e-18
1.5297623376380074e-18
1.680473433898121e-18
1.8814215622449227e-18
1.981895626418336e-18
2.0823696905917368e-18
2.2330807868518504e-18
2.3837918831119517e-18
2.484265947285365e-18
2.6349770435454662e-18
2.7354511077188794e-18
2.9363992360656935e-18
3.087110332325807e-18
3.3382954927593216e-18
3.489006589019423e-18
3.6397176852795365e-18
3.7401917494529374e-18
3.890902845713051e-18
4.041613941973152e-18
4.1420880061465655e-18
4.2425620703199664e-18
4.3430361344933796e-18
4.493747230753481e-18
4.594221294926894e-18
4.7449323911869954e-18
4.895643487447109e-18
5.04635458370721e-18
5.197065679967324e-18
5.297539744140725e-18
5.398013808314138e-18
5.548724904574239e-18
5.6491989687476525e-18
5.749673032921053e-18
6.000858193354568e-18
6.101332257527981e-18
6.201806321701382e-18
6.3525174179614956e-18
6.4529914821348964e-18
6.55346554630831e-18
6.6539396104817105e-18
6.754413674655124e-18
6.905124770915225e-18
7.055835867175339e-18
7.256783995522153e-18
7.407495091782254e-18
7.608443220129068e-18
7.809391348475882e-18
7.960102444735983e-18
8.161050573082797e-18
8.462472765603012e-18
8.81413199020994e-18
8.914606054383341e-18
9.065317150643455e-18
9.165791214816868e-18
9.36673934316367e-18
9.467213407337083e-18
9.567687471510484e-18
9.718398567770597e-18
9.869109664030699e-18
9.969583728204112e-18
1.0070057792377513e-17
1.0170531856550926e-17
1.0271005920724327e-17
1.042171701698444e-17
1.0522191081157841e-17
1.0773376241591356e-17
1.0873850305764756e-17
1.097432436993817e-17
1.1275746562458385e-17
1.1426457658718498e-17
1.15771687549786e-17
1.1677642819152013e-17
1.1778116883325414e-17
1.1979065011672228e-17
1.2230250172105742e-17
1.2330724236279155e-17
1.2431198300452556e-17
1.258190939671267e-17
1.2782857525059472e-17
1.2883331589232885e-17
1.3034042685492986e-17
1.31847537817531e-17
1.3385701910099914e-17
1.3636887070533428e-17
1.3837835198880242e-17
1.3988546295140344e-17
1.428996848766056e-17
1.4490916616007373e-17
1.4591390680180786e-17
1.4691864744354187e-17
1.4892812872701e-17
1.5043523968961102e-17
1.534494616148133e-17
1.5545894289828143e-17
1.5646368354001544e-17
1.5797079450261658e-17
1.5998027578608472e-17
1.6098501642781873e-17
1.6198975706955274e-17
1.6299449771128687e-17
1.6600871963648902e-17
1.6701346027822303e-17
1.6801820091995716e-17
1.6902294156169117e-17
1.705300525242923e-17
1.7253953380776044e-17
1.7404664477036146e-17
1.750513854120956e-17
1.765584963746966e-17
1.7806560733729774e-17
1.7957271829989875e-17
1.8057745894163288e-17
1.815821995833669e-17
1.8409405118770216e-17
1.8509879182943617e-17
1.8861538407550532e-17
1.8962012471723945e-17
1.9062486535897346e-17
1.916296060007076e-17
1.936390872841756e-17
1.9514619824677675e-17
1.971556795302449e-17
1.981604201719789e-17
2.0016990145544704e-17
2.0167701241804818e-17
2.031841233806492e-17
2.0619834530585134e-17
2.0820782658931948e-17
2.092125672310536e-17
2.1172441883538875e-17
2.1272915947712276e-17
2.1373390011885677e-17
2.147386407605909e-17
2.1624575172319204e-17
2.1725049236492605e-17
2.187576033275272e-17
2.197623439692612e-17
2.2076708461099533e-17
2.2177182525272933e-17
2.2277656589446334e-17
2.2428367685706448e-17
2.252884174987985e-17
2.2729789878226663e-17
2.2930738006573477e-17
2.308144910283359e-17
2.3282397231180392e-17
2.3382871295353806e-17
2.358381942370062e-17
2.373453051996072e-17
2.3985715680394235e-17
2.418666380874105e-17
2.428713787291445e-17
2.4488086001261277e-17
2.4638797097521378e-17
2.4990456322128306e-17
2.5090930386301707e-17
2.529187851464852e-17
2.5442589610908622e-17
2.5543063675082035e-17
2.6095671028035765e-17
2.629661915638258e-17
2.639709322055598e-17
2.6497567284729393e-17
2.6598041348902794e-17
2.6698515413076194e-17
2.6798989477249608e-17
2.694970057350972e-17
2.710041166976981e-17
2.7200885733943236e-17
2.735159683020335e-17
2.745207089437675e-17
2.760278199063684e-17
2.7703256054810265e-17
2.785396715107038e-17
2.800467824733049e-17
2.815538934359058e-17
2.825586340776398e-17
2.850704856819752e-17
2.865775966445761e-17
2.8858707792804436e-17
2.905965592115124e-17
2.926060404949804e-17
2.951178920993158e-17
2.961226327410498e-17
2.976297437036507e-17
2.9863448434538494e-17
3.001415953079861e-17
3.016487062705872e-17
3.031558172331881e-17
3.061700391583904e-17
3.071747798001244e-17
3.086818907627255e-17
3.1069137204619354e-17
3.121984830087947e-17
3.132032236505287e-17
3.1521270493399695e-17
3.1722218621746497e-17
3.187292971800661e-17
3.197340378218001e-17
3.2124114878440125e-17
3.232506300678695e-17
3.247577410304704e-17
3.257624816722044e-17
3.2726959263480555e-17
3.297814442391407e-17
3.307861848808747e-17
3.3179092552260896e-17
3.33800406806077e-17
3.35809888089545e-17
3.373169990521461e-17
3.408335912982153e-17
3.423407022608164e-17
3.4384781322341755e-17
3.4485255386515156e-17
3.463596648277527e-17
3.4786677579035383e-17
3.5088099771555586e-17
3.518857383572901e-17
3.528904789990241e-17
3.5439758996162526e-17
3.5540233060335927e-17
3.5942129317029555e-17
3.619331447746307e-17
3.6344025573723183e-17
3.6544973702069985e-17
3.6745921830416787e-17
3.68966329266769e-17
3.6997106990850326e-17
3.7147818087110415e-17
3.729852918337053e-17
3.744924027963064e-17
3.7650188407977444e-17
3.7750662472150845e-17
3.785113653632427e-17
3.8001847632584384e-17
3.810232169675776e-17
3.8253032793017874e-17
3.840374388927799e-17
3.850421795345141e-17
3.8604692017624814e-17
3.87554031138849e-17
3.900658827431844e-17
3.910706233849184e-17
3.9207536402665243e-17
3.9408484531012045e-17
3.950895859518547e-17
3.960943265935887e-17
3.976014375561896e-17
3.9910854851879074e-17
4.00113289160525e-17
4.02122770443993e-17
4.0413225172746103e-17
4.051369923691953e-17
4.066441033317964e-17
4.076488439735302e-17
4.101606955778656e-17
4.126725471822005e-17
4.136772878239347e-17
4.1568676910740275e-17
4.171938800700039e-17
4.18700991032605e-17
4.2071047231607304e-17
4.232223239204084e-17
4.242270645621422e-17
4.2623654584561046e-17
4.277436568082116e-17
4.287483974499456e-17
4.3025550841254674e-17
4.3126024905428075e-17
4.327673600168819e-17
4.342744709794828e-17
4.35279211621217e-17
4.3678632258381816e-17
4.377910632255522e-17
4.387958038672862e-17
4.398005445090202e-17
4.4231239611335533e-17
4.443218773968236e-17
4.4683372900115874e-17
4.4783846964289275e-17
4.4884321028462676e-17
4.49847950926361e-17
4.513550618889619e-17
4.5286217285156304e-17
4.5386691349329705e-17
4.5587639477676507e-17
4.573835057393662e-17
4.5889061670196734e-17
4.603977276645685e-17
4.624072089480365e-17
4.639143199106376e-17
4.649190605523719e-17
4.664261715149728e-17
4.674309121567068e-17
4.6944039344017505e-17
4.7094750440277594e-17
4.724546153653771e-17
4.739617263279782e-17
4.7496646696971246e-17
4.7747831857404736e-17
4.784830592157816e-17
4.794877998575156e-17
4.8049254049924964e-17
4.830043921035848e-17
4.8601861402878705e-17
4.8752572499138794e-17
4.890328359539891e-17
4.9104231723745734e-17
4.9254942820005823e-17
4.9405653916265937e-17
4.9606602044612763e-17
4.9707076108786164e-17
4.9807550172959565e-17
4.9908024237132966e-17
5.000849830130639e-17
5.0209446429653193e-17
5.0309920493826594e-17
5.046063159008671e-17
5.061134268634682e-17
5.081229081469365e-17
5.0912764878867024e-17
5.101323894304045e-17
5.111371300721385e-17
5.1264424103473964e-17
