4.350791259984334e-19
5.381803816376429e-19
6.928322650964388e-19
8.474841485552346e-19
9.505854041944319e-19
1.1052372876532277e-18
1.2083385432924496e-18
1.3629904267512455e-18
1.5176423102100413e-18
1.6722941936688372e-18
1.7753954493080344e-18
1.9815979605864536e-18
2.0846992162256508e-18
2.187800471864848e-18
2.342452355323644e-18
2.445553610962841e-18
2.7548573778804575e-18
2.9095092613392534e-18
3.0641611447980492e-18
3.218813028256845e-18
3.3219142838960546e-18
3.57966742299406e-18
3.734319306452856e-18
3.837420562092053e-18
3.992072445550849e-18
4.095173701190071e-18
4.301376212468465e-18
4.456028095927261e-18
4.662230607205656e-18
4.765331862844865e-18
4.9199837463036734e-18
5.126186257582068e-18
5.280838141040864e-18
5.59014190795848e-18
5.744793791417276e-18
6.002546930515269e-18
6.157198813974065e-18
6.363401325252484e-18
6.466502580891681e-18
6.621154464350477e-18
6.775806347809273e-18
6.87890760344847e-18
7.136660742546488e-18
7.239761998185685e-18
7.44596450946408e-18
7.703717648562097e-18
7.858369532020893e-18
8.064572043299288e-18
8.219223926758084e-18
8.373875810216892e-18
8.580078321495299e-18
8.786280832773693e-18
8.88938208841289e-18
9.044033971871686e-18
9.250236483150105e-18
9.4564389944285e-18
9.559540250067697e-18
9.662641505706894e-18
9.817293389165702e-18
9.97194527262451e-18
1.0126597156083307e-17
1.0332799667361701e-17
1.0539002178640108e-17
1.0848305945557712e-17
1.0951407201196909e-17
1.1209160340294902e-17
1.1415362851573321e-17
1.1621565362851716e-17
1.1724666618490913e-17
1.1879318501949709e-17
1.1982419757588918e-17
1.2188622268867325e-17
1.2291723524506522e-17
1.2446375407965318e-17
1.2652577919243713e-17
1.2755679174882935e-17
1.2858780430522132e-17
1.3013432313980928e-17
1.3168084197439724e-17
1.332273608089852e-17
1.3425837336537729e-17
1.3528938592176939e-17
1.3786691731274932e-17
1.3941343614733728e-17
1.4147546126012134e-17
1.435374863729054e-17
1.4456849892929738e-17
1.476615365984733e-17
1.486925491548654e-17
1.5127008054584545e-17
1.5230109310223742e-17
1.533321056586294e-17
1.5539413077141334e-17
1.5642514332780556e-17
1.5745615588419753e-17
1.584871684405895e-17
1.5951818099698148e-17
1.6054919355337345e-17
1.6158020610976542e-17
1.626112186661574e-17
1.6518875005713757e-17
1.6673526889172553e-17
1.6879729400450947e-17
1.6982830656090145e-17
1.7189033167368564e-17
1.729213442300776e-17
1.7446786306466557e-17
1.7549887562105754e-17
1.770453944556455e-17
1.8013843212482166e-17
1.822004572376056e-17
1.8426248235038955e-17
1.8580900118497776e-17
1.8684001374136973e-17
1.8890203885415368e-17
1.9044855768874163e-17
1.930260890797218e-17
1.9457260791430977e-17
1.9560362047070174e-17
1.971501393052897e-17
1.9869665813987766e-17
2.0127418953085784e-17
2.028207083654458e-17
2.0385172092183777e-17
2.0539823975642573e-17
2.0694475859101393e-17
2.079757711474059e-17
2.0900678370379788e-17
2.1003779626018985e-17
2.1106880881658182e-17
2.120998213729738e-17
2.1364634020756175e-17
2.1570836532034594e-17
2.172548841549339e-17
2.1931690926771785e-17
2.2189444065869802e-17
2.2344095949328598e-17
2.2498747832787394e-17
2.260184908842659e-17
2.2756500971885387e-17
2.2859602227524597e-17
2.2962703483163806e-17
2.31689059944422e-17
2.3323557877900997e-17
2.3478209761359793e-17
2.3581311016999002e-17
2.3684412272638212e-17
2.3839064156097008e-17
2.4045266667375402e-17
2.4354570434293018e-17
2.4560772945571413e-17
2.4870076712489005e-17
2.5024728595947813e-17
2.517938047940662e-17
2.5282481735045818e-17
2.5385582990685015e-17
2.5488684246324213e-17
2.5694886757602607e-17
2.5849538641061428e-17
2.6004190524520224e-17
2.615884240797902e-17
2.6313494291437815e-17
2.6468146174896623e-17
2.667434868617503e-17
2.6777449941814227e-17
2.6932101825273023e-17
2.703520308091222e-17
2.7138304336551418e-17
2.724140559219064e-17
2.7396057475649436e-17
2.755070935910823e-17
2.7756911870386626e-17
2.7911563753845434e-17
2.8014665009484644e-17
2.816931689294344e-17
2.8323968776402235e-17
2.842707003204143e-17
2.853017128768063e-17
2.873637379895905e-17
2.8942576310237443e-17
2.909722819369624e-17
2.9251880077155035e-17
2.9354981332794245e-17
2.950963321625305e-17
2.966428509971185e-17
3.002513949444904e-17
3.012824075008826e-17
3.0282892633547057e-17
3.048909514482545e-17
3.0695297656103846e-17
3.0849949539562666e-17
3.0953050795201863e-17
3.115925330648026e-17
3.136545581775865e-17
3.146855707339785e-17
3.172631021249587e-17
3.198406335159387e-17
3.213871523505267e-17
3.2241816490691866e-17
3.2344917746331063e-17
3.244801900197026e-17
3.255112025760946e-17
3.270577214106828e-17
3.2860424024527074e-17
3.296352528016627e-17
3.3169727791444666e-17
3.327282904708386e-17
3.3427480930542683e-17
3.353058218618188e-17
3.3685234069640677e-17
3.394298720873867e-17
3.409763909219749e-17
3.4303841603475885e-17
3.440694285911508e-17
3.451004411475428e-17
3.4613145370393476e-17
3.4716246626032674e-17
3.4870898509491494e-17
3.502555039295029e-17
3.528330353204828e-17
3.54895060433267e-17
3.55926072989659e-17
3.5747259182424695e-17
3.590191106588349e-17
3.600501232152269e-17
3.6159664204981484e-17
3.6314316088440305e-17
3.64689679718991e-17
3.6675170483177495e-17
3.677827173881669e-17
3.698447425009511e-17
3.708757550573431e-17
3.73453286448323e-17
3.74484299004715e-17
3.7551531156110696e-17
3.7706183039569517e-17
3.7809284295208714e-17
3.791238555084791e-17
3.801548680648711e-17
3.8118588062126306e-17
3.82216893177655e-17
3.842789182904392e-17
3.8685644968141915e-17
3.889184747942031e-17
3.8994948735059507e-17
3.914960061851833e-17
3.9252701874157525e-17
3.9562005641075116e-17
3.9665106896714314e-17
3.987130940799273e-17
4.002596129145153e-17
4.0129062547090726e-17
4.028371443054952e-17
4.0541467569647515e-17
4.0644568825286737e-17
4.085077133656513e-17
4.095387259220433e-17
4.121162573130232e-17
4.136627761476114e-17
4.146937887040034e-17
4.1624030753859135e-17
4.172713200949833e-17
4.188178389295713e-17
4.203643577641595e-17
4.2242638287694343e-17
4.244884079897274e-17
4.2551942054611935e-17
4.265504331025113e-17
4.2758144565890354e-17
4.286124582152955e-17
4.3067448332807946e-17
4.317054958844714e-17
4.3428302727545136e-17
4.3582954611003957e-17
4.384070775010195e-17
4.4046910261380344e-17
4.4201562144839165e-17
4.435621402829796e-17
4.466551779521555e-17
4.4871720306493947e-17
4.5077922817772366e-17
4.523257470123116e-17
4.5490327840329155e-17
4.5644979723787975e-17
4.579963160724677e-17
4.590273286288597e-17
4.6005834118525166e-17
4.626358725762316e-17
4.6521340396721176e-17
4.667599228017997e-17
4.677909353581917e-17
4.6882194791458367e-17
4.703684667491719e-17
4.724304918619558e-17
4.734615044183478e-17
4.760390358093277e-17
4.775855546439157e-17
4.786165672003079e-17
4.8016308603489586e-17
4.817096048694838e-17
4.827406174258758e-17
4.8428713626046375e-17
4.853181488168557e-17
4.868646676514439e-17
4.884111864860319e-17
4.8944219904242385e-17
4.925352367116e-17
4.93566249267992e-17
4.9511276810257995e-17
4.976902994935599e-17
4.9923681832814784e-17
5.0026783088454006e-17
5.01814349719128e-17
5.0387637483191196e-17
5.0490738738830393e-17
5.085159313356761e-17
5.11608969004852e-17
