3.7585277310598784e-19
4.756438713729238e-19
6.253305187733463e-19
7.251216170402946e-19
9.247038135741789e-19
1.1741815592415374e-18
1.2739726575084733e-18
1.3737637557754217e-18
1.7230325997097284e-18
1.8727192471101386e-18
2.072301443644035e-18
2.2219880910444453e-18
2.3217791893113936e-18
2.421570287578342e-18
2.571256934978752e-18
2.8706302297795847e-18
2.9704213280465207e-18
3.120107975446943e-18
3.2198990737138915e-18
3.3695857211143016e-18
3.46937681938125e-18
3.668959015915134e-18
3.7687501141820825e-18
3.8685412124490185e-18
4.068123408982915e-18
4.167914507249851e-18
4.2677056055167994e-18
4.567078900317632e-18
4.666869998584568e-18
4.866452195118465e-18
4.966243293385401e-18
5.165825489919297e-18
5.3654076864531816e-18
5.664780981254014e-18
5.814467628654424e-18
5.9142587269213726e-18
6.113840923455257e-18
6.263527570855679e-18
6.4132142182560895e-18
6.513005316523038e-18
6.712587513056922e-18
6.8123786113238704e-18
7.061856356991229e-18
7.261438553525113e-18
7.411125200925536e-18
7.61070739745942e-18
7.710498495726368e-18
7.910080692260253e-18
8.159558437927611e-18
8.309245085328021e-18
8.40903618359497e-18
8.558722830995392e-18
8.80820057666275e-18
8.95788722406316e-18
9.057678322330109e-18
9.307156067997467e-18
9.506738264531352e-18
9.656424911931774e-18
9.75621601019871e-18
9.905902657599133e-18
1.0055589304999543e-17
1.0155380403266491e-17
1.0354962599800375e-17
1.0454753698067324e-17
1.0654335894601208e-17
1.0754126992868156e-17
1.0853918091135092e-17
1.095370918940204e-17
1.1053500287668989e-17
1.1153291385935925e-17
1.1253082484202873e-17
1.1402769131603296e-17
1.1502560229870232e-17
1.1702142426404116e-17
1.2001515721204948e-17
1.2151202368605371e-17
1.2300889016005781e-17
1.2450575663406204e-17
1.2600262310806614e-17
1.2749948958207036e-17
1.294953115474092e-17
1.3049322253007869e-17
1.3149113351274805e-17
1.3248904449541753e-17
1.3448486646075637e-17
1.359817329347606e-17
1.374785994087647e-17
1.3847651039143418e-17
1.3947442137410354e-17
1.414702433394425e-17
1.4346606530478135e-17
1.4446397628745083e-17
1.4645979825278968e-17
1.4845562021812852e-17
1.4995248669213275e-17
1.509503976748021e-17
1.519483086574716e-17
1.5294621964014107e-17
1.5444308611414517e-17
1.5693786357081876e-17
1.5793577455348824e-17
1.5993159651882708e-17
1.6092950750149657e-17
1.6242637397550067e-17
1.6342428495817015e-17
1.6591906241484374e-17
1.6691697339751322e-17
1.6791488438018258e-17
1.6891279536285206e-17
1.6991070634552154e-17
1.7240548380219513e-17
1.7440130576753397e-17
1.763971277328728e-17
1.7789399420687704e-17
1.788919051895464e-17
1.8188563813755473e-17
1.8338250461155895e-17
1.843804155942283e-17
1.8587728206823254e-17
1.8737414854223664e-17
1.893699705075756e-17
1.918647479642492e-17
1.9286265894691855e-17
1.9386056992958803e-17
1.948584809122575e-17
1.9685430287759636e-17
1.988501248429352e-17
1.9984803582560468e-17
2.0184385779094353e-17
2.053365462302866e-17
2.068334127042907e-17
2.0932819016096428e-17
2.108250566349685e-17
2.1282087860030735e-17
2.1381878958297683e-17
2.148167005656463e-17
2.1681252253098516e-17
2.1781043351365452e-17
2.2030521097032822e-17
2.227999884270018e-17
2.242968549010059e-17
2.252947658836754e-17
2.267916323576795e-17
2.2828849883168372e-17
2.3028432079702256e-17
2.322801427623614e-17
2.332780537450309e-17
2.3427596472770037e-17
2.3577283120170447e-17
2.3677074218437396e-17
2.377686531670433e-17
2.3926551964104754e-17
2.4076238611505164e-17
2.4176029709772112e-17
2.4325716357172523e-17
2.4625089651973355e-17
2.4824671848507252e-17
2.4974358495907662e-17
2.507414959417461e-17
2.5373522888975443e-17
2.547331398724238e-17
2.5672896183776275e-17
2.577268728204321e-17
2.5922373929443634e-17
2.6072060576844044e-17
2.6221747224244467e-17
2.6371433871644877e-17
2.6471224969911825e-17
2.6770598264712658e-17
2.6920284912113068e-17
2.706997155951349e-17
2.72196582069139e-17
2.731944930518085e-17
2.7519031501714733e-17
2.7718613698248617e-17
2.7818404796515566e-17
2.7968091443915976e-17
2.81177780913164e-17
2.841715138611723e-17
2.856683803351764e-17
2.866662913178459e-17
2.8816315779185e-17
2.9015897975718896e-17
2.9165584623119306e-17
2.931527127051973e-17
2.9415062368786665e-17
2.961464456532056e-17
2.9814226761854446e-17
2.991401786012138e-17
3.0063704507521804e-17
3.026328670405569e-17
3.0462868900589585e-17
3.066245109712347e-17
3.0762242195390405e-17
3.0862033293657354e-17
3.09618243919243e-17
3.111151103932471e-17
3.136098878499207e-17
3.161046653065943e-17
3.171025762892638e-17
3.1909839825460274e-17
3.2059526472860684e-17
3.215931757112763e-17
3.230900421852804e-17
3.245869086592845e-17
3.25584819641954e-17
3.265827306246235e-17
3.280795970986276e-17
3.3007541906396656e-17
3.3157228553797066e-17
3.3306915201197476e-17
3.34566018485979e-17
3.360628849599831e-17
3.3805870692532205e-17
3.400545288906609e-17
3.4205035085599974e-17
3.440461728213386e-17
3.4504408380400807e-17
3.4703990576934703e-17
3.4853677224335113e-17
3.5053259420869e-17
3.520294606826942e-17
3.5402528264803304e-17
3.555221491220373e-17
3.565200601047066e-17
3.575179710873761e-17
3.585158820700455e-17
3.600127485440497e-17
3.6101065952671906e-17
3.625075260007233e-17
3.645033479660621e-17
3.6600021444006635e-17
3.679960364054052e-17
3.689939473880747e-17
3.6999185837074403e-17
3.719876803360829e-17
3.7298559131875236e-17
3.7548036877542595e-17
3.764782797580954e-17
3.779751462320995e-17
3.7947201270610375e-17
3.8196679016277734e-17
3.8346365663678156e-17
3.844615676194509e-17
3.854594786021204e-17
3.8845321155012873e-17
3.894511225327981e-17
3.904490335154676e-17
3.9144694449813706e-17
3.924448554808064e-17
3.9394172195481064e-17
3.9543858842881475e-17
3.984323213768231e-17
3.999291878508273e-17
4.0092709883349666e-17
4.024239653075009e-17
4.054176982555092e-17
4.069145647295133e-17
4.0841143120351753e-17
4.094093421861869e-17
4.1140516415152586e-17
4.124030751341952e-17
4.134009861168647e-17
4.1439889709953406e-17
4.16394719064873e-17
4.188894965215466e-17
4.213842739782202e-17
4.223821849608897e-17
4.2338009594355904e-17
4.258748734002326e-17
4.2737173987423685e-17
4.2836965085690633e-17
4.2986651733091043e-17
4.308644283135799e-17
4.3186233929624915e-17
4.328602502789189e-17
4.338581612615881e-17
4.3535502773559247e-17
4.368518942095963e-17
4.393466716662699e-17
4.4084353814027425e-17
4.428393601056132e-17
4.4383727108828246e-17
4.453341375622868e-17
4.473299595276258e-17
4.48327870510295e-17
4.493257814929645e-17
4.50323692475634e-17
4.513216034583032e-17
4.5231951444097294e-17
4.5431533640631166e-17
4.573090693543201e-17
4.593048913196591e-17
4.613007132849978e-17
4.632965352503365e-17
4.6429444623300625e-17
4.6629026819834496e-17
4.682860901636837e-17
4.7028191212902265e-17
4.7277668958569624e-17
4.742735560597006e-17
4.757704225337047e-17
4.7676833351637417e-17
4.777662444990434e-17
4.7926311097304775e-17
4.8075997744705185e-17
4.8225684392105596e-17
4.837537103950603e-17
4.8525057686906416e-17
4.862484878517339e-17
4.8774535432573774e-17
4.902401317824113e-17
4.9123804276508106e-17
4.922359537477503e-17
4.9373282022175464e-17
4.9522968669575874e-17
4.962275976784282e-17
4.9722550866109746e-17
4.982234196437672e-17
5.002192416091059e-17
5.0171610808311e-17
5.03711930048449e-17
5.0570775201378795e-17
5.072046184877918e-17
5.0920044045313077e-17
5.1119626241846973e-17
5.131920843838087e-17
