4.439888013676244e-19
6.425266493569731e-19
7.417955733516597e-19
8.90698959343665e-19
1.039602345335695e-18
1.2381401933250436e-18
1.4366780413143922e-18
1.5855814273063975e-18
1.7841192752957585e-18
1.933022661287776e-18
2.181194971274468e-18
2.3300983572664733e-18
2.5286362052558343e-18
2.7271740532451952e-18
3.024980825229206e-18
3.173884211221236e-18
3.4220565212079278e-18
3.620594369197276e-18
3.769497755189282e-18
3.918401141181312e-18
4.017670065175974e-18
4.11693898917066e-18
4.2658423751626656e-18
4.414745761154683e-18
4.5140146851493575e-18
4.662918071141375e-18
4.811821457133393e-18
4.911090381128067e-18
5.159262691114759e-18
5.258531615109433e-18
5.35780053910412e-18
5.457069463098782e-18
5.6556073110881306e-18
5.754876235082817e-18
5.8541451590774915e-18
5.953414083072166e-18
6.0526830070668525e-18
6.1519519310615145e-18
6.3504897790508754e-18
6.598662089037567e-18
6.747565475029585e-18
6.946103323018934e-18
7.194275633005626e-18
7.2935445570003e-18
7.492082404989661e-18
7.69062025297901e-18
7.938792562965701e-18
8.038061486960376e-18
8.186964872952393e-18
8.335868258944399e-18
8.435137182939085e-18
8.633675030928434e-18
8.931481802912469e-18
9.030750726907131e-18
9.130019650901818e-18
9.278923036893823e-18
9.37819196088851e-18
9.477460884883184e-18
9.576729808877858e-18
9.725633194869864e-18
9.82490211886455e-18
9.924171042859225e-18
1.0271612276840591e-17
1.0370881200835277e-17
1.061905351082197e-17
1.0718322434816631e-17
1.0966494744803323e-17
1.1115398130795341e-17
1.1214667054790015e-17
1.1313935978784702e-17
1.1413204902779364e-17
1.1611742750768725e-17
1.1711011674763399e-17
1.1859915060755417e-17
1.2008818446747434e-17
1.2108087370742109e-17
1.23562596807288e-17
1.2505163066720818e-17
1.2703700914710167e-17
1.2802969838704841e-17
1.2902238762699516e-17
1.3051142148691533e-17
1.3150411072686208e-17
1.3249679996680894e-17
1.3348948920675556e-17
1.3497852306667586e-17
1.3597121230662248e-17
1.3696390154656935e-17
1.404383138863829e-17
1.4143100312632975e-17
1.4341638160622324e-17
1.444090708461701e-17
1.4689079394603702e-17
1.4788348318598364e-17
1.4937251704590394e-17
1.50861550905824e-17
1.5185424014577074e-17
1.5334327400569092e-17
1.553286524855844e-17
1.5632134172553127e-17
1.573140309654779e-17
1.588030648253982e-17
1.6078844330529167e-17
1.6277382178518516e-17
1.6376651102513203e-17
1.657518895050255e-17
1.6724092336494557e-17
1.6823361260489243e-17
1.7021899108478592e-17
1.7121168032473266e-17
1.7270071418465284e-17
1.741897480445729e-17
1.7518243728451976e-17
1.761751265244665e-17
1.7816050500436e-17
1.801458834842536e-17
1.8213126196414708e-17
1.8312395120409383e-17
1.8411664044404057e-17
1.8510932968398744e-17
1.865983635439075e-17
1.8808739740382767e-17
1.9007277588372127e-17
1.910654651236679e-17
1.9305084360356138e-17
1.95036222083455e-17
1.9652525594337517e-17
1.9801428980329522e-17
2.0049601290316214e-17
2.01488702143109e-17
2.0248139138305575e-17
2.034740806230025e-17
2.0496311448292267e-17
2.0645214834284284e-17
2.0744483758278946e-17
2.0843752682273633e-17
2.0992656068265638e-17
2.1290462840249674e-17
2.1489000688239022e-17
2.158826961223371e-17
2.1786807460223057e-17
2.1935710846215063e-17
2.203497977020975e-17
2.2233517618199098e-17
2.2332786542193785e-17
2.248168992818579e-17
2.2729862238172482e-17
2.28787656241645e-17
2.3027669010156517e-17
2.332547578214054e-17
2.3424744706135214e-17
2.35240136301299e-17
2.3672917016121906e-17
2.3821820402113924e-17
2.3921089326108598e-17
2.4119627174097947e-17
2.436779948408464e-17
2.451670287007667e-17
2.461597179407133e-17
2.4715240718066017e-17
2.4864144104058023e-17
2.496341302805271e-17
2.5112316414044715e-17
2.52115853380394e-17
2.541012318602875e-17
2.5509392110023424e-17
2.5707929958012785e-17
2.585683334400479e-17
2.5956102267999477e-17
2.6154640115988826e-17
2.6253909039983488e-17
2.6402812425975518e-17
2.6551715811967523e-17
2.665098473596221e-17
2.6849522583951558e-17
2.7048060431940907e-17
2.7246598279930256e-17
2.7395501665922273e-17
2.7494770589916948e-17
2.7594039513911634e-17
2.779257736190098e-17
2.794148074789299e-17
2.809038413388502e-17
2.8288921981874367e-17
2.853709429186106e-17
2.863636321585573e-17
2.89838044498371e-17
2.9132707835829104e-17
2.923197675982379e-17
2.938088014581582e-17
2.948014906981046e-17
2.967868691779983e-17
2.9877224765789205e-17
2.997649368978384e-17
3.007576261377853e-17
3.022466599977056e-17
3.037356938576259e-17
3.0472838309757226e-17
3.06713761577466e-17
3.086991400573595e-17
3.1018817391727953e-17
3.1217355239717327e-17
3.141589308770665e-17
3.1614430935696024e-17
3.171369985969071e-17
3.18129687836854e-17
3.1912237707680034e-17
3.2061141093672064e-17
3.216041001766675e-17
3.2309313403658756e-17
3.245821678965076e-17
3.255748571364545e-17
3.280565802363214e-17
3.29049269476268e-17
3.300419587162149e-17
3.3103464795616176e-17
3.320273371961086e-17
3.3302002643605524e-17
3.3401271567600186e-17
3.359980941558956e-17
3.3798347263578883e-17
3.40465195735656e-17
3.429469188355227e-17
3.4393960807546954e-17
3.459249865553633e-17
3.4840670965522994e-17
3.508884327550971e-17
3.533701558549638e-17
3.548591897148841e-17
3.5585187895483095e-17
3.5734091281475076e-17
3.5882994667467106e-17
3.6031898053459136e-17
3.618080143945114e-17
3.6329704825443146e-17
3.652824267343252e-17
3.662751159742718e-17
3.6776414983419187e-17
3.7024587293405903e-17
3.7322394065389914e-17
3.74216629893846e-17
3.752093191337929e-17
3.766983529937127e-17
3.786837314736064e-17
3.806691099534999e-17
3.831508330533668e-17
3.846398669132871e-17
3.861289007732069e-17
3.876179346331272e-17
3.891069684930475e-17
3.905960023529673e-17
3.915886915929142e-17
3.9258138083286106e-17
3.9407041469278136e-17
3.960557931726746e-17
3.9704848241262147e-17
3.9853751627254177e-17
4.000265501324618e-17
4.020119286123553e-17
4.030046178523022e-17
4.0399730709224904e-17
4.0548634095216884e-17
4.064790301921157e-17
4.07968064052036e-17
4.0945709791195606e-17
4.104497871519027e-17
4.154132333516365e-17
4.169022672115568e-17
4.178949564515037e-17
4.198803349313969e-17
4.2186571341129066e-17
4.2434743651115733e-17
4.253401257511042e-17
4.268291596110245e-17
4.283181934709448e-17
4.293108827108912e-17
4.3030357195083804e-17
4.312962611907849e-17
4.332816396706784e-17
4.3477067353059844e-17
4.3625970739051874e-17
4.372523966304656e-17
4.387414304903854e-17
4.397341197303323e-17
4.4072680897027915e-17
4.41719498210226e-17
4.427121874501729e-17
4.4370487669011926e-17
4.45690255170013e-17
4.4668294440995986e-17
4.4817197826987966e-17
4.506537013697468e-17
4.526390798496403e-17
4.5363176908958693e-17
4.5561714756948067e-17
4.5760252604937415e-17
4.590915599092942e-17
4.605805937692145e-17
4.6256597224910775e-17
4.635586614890546e-17
4.660403845889218e-17
4.670330738288684e-17
4.68025763068815e-17
4.695147969287353e-17
4.705074861686822e-17
4.724928646485754e-17
4.734855538885223e-17
4.749745877484426e-17
4.7745631084830926e-17
4.7894534470822956e-17
4.799380339481764e-17
4.809307231881233e-17
4.8192341242806967e-17
4.8291610166801653e-17
4.853978247678837e-17
4.8738320324777694e-17
4.898649263476441e-17
4.9185030482753734e-17
4.9482837254737794e-17
4.968137510272712e-17
4.9780644026721805e-17
4.997918187471118e-17
5.012808526070316e-17
5.027698864669519e-17
5.0376257570689876e-17
5.052516095668188e-17
5.077333326666857e-17
5.0971871114657946e-17
5.1120774500649927e-17
5.1220043424644613e-17
5.13193123486393e-17
