4.2129917210973563e-19
5.594200375240762e-19
7.896214798813062e-19
8.817020568241958e-19
1.0198229222385363e-18
1.1579437876528769e-18
1.2500243645957787e-18
1.388145230010107e-18
1.5723063838958984e-18
1.710427249310239e-18
1.894588403196018e-18
1.98666898013892e-18
2.0787495570817972e-18
2.2629107109675887e-18
2.5391524417962697e-18
2.6312330187391593e-18
2.7693538841534998e-18
2.9074747495678403e-18
2.99955532651073e-18
3.1376761919250704e-18
3.321837345810862e-18
3.505998499696641e-18
3.5980790766395306e-18
3.736199942053871e-18
3.828280518996761e-18
4.058481961353991e-18
4.196602826768331e-18
4.380763980654123e-18
4.472844557597012e-18
4.564925134539902e-18
4.657005711482804e-18
4.841166865368583e-18
4.9792877307829235e-18
5.071368307725813e-18
5.1634488846687026e-18
5.301569750083043e-18
5.439690615497384e-18
5.669892057854614e-18
5.808012923268954e-18
5.900093500211844e-18
6.038214365626184e-18
6.2223755195119635e-18
6.406536673397755e-18
6.5906978272835464e-18
6.7288186926978746e-18
7.051100711998007e-18
7.281302154355224e-18
7.419423019769565e-18
7.557543885183905e-18
7.695664750598246e-18
7.787745327541148e-18
7.879825904484037e-18
7.971906481426927e-18
8.156067635312706e-18
8.248148212255608e-18
8.386269077669949e-18
8.524389943084289e-18
8.616470520027166e-18
8.800631673912958e-18
8.984792827798749e-18
9.076873404741639e-18
9.21499427015598e-18
9.491236000984648e-18
9.58331657792755e-18
9.767477731813329e-18
9.997679174170559e-18
1.0319961193470691e-17
1.0550162635827921e-17
1.068828350124225e-17
1.0780364078185151e-17
1.0872444655128041e-17
1.096452523207093e-17
1.1056605809013832e-17
1.1148686385956722e-17
1.1240766962899611e-17
1.1378887828313952e-17
1.1563048982199731e-17
1.1747210136085523e-17
1.1839290713028412e-17
1.1931371289971314e-17
1.2023451866914191e-17
1.2207613020799983e-17
1.2299693597742872e-17
1.2391774174685774e-17
1.2483854751628664e-17
1.2621975617042992e-17
1.2806136770928783e-17
1.2944257636343124e-17
1.3036338213286014e-17
1.3220499367171793e-17
1.3312579944114695e-17
1.3450700809529035e-17
1.3588821674943376e-17
1.3680902251886265e-17
1.3819023117300606e-17
1.4049224559657836e-17
1.4279426002015066e-17
1.4463587155900857e-17
1.4555667732843735e-17
1.4693788598258075e-17
1.4877949752143867e-17
1.5062110906029658e-17
1.5200231771444e-17
1.5338352636858327e-17
1.5430433213801216e-17
1.5568554079215557e-17
1.5752715233101348e-17
1.5890836098515677e-17
1.6028956963930017e-17
1.612103754087292e-17
1.621311811781581e-17
1.635123898323015e-17
1.644331956017304e-17
1.658144042558738e-17
1.667352100253027e-17
1.681164186794461e-17
1.69037224448875e-17
1.69958030218304e-17
1.713392388724474e-17
1.722600446418762e-17
1.731808504113052e-17
1.75022461950163e-17
1.768640734890209e-17
1.777848792584498e-17
1.791660879125932e-17
1.81007699451451e-17
1.8330971387502343e-17
1.856117282985956e-17
1.8653253406802462e-17
1.883741456068824e-17
1.9021575714574033e-17
1.915969657998836e-17
1.9251777156931263e-17
1.9343857733874153e-17
1.9435938310817042e-17
1.9574059176231383e-17
1.9666139753174285e-17
1.9758220330117174e-17
1.9850300907060064e-17
1.9942381484002953e-17
2.0218623214831634e-17
2.0356744080245975e-17
2.0448824657188864e-17
2.0540905234131754e-17
2.0632985811074644e-17
2.0725066388017545e-17
2.0909227541903325e-17
2.1047348407317665e-17
2.1139428984260567e-17
2.1231509561203444e-17
2.1415670715089236e-17
2.1599831868975027e-17
2.1783993022860806e-17
2.1876073599803696e-17
2.2014194465218036e-17
2.2106275042160926e-17
2.2336476484518168e-17
2.247459734993251e-17
2.2658758503818288e-17
2.2750839080761178e-17
2.2888959946175518e-17
2.2981040523118408e-17
2.325728225394709e-17
2.3441443407832868e-17
2.3579564273247208e-17
2.3763725427132988e-17
2.394788658101878e-17
2.403996715796167e-17
2.422412831184746e-17
2.43622491772618e-17
2.450037004267613e-17
2.459245061961903e-17
2.473057148503337e-17
2.4868692350447712e-17
2.49607729273906e-17
2.509889379280493e-17
2.519097436974783e-17
2.5329095235162172e-17
2.542117581210506e-17
2.5605336965990853e-17
2.5743457831405193e-17
2.5881578696819522e-17
2.6065739850705313e-17
2.6157820427648203e-17
2.6249901004591092e-17
2.6341981581533994e-17
2.643406215847687e-17
2.6526142735419773e-17
2.6618223312362663e-17
2.6756344177777003e-17
2.6986545620134233e-17
2.7170706774020013e-17
2.7262787350962914e-17
2.7446948504848694e-17
2.7585069370263034e-17
2.7677149947205936e-17
2.7769230524148813e-17
2.8045472254977494e-17
2.8137552831920396e-17
2.8229633408863286e-17
2.8551915428163405e-17
2.8690036293577746e-17
2.887419744746354e-17
2.9058358601349317e-17
2.9150439178292206e-17
2.9242519755235096e-17
2.942668090912089e-17
2.9518761486063777e-17
2.9748962928421007e-17
2.988708379383535e-17
3.011728523619258e-17
3.025540610160692e-17
3.04395672554927e-17
3.062372840937849e-17
3.080788956326428e-17
3.099205071715006e-17
3.108413129409295e-17
3.126829244797874e-17
3.145245360186452e-17
3.159057446727886e-17
3.177473562116464e-17
3.191285648657898e-17
3.200493706352188e-17
3.209701764046477e-17
3.218909821740766e-17
3.228117879435056e-17
3.246533994823634e-17
3.269554139059357e-17
3.278762196753646e-17
3.297178312142225e-17
3.310990398683658e-17
3.329406514072237e-17
3.3478226294608164e-17
3.3570306871551053e-17
3.366238744849394e-17
3.375446802543683e-17
3.384654860237972e-17
3.3938629179322624e-17
3.4076750044736965e-17
3.4168830621679854e-17
3.430695148709418e-17
3.444507235250852e-17
3.4583193217922863e-17
3.4721314083337204e-17
3.4905475237222995e-17
3.5043596102637324e-17
3.5135676679580225e-17
3.5227757256523115e-17
3.5365878121937456e-17
3.555003927582325e-17
3.5688160141237575e-17
3.5780240718180465e-17
3.5872321295123367e-17
3.601044216053771e-17
3.624064360289494e-17
3.6332724179837827e-17
3.6516885333723606e-17
3.660896591066651e-17
3.674708677608085e-17
3.683916735302374e-17
3.706936879538097e-17
3.720748966079531e-17
3.7345610526209624e-17
3.7621852257038305e-17
3.775997312245267e-17
3.7944134276338425e-17
3.812829543022423e-17
3.826641629563857e-17
3.840453716105291e-17
3.854265802646725e-17
3.872681918035303e-17
3.8818899757295907e-17
3.900306091118171e-17
3.914118177659605e-17
3.932534293048183e-17
3.941742350742471e-17
3.9509504084367634e-17
3.960158466131051e-17
3.973970552672485e-17
3.992386668061063e-17
4.0154068122967873e-17
4.029218898838219e-17
4.0476350142267993e-17
4.0706551584625236e-17
4.079863216156811e-17
4.0936753026982453e-17
4.1074873892396794e-17
4.116695446933967e-17
4.1305075334754036e-17
4.158131706558272e-17
4.1719437930997033e-17
4.1811518507939935e-17
4.1949639373354276e-17
4.204171995029715e-17
4.2133800527240055e-17
4.2225881104182957e-17
4.236400196959727e-17
4.250212283501164e-17
4.2640243700425953e-17
4.277836456584032e-17
4.2916485431254635e-17
4.3008566008197536e-17
4.310064658514044e-17
4.3192727162083316e-17
4.328480773902619e-17
4.342292860444056e-17
4.3561049469854874e-17
4.36531300467978e-17
4.3791250912212116e-17
4.397541206609792e-17
4.40674926430408e-17
4.42516537969266e-17
4.4435814950812356e-17
4.457393581622672e-17
4.46660163931696e-17
4.480413725858394e-17
4.498829841246972e-17
4.508037898941262e-17
4.531058043176984e-17
4.54487012971842e-17
4.554078187412708e-17
4.567890273954142e-17
4.581702360495576e-17
4.5955144470370077e-17
4.6047225047313003e-17
4.613930562425588e-17
4.627742648967022e-17
4.641554735508456e-17
4.650762793202744e-17
4.6645748797441804e-17
4.678386966285612e-17
4.687595023979902e-17
4.701407110521336e-17
4.71521919706277e-17
4.7290312836042043e-17
4.738239341298492e-17
4.747447398992782e-17
4.76586351438136e-17
4.7750715720756503e-17
4.7842796297699405e-17
4.798091716311372e-17
4.807299774005662e-17
4.8165078316999525e-17
4.8349239470885304e-17
4.8487360336299645e-17
4.857944091324252e-17
4.871756177865689e-17
4.88556826440712e-17
4.899380350948557e-17
4.9085884086428445e-17
4.917796466337132e-17
4.9270045240314224e-17
4.9362125817257126e-17
4.950024668267144e-17
4.9684407836557246e-17
4.991460927891449e-17
5.0006689855857366e-17
5.009877043280024e-17
5.019085100974317e-17
5.0328971875157485e-17
5.042105245210039e-17
5.055917331751473e-17
5.0651253894457605e-17
5.0743334471400507e-17
5.101957620222919e-17
5.115769706764353e-17
5.1249777644586406e-17
