4.001442572155877e-19
4.98508321130696e-19
6.460544170033832e-19
7.936005128760703e-19
9.903286407063117e-19
1.187056768536553e-18
1.3837848963667943e-18
1.5313309922394814e-18
1.6788770881121686e-18
1.8264231839848557e-18
1.9739692798575306e-18
2.0723333437726512e-18
2.2198794396453384e-18
2.3674255355180255e-18
2.5149716313907004e-18
2.7116997592209417e-18
2.8592458550936165e-18
3.05597398292387e-18
3.2527021107541115e-18
3.351066174669232e-18
3.4494302385843528e-18
3.6461583664146064e-18
3.744522430329715e-18
3.941250558159956e-18
4.13797868599021e-18
4.2363427499053304e-18
4.531434941650692e-18
4.6789810375233795e-18
4.875709165353621e-18
5.072437293183862e-18
5.219983389056549e-18
5.31834745297167e-18
5.5642576127594655e-18
5.810167772547273e-18
5.908531836462394e-18
6.006895900377527e-18
6.203624028207768e-18
6.3019880921228766e-18
6.4003521560380096e-18
6.547898251910697e-18
6.6954443477833716e-18
6.793808411698492e-18
7.0397185714863e-18
7.236446699316541e-18
7.433174827146783e-18
7.629902954977036e-18
7.924995146722386e-18
8.170905306510206e-18
8.269269370425314e-18
8.367633434340447e-18
8.465997498255556e-18
8.564361562170689e-18
8.66272562608581e-18
9.056181881746292e-18
9.154545945661413e-18
9.252910009576533e-18
9.449638137406787e-18
9.793912361109703e-18
9.892276425024824e-18
9.990640488939957e-18
1.0138186584812632e-17
1.0334914712642873e-17
1.0531642840473127e-17
1.0630006904388235e-17
1.0728370968303368e-17
1.0875917064176043e-17
1.0974281128091163e-17
1.1072645192006296e-17
1.1171009255921405e-17
1.1367737383751646e-17
1.1515283479624333e-17
1.1613647543539466e-17
1.1712011607454575e-17
1.1810375671369707e-17
1.1957921767242382e-17
1.2056285831157503e-17
1.220383192703019e-17
1.2302195990945311e-17
1.2449742086817986e-17
1.2646470214648227e-17
1.2794016310520914e-17
1.2892380374436047e-17
1.2990744438351155e-17
1.3335018662054084e-17
1.3482564757926771e-17
1.3630110853799458e-17
1.3728474917714567e-17
1.38268389816297e-17
1.392520304554482e-17
1.4072749141417495e-17
1.4220295237290182e-17
1.4318659301205303e-17
1.4515387429035556e-17
1.4613751492950665e-17
1.4761297588823352e-17
1.490884368469604e-17
1.5056389780568714e-17
1.52039358764414e-17
1.544984603622921e-17
1.5695756196017004e-17
1.5941666355804812e-17
1.6138394483635054e-17
1.6236758547550174e-17
1.6433486675380415e-17
1.653185073929555e-17
1.6630214803210657e-17
1.672857886712579e-17
1.6876124962998477e-17
1.7072853090828718e-17
1.726958121865896e-17
1.7417127314531647e-17
1.7663037474319442e-17
1.7859765602149684e-17
1.7958129666064804e-17
1.8204039825852612e-17
1.8400767953682853e-17
1.8597496081513095e-17
1.889258827325847e-17
1.9040134369131144e-17
1.918768046500383e-17
1.9335226560876506e-17
1.943359062479164e-17
1.9679500784579434e-17
1.9876228912409676e-17
2.0122139072197483e-17
2.0220503136112604e-17
2.0417231263942845e-17
2.0515595327857978e-17
2.0613959391773087e-17
2.071232345568822e-17
2.0810687519603328e-17
2.1007415647433582e-17
2.1154961743306256e-17
2.125332580722139e-17
2.1499235967009185e-17
2.1597600030924318e-17
2.1745146126796993e-17
2.1892692222669668e-17
2.208942035049992e-17
2.2286148478330163e-17
2.253205863811797e-17
2.2679604733990658e-17
2.2925514893778453e-17
2.3023878957693574e-17
2.3220607085523827e-17
2.341733521335407e-17
2.3515699277269177e-17
2.3663245373141864e-17
2.3761609437056985e-17
2.3859973500972105e-17
2.3958337564887238e-17
2.4105883660759913e-17
2.4204247724675034e-17
2.4400975852505275e-17
2.4597703980335517e-17
2.469606804425065e-17
2.489279617208089e-17
2.5089524299911132e-17
2.5286252427741373e-17
2.5482980555571615e-17
2.5630526651444302e-17
2.5827254779274543e-17
2.6171529002977472e-17
2.6269893066892592e-17
2.6417439162765267e-17
2.6564985258637954e-17
2.6663349322553087e-17
2.6761713386468196e-17
2.6909259482340883e-17
2.7155169642128678e-17
2.7351897769958932e-17
2.759780792974674e-17
2.7745354025619415e-17
2.794208215344967e-17
2.813881028127991e-17
2.8286356377152584e-17
2.8384720441067705e-17
2.848308450498284e-17
2.8581448568897946e-17
2.867981263281308e-17
2.877817669672819e-17
2.907326888847356e-17
2.917163295238868e-17
2.9269997016303803e-17
2.951590717609161e-17
2.971263530392185e-17
2.9810999367836973e-17
3.0007727495667214e-17
3.0106091559582335e-17
3.025363765545502e-17
3.0548729847200384e-17
3.0647093911115505e-17
3.0745457975030626e-17
3.0942186102860867e-17
3.1089732198733554e-17
3.123727829460624e-17
3.138482439047893e-17
3.1532370486351603e-17
3.1630734550266724e-17
3.177828064613941e-17
3.19258267420121e-17
3.2024190805927206e-17
3.212255486984234e-17
3.231928299767258e-17
3.261437518941794e-17
3.286028534920575e-17
3.315537754095111e-17
3.3253741604866233e-17
3.349965176465403e-17
3.374556192444185e-17
3.423738224401745e-17
3.433574630793257e-17
3.448329240380526e-17
3.458165646772037e-17
3.477838459555062e-17
3.4975112723380863e-17
3.512265881925354e-17
3.5270204915126225e-17
3.541775101099891e-17
3.566366117078671e-17
3.5811207266659395e-17
3.595875336253208e-17
3.60571174264472e-17
3.620466352231988e-17
3.640139165015012e-17
3.664730180993794e-17
3.6893211969725735e-17
3.699157603364087e-17
3.7237486193428663e-17
3.7335850257343796e-17
3.753257838517401e-17
3.7680124481046725e-17
3.782767057691939e-17
3.7926034640834495e-17
3.807358073670721e-17
3.8171944800622316e-17
3.8319490896495e-17
3.8417854960410136e-17
3.8516219024325244e-17
3.881131121607062e-17
3.9008039343900835e-17
3.9155585439773547e-17
3.9253949503688655e-17
3.940149559956134e-17
3.9499859663476475e-17
3.969658779130669e-17
3.9794951855221825e-17
4.0139226078924753e-17
4.028677217479744e-17
4.04343182706701e-17
4.063104639850037e-17
4.0827774526330586e-17
4.102450265416085e-17
4.127041281394867e-17
4.136877687786378e-17
4.1565505005693997e-17
4.171305110156671e-17
4.1909779229396925e-17
4.205732532526964e-17
4.22048714211423e-17
4.230323548505743e-17
4.2401599548972566e-17
4.254914564484523e-17
4.2696691740717915e-17
4.28442378365906e-17
4.294260190050571e-17
4.3040965964420844e-17
4.3237694092251085e-17
4.3483604252038905e-17
4.368033237986912e-17
4.3778696443784255e-17
4.387706050769939e-17
4.402460660357205e-17
4.427051676335987e-17
4.441806285923253e-17
4.46147909870628e-17
4.471315505097791e-17
4.4860701146850594e-17
4.495906521076573e-17
4.5057429274680836e-17
4.520497537055352e-17
4.545088553034132e-17
4.5549249594256427e-17
4.5795159754044247e-17
4.5893523817959355e-17
4.6041069913832067e-17
4.618861600970473e-17
4.6385344137534995e-17
4.658207226536521e-17
4.6680436329280345e-17
4.682798242515303e-17
4.692634648906814e-17
4.707389258494085e-17
4.727062071277107e-17
4.736898477668618e-17
4.751653087255889e-17
4.7614894936474e-17
4.7713259000389106e-17
4.7811623064304263e-17
4.8057533224092034e-17
4.815589728800719e-17
4.8303443383879854e-17
4.8500171511710096e-17
4.869689963954034e-17
4.8795263703455445e-17
4.88936277673706e-17
4.9041173863243266e-17
4.9139537927158374e-17
4.9287084023031086e-17
4.9385448086946194e-17
4.9582176214776435e-17
4.9778904342606677e-17
4.997563247043694e-17
5.017236059826716e-17
5.027072466218227e-17
5.041827075805498e-17
5.0664180917842775e-17
5.081172701371546e-17
5.091009107763057e-17
5.1106819205460836e-17
5.130354733329105e-17
