4.410273995212957e-19
5.378315837992576e-19
7.314399523551567e-19
8.766462287720995e-19
9.734504130500367e-19
1.0702545973279986e-18
1.1670587816059605e-18
1.3122650580228786e-18
1.4090692423008405e-18
1.5542755187177833e-18
1.6510797029957205e-18
1.7478838872736824e-18
1.8930901636906252e-18
2.0382964401075434e-18
2.1835027165244862e-18
2.3771110850803853e-18
2.473915269358347e-18
2.5707194536362967e-18
2.6675236379142463e-18
2.764327822192208e-18
2.9095340986091386e-18
3.054740375026069e-18
3.151544559304031e-18
3.2483487435819806e-18
3.441957112137892e-18
3.58716338855481e-18
3.732369664971753e-18
3.829173849249715e-18
3.925978033527652e-18
4.119586402083576e-18
4.264792678500494e-18
4.361596862778456e-18
4.458401047056418e-18
4.700411507751298e-18
4.845617784168228e-18
4.942421968446178e-18
5.087628244863121e-18
5.329638705558001e-18
5.4748449819749435e-18
5.620051258391862e-18
5.7168554426698235e-18
5.813659626947773e-18
5.9588659033647036e-18
6.0556700876426654e-18
6.2976805483375455e-18
6.394484732615507e-18
6.491288916893457e-18
6.636495193310387e-18
6.733299377588349e-18
6.926907746144248e-18
7.02371193042221e-18
7.168918206839128e-18
7.362526575395052e-18
7.50773285181197e-18
7.604537036089932e-18
7.701341220367894e-18
7.894949588923793e-18
8.088557957479717e-18
8.233764233896635e-18
8.330568418174597e-18
8.475774694591515e-18
8.766187247425388e-18
8.911393523842319e-18
9.008197708120281e-18
9.153403984537199e-18
9.298610260954142e-18
9.395414445232091e-18
9.734229090204933e-18
9.927837458760845e-18
1.0121445827316744e-17
1.0218250011594706e-17
1.0315054195872667e-17
1.0411858380150617e-17
1.0557064656567548e-17
1.065386884084551e-17
1.089587930154039e-17
1.0992683485818351e-17
1.1089487670096289e-17
1.118629185437425e-17
1.1379900222930162e-17
1.1621910683625054e-17
1.1767116960041972e-17
1.2105931605014814e-17
1.2202735789292776e-17
1.2347942065709707e-17
1.2493148342126637e-17
1.263835461854358e-17
1.2831962987099479e-17
1.302557135565539e-17
1.3219179724211302e-17
1.3412788092767201e-17
1.3606396461323125e-17
1.3703200645601062e-17
1.3848406922018005e-17
1.4090417382712885e-17
1.428402575126881e-17
1.4477634119824708e-17
1.457443830410267e-17
1.481644876479755e-17
1.491325294907551e-17
1.505845922549243e-17
1.5203665501909372e-17
1.534887177832629e-17
1.5542480146882214e-17
1.5639284331160164e-17
1.5929696883994025e-17
1.6026501068271974e-17
1.6220109436827898e-17
1.6365315713244816e-17
1.651052198966176e-17
1.660732617393971e-17
1.6704130358217658e-17
1.680093454249562e-17
1.689773872677357e-17
1.699454291105152e-17
1.7188151279607443e-17
1.728495546388538e-17
1.7381759648163342e-17
1.7575368016719254e-17
1.7672172200997203e-17
1.7768976385275165e-17
1.7962584753831064e-17
1.8059388938109026e-17
1.8204595214525956e-17
1.8398203583081868e-17
1.8543409859498798e-17
1.868861613591573e-17
1.8833822412332672e-17
1.897902868874959e-17
1.9221039149444482e-17
1.9366245425861413e-17
1.9608255886556293e-17
1.9705060070834255e-17
1.9850266347251185e-17
1.9947070531529135e-17
2.0043874715807096e-17
2.0237483084362996e-17
2.0382689360779938e-17
2.052789563719687e-17
2.0624699821474818e-17
2.076990609789176e-17
2.091511237430868e-17
2.101191655858664e-17
2.1108720742864603e-17
2.1302329111420502e-17
2.1544339572115382e-17
2.1641143756393344e-17
2.1786350032810275e-17
2.1883154217088224e-17
2.2076762585644148e-17
2.2221968862061066e-17
2.2318773046339028e-17
2.241557723061699e-17
2.2512381414894927e-17
2.265758769131187e-17
2.28027939677288e-17
2.289959815200675e-17
2.2996402336284712e-17
2.309320652056266e-17
2.3286814889118573e-17
2.3383619073396535e-17
2.3480423257674472e-17
2.3577227441952434e-17
2.3674031626230396e-17
2.3867639994786295e-17
2.406124836334222e-17
2.4254856731898118e-17
2.4496867192592998e-17
2.459367137687096e-17
2.469047556114892e-17
2.488408392970482e-17
2.4980888113982782e-17
2.5077692298260732e-17
2.5222898574677662e-17
2.5368104851094605e-17
2.5464909035372542e-17
2.5658517403928466e-17
2.5803723680345384e-17
2.5997332048901308e-17
2.6142538325318226e-17
2.628774460173517e-17
2.6481352970291068e-17
2.672336343098596e-17
2.686856970740289e-17
2.6965373891680853e-17
2.706217807595879e-17
2.7255786444514714e-17
2.7352590628792663e-17
2.7497796905209594e-17
2.7594601089487556e-17
2.7691405273765505e-17
2.7788209458043455e-17
2.7885013642321417e-17
2.798181782659938e-17
2.8078622010877316e-17
2.817542619515528e-17
2.8369034563711177e-17
2.85626429322671e-17
2.865944711654505e-17
2.8756251300823e-17
2.885305548510096e-17
2.8949859669378923e-17
2.914346803793482e-17
2.933707640649072e-17
2.9530684775046645e-17
2.9724293143602545e-17
2.9821097327880506e-17
3.0063107788575386e-17
3.020831406499232e-17
3.030511824927028e-17
3.049872661782618e-17
3.06923349863821e-17
3.0885943354938e-17
3.098274753921596e-17
3.1079551723493925e-17
3.122475799991084e-17
3.1369964276327785e-17
3.1515170552744704e-17
3.1660376829161646e-17
3.1853985197717546e-17
3.199919147413449e-17
3.2144397750551407e-17
3.224120193482937e-17
3.233800611910733e-17
3.253161448766323e-17
3.277362494835811e-17
3.287042913263607e-17
3.3015635409053014e-17
3.316084168546993e-17
3.3257645869747894e-17
3.3354450054025856e-17
3.3451254238303793e-17
3.3548058422581755e-17
3.364486260685972e-17
3.3838470975415616e-17
3.398367725183256e-17
3.412888352824948e-17
3.422568771252744e-17
3.43224918968054e-17
3.441929608108334e-17
3.45161002653613e-17
3.4709708633917224e-17
3.4951719094612104e-17
3.5193729555306984e-17
3.5290533739584946e-17
3.5435740016001864e-17
3.5532544200279826e-17
3.562934838455779e-17
3.5726152568835725e-17
3.5822956753113687e-17
3.591976093739165e-17
3.6016565121669586e-17
3.611336930594755e-17
3.621017349022551e-17
3.635537976664243e-17
3.645218395092039e-17
3.654898813519835e-17
3.674259650375425e-17
3.6887802780171193e-17
3.6984606964449155e-17
3.7129813240866073e-17
3.7226617425144035e-17
3.7371823701560953e-17
3.7468627885838915e-17
3.7662236254394814e-17
3.785584462295074e-17
3.7952648807228675e-17
3.81462571757846e-17
3.824306136006256e-17
3.83398655443405e-17
3.848507182075744e-17
3.872708228145232e-17
3.882388646573028e-17
3.89690927421472e-17
3.906589692642516e-17
3.9211103202842106e-17
3.930790738712004e-17
3.9404711571398005e-17
3.9501515755675967e-17
3.959831993995393e-17
3.979192830850983e-17
3.9985536677065727e-17
4.017914504562165e-17
4.032435132203857e-17
4.051795969059449e-17
4.061476387487243e-17
4.071156805915039e-17
4.0808372243428354e-17
4.1050382704123234e-17
4.1147186888401195e-17
4.1340795256957095e-17
4.153440362551302e-17
4.1679609901929936e-17
4.182481617834688e-17
4.201842454690278e-17
4.211522873118074e-17
4.230883709973664e-17
4.269605383684846e-17
4.284126011326538e-17
4.3131672666099266e-17
4.3373683126794146e-17
4.3518889403211064e-17
4.3615693587489026e-17
4.371249777176699e-17
4.380930195604495e-17
4.390610614032289e-17
4.405131241673983e-17
4.429332287743471e-17
4.4486931245990634e-17
4.458373543026857e-17
4.468053961454653e-17
4.477734379882447e-17
4.487414798310243e-17
4.5019354259519375e-17
4.516456053593629e-17
4.5309766812353236e-17
4.5503375180909135e-17
4.5600179365187097e-17
4.589059191802096e-17
4.608420028657688e-17
4.627780865513278e-17
4.6423014931549723e-17
4.656822120796664e-17
4.6713427484383584e-17
4.68586337608005e-17
4.7003840037217445e-17
4.710064422149541e-17
4.7294252590051306e-17
4.7391056774329243e-17
4.7536263050746186e-17
4.7729871419302085e-17
4.782667560358005e-17
4.797188187999699e-17
4.826229443283085e-17
4.835909861710881e-17
4.845590280138675e-17
4.860110907780369e-17
4.879471744635959e-17
4.8939923722776535e-17
4.9036727907054497e-17
4.9181934183471415e-17
4.932714045988836e-17
4.9423944644166295e-17
4.956915092058324e-17
4.96659551048612e-17
4.981116138127812e-17
4.990796556555608e-17
5.010157393411198e-17
5.024678021052892e-17
5.039198648694584e-17
5.0585594855501763e-17
5.06823990397797e-17
5.0876007408335624e-17
5.102121368475254e-17
5.1166419961169485e-17
5.126322414544745e-17
