3.556822526693976e-19
5.613927485559817e-19
6.642479964992737e-19
7.671032444425657e-19
9.728137403291744e-19
1.0756689882724665e-18
1.2299518601874045e-18
1.3328071081306965e-18
1.5385176040172806e-18
1.7442280999038893e-18
1.8470833478471814e-18
2.0013662197621194e-18
2.1042214677054114e-18
2.361359587563666e-18
2.5156424594786042e-18
2.6184977074218962e-18
2.7213529553651883e-18
2.8242082033084803e-18
2.927063451251797e-18
3.029918699195089e-18
3.132773947138381e-18
3.287056819053319e-18
3.4927673149399155e-18
3.647050186854866e-18
3.749905434798158e-18
3.85276068274145e-18
3.955615930684742e-18
4.10989880259968e-18
4.315609298486289e-18
4.418464546429581e-18
4.521319794372873e-18
4.9327407861460655e-18
5.0870236580610036e-18
5.2413065299759416e-18
5.39558940189088e-18
5.601299897777488e-18
5.7041551457207804e-18
5.8070103936640724e-18
5.9612932655790105e-18
6.064148513522315e-18
6.167003761465619e-18
6.475569505295495e-18
6.578424753238787e-18
6.732707625153738e-18
6.835562873097042e-18
6.98984574501198e-18
7.144128616926918e-18
7.452694360756819e-18
7.658404856643403e-18
7.864115352529987e-18
8.018398224444937e-18
8.121253472388242e-18
8.224108720331534e-18
8.326963968274826e-18
8.53267446416141e-18
8.738384960048019e-18
8.892667831962957e-18
8.995523079906249e-18
9.252661199764479e-18
9.458371695651087e-18
9.612654567566025e-18
9.715509815509318e-18
9.869792687424256e-18
9.972647935367572e-18
1.0281213679197448e-17
1.0435496551112386e-17
1.0538351799055678e-17
1.0641207046998995e-17
1.0949772790828871e-17
1.1052628038772163e-17
1.1155483286715455e-17
1.1361193782602064e-17
1.1515476654517002e-17
1.1772614774375232e-17
1.1875470022318536e-17
1.2081180518205133e-17
1.2184035766148425e-17
1.2286891014091717e-17
1.2389746262035009e-17
1.2544029133949972e-17
1.269831200586491e-17
1.2801167253808202e-17
1.3109732997638078e-17
1.326401586955304e-17
1.352115398941127e-17
1.3675436861326209e-17
1.3778292109269513e-17
1.40868578530994e-17
1.434399597295763e-17
1.4601134092815886e-17
1.4755416964730824e-17
1.4858272212674116e-17
1.5012555084589054e-17
1.526969320444731e-17
1.5423976076362247e-17
1.5578258948277185e-17
1.5886824692107086e-17
1.6143962811965316e-17
1.6246818059908608e-17
1.640110093182357e-17
1.6606811427710155e-17
1.6709666675653447e-17
1.681252192359674e-17
1.7018232419483335e-17
1.712108766742664e-17
1.7223942915369932e-17
1.737822578728487e-17
1.7532508659199808e-17
1.768679153111477e-17
1.7841074403029708e-17
1.8046784898916292e-17
1.8303923018774535e-17
1.850963351466113e-17
1.8715344010547715e-17
1.8869626882462653e-17
1.9178192626292554e-17
1.9332475498207492e-17
1.948675837012243e-17
1.9589613618065735e-17
1.969246886600904e-17
1.979532411395233e-17
1.994960698586727e-17
2.005246223381056e-17
2.020674510572551e-17
2.0412455601612108e-17
2.05153108495554e-17
2.0669593721470338e-17
2.0823876593385276e-17
2.097815946530024e-17
2.108101471324353e-17
2.133815283310176e-17
2.1441008081045053e-17
2.1749573824874953e-17
2.190385669678989e-17
2.2006711944733184e-17
2.2212422440619792e-17
2.236670531253473e-17
2.2572415808421314e-17
2.282955392827957e-17
2.303526442416614e-17
2.3138119672109457e-17
2.3292402544024396e-17
2.3549540663882626e-17
2.3703823535797564e-17
2.380667878374088e-17
2.3909534031684172e-17
2.4166672151542402e-17
2.432095502345734e-17
2.4423810271400657e-17
2.4578093143315595e-17
2.4680948391258887e-17
2.478380363920218e-17
2.488665888714547e-17
2.504094175906041e-17
2.5195224630975372e-17
2.5298079878918664e-17
2.5400935126861956e-17
2.5503790374805248e-17
2.565807324672021e-17
2.5760928494663503e-17
2.5966638990550087e-17
2.606949423849338e-17
2.6326632358351634e-17
2.6480915230266572e-17
2.6789480974096448e-17
2.689233622203974e-17
2.709804671792635e-17
2.7303757213812933e-17
2.745804008572787e-17
2.766375058161448e-17
2.776660582955777e-17
2.7972316325444355e-17
2.8126599197359294e-17
2.838373731721755e-17
2.848659256516084e-17
2.858944781310413e-17
2.8692303061047424e-17
2.884658593296236e-17
2.894944118090568e-17
2.920657930076391e-17
2.936086217267885e-17
2.9566572668565456e-17
2.9720855540480394e-17
2.9823710788423686e-17
2.992656603636698e-17
3.0080848908281916e-17
3.018370415622521e-17
3.033798702814017e-17
3.044084227608346e-17
3.05951251479984e-17
3.069798039594169e-17
3.080083564388501e-17
3.095511851579995e-17
3.105797376374324e-17
3.121225663565818e-17
3.131511188360147e-17
3.146939475551643e-17
3.1572250003459724e-17
3.1675105251403016e-17
3.177796049934631e-17
3.18808157472896e-17
3.198367099523289e-17
3.2137953867147855e-17
3.224080911509115e-17
3.244651961097773e-17
3.2549374858921023e-17
3.2652230106864315e-17
3.275508535480761e-17
3.3115078722609154e-17
3.337221684246741e-17
3.352649971438235e-17
3.3680782586297285e-17
3.383506545821222e-17
3.398934833012716e-17
3.4143631202042124e-17
3.4246486449985416e-17
3.434934169792871e-17
3.4452196945872e-17
3.460647981778694e-17
3.4709335065730255e-17
3.486361793764519e-17
3.5069328433531777e-17
3.5223611305446715e-17
3.537789417736168e-17
3.548074942530497e-17
3.563503229721991e-17
3.57378875451632e-17
3.594359804104981e-17
3.60464532889931e-17
3.614930853693639e-17
3.630359140885133e-17
3.6509301904737914e-17
3.676644002459617e-17
3.6972150520482753e-17
3.7075005768426045e-17
3.7280716264312654e-17
3.758928200814253e-17
3.769213725608582e-17
3.7897847751972406e-17
3.805213062388737e-17
3.820641349580231e-17
3.83092687437456e-17
3.846355161566054e-17
3.8669262111547146e-17
3.8823544983462084e-17
3.8926400231405376e-17
3.9080683103320314e-17
3.928639359920692e-17
3.9389248847150215e-17
3.9492104095093507e-17
3.9749242214951737e-17
4.000638033480999e-17
4.016066320672493e-17
4.0366373702611514e-17
4.0520656574526476e-17
4.0674939446441414e-17
4.082922231835635e-17
4.098350519027129e-17
4.108636043821461e-17
4.11892156861579e-17
4.129207093410119e-17
4.1394926182044483e-17
4.154920905395942e-17
4.170349192587436e-17
4.185777479778932e-17
4.1960630045732614e-17
4.211491291764755e-17
4.2217768165590844e-17
4.237205103750578e-17
4.24749062854491e-17
4.2629189157364037e-17
4.273204440530733e-17
4.2886327277222267e-17
4.2989182525165584e-17
4.3092037773108876e-17
4.319489302105217e-17
4.329774826899546e-17
4.340060351693875e-17
4.3657741636797006e-17
4.386345213268359e-17
4.4172017876513467e-17
4.432630074842843e-17
4.458343886828666e-17
4.468629411622995e-17
4.4892004612116535e-17
4.499485986005985e-17
4.5097715108003144e-17
4.5200570355946436e-17
4.530342560388973e-17
4.5457708475804666e-17
4.556056372374798e-17
4.5663418971691275e-17
4.60234123394928e-17
4.6177695211407735e-17
4.628055045935105e-17
4.653768857920928e-17
4.6743399075095866e-17
4.7051964818925767e-17
4.736053056275564e-17
4.7463385810698935e-17
4.756624105864225e-17
4.787480680247213e-17
4.8029089674387066e-17
4.8234800170273674e-17
4.838908304218861e-17
4.854336591410355e-17
4.869764878601849e-17
4.8800504033961805e-17
4.900621452984839e-17
4.910906977779168e-17
4.936620789764991e-17
4.9520490769564874e-17
4.967477364147981e-17
4.993191176133804e-17
5.013762225722465e-17
5.029190512913959e-17
5.039476037708288e-17
5.065189849694111e-17
5.085760899282772e-17
5.096046424077101e-17
5.1063319488714304e-17
5.121760236062924e-17
