4.401636286919981e-19
5.457696535911729e-19
8.097847158391098e-19
1.0737997780870468e-18
1.1794058029862216e-18
1.2850118278853963e-18
1.5490268901333333e-18
1.8130419523812702e-18
2.0242540021796198e-18
2.2354660519779694e-18
2.341072076877144e-18
2.4994811142259063e-18
2.6578901515746685e-18
2.7634961764738433e-18
2.869102201373018e-18
3.1859202760705424e-18
3.291526300969717e-18
3.397132325868892e-18
3.5027383507680544e-18
3.713950400566404e-18
3.872359437915154e-18
4.030768475263928e-18
4.347586549961453e-18
4.611601612209402e-18
4.8228136620077515e-18
4.9284196869069016e-18
5.086828724255676e-18
5.192434749154851e-18
5.298040774054026e-18
5.509252823852375e-18
5.878873910999499e-18
6.037282948348249e-18
6.195691985696999e-18
6.3012980105961984e-18
6.512510060394548e-18
6.7237221101928975e-18
6.934934159991247e-18
7.040540184890397e-18
7.198949222239172e-18
7.357358259587946e-18
7.674176334285446e-18
7.938191396533395e-18
8.149403446331745e-18
8.307812483680495e-18
8.519024533478844e-18
8.677433570827619e-18
8.783039595726793e-18
9.047054657974718e-18
9.205463695323468e-18
9.311069720222667e-18
9.416675745121817e-18
9.627887794920167e-18
9.733493819819366e-18
9.839099844718517e-18
9.944705869617716e-18
1.020872093186564e-17
1.0367129969214415e-17
1.0525539006563165e-17
1.0683948043911915e-17
1.0895160093710264e-17
1.1000766118609464e-17
1.1106372143508614e-17
1.1423190218206163e-17
1.1528796243105313e-17
1.1740008292903663e-17
1.1951220342702012e-17
1.2056826367601212e-17
1.2373644442298711e-17
1.247925046719791e-17
1.263765950454666e-17
1.284887155434501e-17
1.2954477579244185e-17
1.311288661659296e-17
1.321849264149211e-17
1.3324098666391309e-17
1.3429704691290459e-17
1.3535310716189659e-17
1.3640916741088809e-17
1.3799325778437583e-17
1.4116143853135108e-17
1.4221749878034282e-17
1.4380158915383032e-17
1.4485764940282207e-17
1.4591370965181382e-17
1.4749780002530132e-17
1.4908189039878906e-17
1.5119401089677256e-17
1.543621916437478e-17
1.5541825189273955e-17
1.564743121417313e-17
1.585864326397148e-17
1.6122658326219428e-17
1.6386673388467353e-17
1.6545082425816127e-17
1.6650688450715278e-17
1.6809097488064052e-17
1.7020309537862402e-17
1.7125915562761576e-17
1.7284324600110326e-17
1.7548339662358276e-17
1.7706748699707025e-17
1.7812354724606225e-17
1.7970763761954975e-17
1.8129172799303725e-17
1.8234778824202924e-17
1.8340384849102074e-17
1.849879388645085e-17
1.8657202923799623e-17
1.8815611961148373e-17
1.9079627023396322e-17
1.9185233048295472e-17
1.9290839073194672e-17
1.9396445098093822e-17
1.950205112299302e-17
1.9713263172791346e-17
1.981886919769052e-17
2.003008124748887e-17
2.0294096309736795e-17
2.045250534708557e-17
2.066371739688392e-17
2.087492944668227e-17
2.0980535471581444e-17
2.1086141496480618e-17
2.1191747521379793e-17
2.1402959571178143e-17
2.1561368608526893e-17
2.1719777645875667e-17
2.1930989695674017e-17
2.203659572057319e-17
2.2142201745472366e-17
2.230061078282114e-17
2.251182283261949e-17
2.261742885751864e-17
2.2775837894867415e-17
2.2987049944665764e-17
2.314545898201454e-17
2.325106500691369e-17
2.3515080069161638e-17
2.3673489106510388e-17
2.3831898143859163e-17
2.4148716218556687e-17
2.4254322243455862e-17
2.4412731280804636e-17
2.4571140318153386e-17
2.4729549355502136e-17
2.4835155380401335e-17
2.4993564417750085e-17
2.509917044264926e-17
2.531038249244761e-17
2.541598851734676e-17
2.552159454224596e-17
2.5944018641842658e-17
2.6102427679191408e-17
2.6366442741439357e-17
2.6472048766338508e-17
2.6630457803687282e-17
2.6736063828586457e-17
2.7000078890834406e-17
2.7105684915733556e-17
2.726409395308233e-17
2.7422502990431105e-17
2.7633715040229455e-17
2.7739321065128605e-17
2.789773010247738e-17
2.8003336127376554e-17
2.810894215227573e-17
2.8214548177174904e-17
2.832015420207408e-17
2.847856323942285e-17
2.86369722767716e-17
2.879538131412035e-17
2.895379035146913e-17
2.91121993888179e-17
2.921780541371705e-17
2.9376214451065826e-17
2.9481820475965e-17
2.9587426500864176e-17
2.99042445755617e-17
3.0009850600460875e-17
3.016825963780965e-17
3.02738656627088e-17
3.0537880724956724e-17
3.06962897623055e-17
3.090750181210385e-17
3.1013107837003023e-17
3.11187138619022e-17
3.138272892415012e-17
3.15411379614989e-17
3.169954699884767e-17
3.1963562061095596e-17
3.206916808599477e-17
3.2174774110893946e-17
3.228038013579312e-17
3.2385986160692295e-17
3.2808410260288994e-17
3.296681929763777e-17
3.307242532253692e-17
3.328363737233527e-17
3.349484942213362e-17
3.370606147193197e-17
3.391727352173032e-17
3.4022879546629517e-17
3.4181288583978267e-17
3.4445303646226216e-17
3.4550909671125366e-17
3.4656515696024565e-17
3.492053075827249e-17
3.5078939795621264e-17
3.5290151845419614e-17
3.5448560882768364e-17
3.5606969920117114e-17
3.5712575945016313e-17
3.5818181969915463e-17
3.592378799481464e-17
3.602939401971381e-17
3.613500004461299e-17
3.639901510686094e-17
3.6557424144209687e-17
3.6768636194008036e-17
3.687424221890721e-17
3.708545426870556e-17
3.7243863306054335e-17
3.7402272343403085e-17
3.7560681380751835e-17
3.7666287405651034e-17
3.7824696442999784e-17
3.8035908492798134e-17
3.8247120542596483e-17
3.835272656749566e-17
3.845833259239483e-17
3.856393861729401e-17
3.872234765464278e-17
3.882795367954193e-17
3.893355970444113e-17
3.903916572934028e-17
3.9197574766689056e-17
3.935598380403783e-17
3.946158982893698e-17
3.956719585383618e-17
3.972560489118493e-17
3.993681694098328e-17
4.0042422965882455e-17
4.0253635015680804e-17
4.041204405302958e-17
4.051765007792873e-17
4.062325610282793e-17
4.078166514017668e-17
4.088727116507585e-17
4.10984832148742e-17
4.130969526467255e-17
4.1573710326920477e-17
4.173211936426925e-17
4.1890528401618e-17
4.210174045141635e-17
4.2207346476315525e-17
4.23657555136643e-17
4.247136153856345e-17
4.2629770575912224e-17
4.27353766008114e-17
4.294658865060975e-17
4.31578007004081e-17
4.331620973775685e-17
4.35274217875552e-17
4.36330278124544e-17
4.379143684980315e-17
4.3949845887151897e-17
4.4055451912051096e-17
4.4266663961849446e-17
4.4425072999198196e-17
4.453067902409737e-17
4.4794694086345295e-17
4.4900300111244494e-17
4.516431517349242e-17
4.5322724210841194e-17
4.5428330235740344e-17
4.5533936260639543e-17
4.574514831043789e-17
4.585075433533704e-17
4.606196638513539e-17
4.627317843493374e-17
4.6431587472282516e-17
4.669560253453044e-17
4.6959617596778366e-17
4.7065223621677565e-17
4.7223632659026315e-17
4.7382041696375065e-17
4.754045073372384e-17
4.7698859771072614e-17
4.7804465795971764e-17
4.796287483332054e-17
4.817408688311889e-17
4.838529893291724e-17
4.849090495781641e-17
4.859651098271559e-17
4.886052604496351e-17
4.9018935082312286e-17
4.917734411966106e-17
4.933575315700981e-17
4.959976821925776e-17
4.975817725660651e-17
4.9863783281505684e-17
5.002219231885446e-17
5.012779834375361e-17
5.023340436865281e-17
5.0497419430900733e-17
5.065582846824951e-17
5.076143449314866e-17
5.091984353049743e-17
5.1078252567846207e-17
5.1289464617644556e-17
