5.071483016799721e-19
6.539910533235208e-19
7.518862210858743e-19
8.497813888482401e-19
1.0455717243729594e-18
1.3392572276600446e-18
1.437152395422398e-18
1.5839951470659468e-18
1.8776806503530196e-18
2.024523401996556e-18
2.2203137375212877e-18
2.416104073046007e-18
2.5139992408083605e-18
2.660841992451897e-18
2.8566323279766286e-18
3.101370247382531e-18
3.2482129990260672e-18
3.346108166788433e-18
3.4440033345507866e-18
3.590846086194323e-18
3.835584005600225e-18
3.982426757243774e-18
4.32505984441203e-18
4.422955012174383e-18
4.716640515461468e-18
4.912430850986188e-18
5.0103260187485535e-18
5.15716877039209e-18
5.304011522035626e-18
5.450854273679175e-18
5.5976970253227114e-18
5.74453977696626e-18
5.8913825286097966e-18
6.038225280253333e-18
6.282963199659235e-18
6.429805951302772e-18
6.57664870294632e-18
6.723491454589857e-18
6.870334206233393e-18
7.017176957876942e-18
7.164019709520478e-18
7.261914877282844e-18
7.457705212807551e-18
7.555600380569917e-18
7.653495548332283e-18
7.898233467738185e-18
7.996128635500539e-18
8.094023803262904e-18
8.191918971025258e-18
8.338761722668794e-18
8.534552058193526e-18
8.63244722595588e-18
8.779289977599428e-18
9.02402789700533e-18
9.170870648648867e-18
9.317713400292403e-18
9.415608568054769e-18
9.562451319698305e-18
9.807189239104208e-18
1.0002979574628927e-17
1.024771749403483e-17
1.0345612661797183e-17
1.0492455413440731e-17
1.0786140916727804e-17
1.0932983668371353e-17
1.1128774003896072e-17
1.1275616755539609e-17
1.1520354674945511e-17
1.171614501047023e-17
1.1814040178232596e-17
1.1960882929876133e-17
1.2058778097638498e-17
1.2156673265400852e-17
1.23035160170444e-17
1.2499306352569108e-17
1.2597201520331473e-17
1.2792991855856193e-17
1.2890887023618559e-17
1.3037729775262095e-17
1.3135624943024448e-17
1.3282467694667997e-17
1.338036286243035e-17
1.3478258030192717e-17
1.3625100781836253e-17
1.3869838701242155e-17
1.4016681452885692e-17
1.416352420452924e-17
1.4261419372291594e-17
1.435931454005396e-17
1.4457209707816325e-17
1.4604052459459862e-17
1.4701947627222228e-17
1.4848790378865764e-17
1.5044580714390483e-17
1.5142475882152837e-17
1.5289318633796386e-17
1.538721380155874e-17
1.5534056553202288e-17
1.5729846888727007e-17
1.5876689640370544e-17
1.602353239201408e-17
1.617037514365763e-17
1.641511306306352e-17
1.6561955814707067e-17
1.6757746150231787e-17
1.6904588901875323e-17
1.700248406963769e-17
1.7149326821281225e-17
1.724722198904359e-17
1.7394064740687128e-17
1.763880266009303e-17
1.7932488163380115e-17
1.807933091502365e-17
1.8177226082786005e-17
1.8421964002191907e-17
1.861775433771664e-17
1.8813544673241346e-17
1.8911439841003712e-17
1.9156177760409614e-17
1.9400915679815516e-17
1.9596706015340235e-17
1.9841443934746138e-17
1.993933910250849e-17
2.008618185415204e-17
2.0233024605795576e-17
2.0330919773557942e-17
2.0428814941320296e-17
2.072250044460738e-17
2.0820395612369734e-17
2.09182907801321e-17
2.1016185947894466e-17
2.111408111565682e-17
2.130987145118154e-17
2.1456714202825075e-17
2.1603556954468624e-17
2.1701452122230977e-17
2.2190927961042782e-17
2.2337770712686318e-17
2.253356104821105e-17
2.2631456215973403e-17
2.272935138373577e-17
2.2827246551498123e-17
2.3071984470904025e-17
2.321882722254756e-17
2.3316722390309927e-17
2.356146030971583e-17
2.3757250645240536e-17
2.3904093396884097e-17
2.400198856464644e-17
2.409988373240883e-17
2.424672648405234e-17
2.4393569235695902e-17
2.4491464403458243e-17
2.4638307155101804e-17
2.4785149906745316e-17
2.4883045074507706e-17
2.4980940242270048e-17
2.517673057779478e-17
2.5323573329438316e-17
2.542146849720068e-17
2.5519363664963023e-17
2.5617258832725413e-17
2.5764101584368925e-17
2.5959891919893657e-17
2.6057787087655998e-17
2.620462983929956e-17
2.63025250070619e-17
2.644936775870546e-17
2.6547262926467802e-17
2.6645158094230193e-17
2.6743053261992534e-17
2.6987791181398436e-17
2.7183581516923168e-17
2.733042426856668e-17
2.742831943632907e-17
2.7575162187972582e-17
2.7673057355734972e-17
2.7819900107378484e-17
2.811358561066558e-17
2.830937594619029e-17
2.850516628171502e-17
2.865200903335858e-17
2.8896746952764483e-17
2.9043589704407995e-17
2.914148487217036e-17
2.9239380039932727e-17
2.933727520769507e-17
2.943517037545746e-17
2.958201312710097e-17
2.972885587874453e-17
2.987569863038807e-17
3.0022541382031604e-17
3.012043654979397e-17
3.036517446919987e-17
3.051201722084341e-17
3.060991238860575e-17
3.080570272413048e-17
3.095254547577404e-17
3.1099388227417554e-17
3.1197283395179945e-17
3.1344126146823456e-17
3.1442021314585847e-17
3.153991648234819e-17
3.1637811650110554e-17
3.178465440175409e-17
3.1882549569516456e-17
3.202939232115999e-17
3.2176235072803554e-17
3.2274130240565895e-17
3.256781574385297e-17
3.271465849549653e-17
3.295939641490243e-17
3.305729158266477e-17
3.315518675042714e-17
3.3350977085951845e-17
3.3497819837595406e-17
3.374255775700131e-17
3.388940050864482e-17
3.398729567640721e-17
3.413413842805072e-17
3.423203359581311e-17
3.4329928763575454e-17
3.442782393133782e-17
3.4623614266862527e-17
3.477045701850609e-17
3.486835218626843e-17
3.496624735403082e-17
3.525993285731789e-17
3.540677560896143e-17
3.5504670776723794e-17
3.57004611122485e-17
3.584730386389204e-17
3.5945199031654404e-17
3.604309419941677e-17
3.6189936951060306e-17
3.638572728658501e-17
3.6483622454347403e-17
3.6630465205990915e-17
3.6777307957634476e-17
3.692415070927801e-17
3.707099346092155e-17
3.7217836212565085e-17
3.741362654808979e-17
3.7560469299733353e-17
3.770731205137689e-17
3.7854154803020426e-17
3.804994513854516e-17
3.824573547406989e-17
3.834363064183223e-17
3.8441525809594597e-17
3.8637316145119304e-17
3.8784158896762865e-17
3.8931001648406376e-17
3.9028896816168767e-17
3.932258231945584e-17
3.9469425071099376e-17
3.956732023886174e-17
3.966521540662408e-17
3.9812058158267644e-17
3.9909953326029985e-17
4.0007848493792376e-17
4.010574366155472e-17
4.020363882931708e-17
4.044837674872296e-17
4.064416708424769e-17
4.079100983589125e-17
4.0937852587534765e-17
4.1084695339178326e-17
4.118259050694067e-17
4.132943325858423e-17
4.1476276010227765e-17
4.157417117799013e-17
4.167206634575247e-17
4.1867856681277203e-17
4.201469943292074e-17
4.2210489768445447e-17
4.235733252008901e-17
4.2504175271732544e-17
4.265101802337608e-17
4.284680835890081e-17
4.2944703526663153e-17
4.3140493862187885e-17
4.3336284197712617e-17
4.343417936547496e-17
4.353207453323735e-17
4.367891728488086e-17
4.3776812452643226e-17
4.387470762040559e-17
4.402155037204913e-17
4.4217340707573835e-17
4.4315235875336226e-17
4.4413131043098567e-17
4.470681654638564e-17
4.490260688191037e-17
4.5147344801316273e-17
4.5245239969078615e-17
4.5392082720722176e-17
4.553892547236571e-17
4.573471580789042e-17
4.593050614341515e-17
4.6028401311177517e-17
4.6224191646702224e-17
4.6322086814464614e-17
4.6468929566108126e-17
4.6615772317751687e-17
4.671366748551403e-17
4.686051023715759e-17
4.710524815656349e-17
4.7252090908207e-17
4.7349986075969394e-17
4.75457764114941e-17
4.7643671579256466e-17
4.774156674701881e-17
4.793735708254354e-17
4.8035252250305905e-17
4.823104258583061e-17
4.837788533747417e-17
4.857367567299888e-17
4.8671570840761246e-17
4.876946600852359e-17
4.891630876016715e-17
4.9063151511810685e-17
4.920999426345422e-17
4.940578459897895e-17
4.9601574934503684e-17
4.979736527002839e-17
4.989526043779076e-17
5.0237893524959e-17
5.038473627660256e-17
5.0531579028246073e-17
5.0678421779889634e-17
5.082526453153317e-17
5.0923159699295537e-17
5.111895003482027e-17
5.121684520258261e-17
5.136368795422617e-17
