4.492206099046952e-19
6.003278100152386e-19
7.010659434222839e-19
8.018040768293293e-19
9.0254221023635e-19
1.0032803436433954e-18
1.1543875437539634e-18
1.4062328772715521e-18
1.5069710106785852e-18
1.7084472774926636e-18
1.9099235443067296e-18
2.010661677713775e-18
2.2625070112313638e-18
2.4639832780454545e-18
2.564721411452475e-18
2.7158286115630432e-18
2.8165667449700886e-18
2.967673945080632e-18
3.1691502118947104e-18
3.3706264787087888e-18
3.5217336788193445e-18
3.723209945633423e-18
3.924686212447489e-18
4.075793412558057e-18
4.17653154596509e-18
4.3780078127791684e-18
4.478745946186214e-18
4.5794840795932345e-18
4.7305912797038025e-18
4.881698479814358e-18
4.982436613221391e-18
5.083174746628437e-18
5.23428194673898e-18
5.385389146849548e-18
5.6876035470706595e-18
5.788341680477705e-18
5.989817947291771e-18
6.090556080698816e-18
6.191294214105849e-18
6.342401414216405e-18
6.4431395476234504e-18
6.745353947844562e-18
6.896461147955105e-18
7.097937414769196e-18
7.198675548176229e-18
7.299413681583262e-18
7.50088994839734e-18
7.601628081804373e-18
7.752735281914942e-18
8.00458061543253e-18
8.105318748839576e-18
8.256425948950119e-18
8.50827128246772e-18
8.609009415874753e-18
8.760116615985321e-18
8.860854749392354e-18
8.961592882799387e-18
9.112700082909955e-18
9.213438216316988e-18
9.414914483131067e-18
9.616390749945133e-18
9.918605150166244e-18
1.0069712350276812e-17
1.0271188617090878e-17
1.0472664883904969e-17
1.0674141150719035e-17
1.0875617417533113e-17
1.0976355550940147e-17
1.1077093684347192e-17
1.1177831817754225e-17
1.1278569951161258e-17
1.1379308084568303e-17
1.1530415284678859e-17
1.1631153418085892e-17
1.1882998751603481e-17
1.1983736885010526e-17
1.2134844085121094e-17
1.2386689418638683e-17
1.2588165685452749e-17
1.2739272885563317e-17
1.289038008567386e-17
1.3041487285784429e-17
1.3142225419191474e-17
1.3394070752709063e-17
1.3595547019523129e-17
1.3746654219633697e-17
1.384739235304073e-17
1.3948130486447763e-17
1.4048868619854808e-17
1.414960675326184e-17
1.4250344886668887e-17
1.4502190220186475e-17
1.4653297420297043e-17
1.4905142753814632e-17
1.5056249953925176e-17
1.515698808733222e-17
1.5257726220739266e-17
1.5358464354146312e-17
1.5509571554256855e-17
1.5660678754367423e-17
1.5761416887774444e-17
1.5912524087885012e-17
1.61643694214026e-17
1.6365845688216667e-17
1.6567321955030757e-17
1.6668060088437803e-17
1.6768798221844823e-17
1.686953635525187e-17
1.7020643555362437e-17
1.7272488888880026e-17
1.7473965155694092e-17
1.762507235580466e-17
1.7876917689322248e-17
1.7977655822729294e-17
1.8078393956136314e-17
1.8380608356357426e-17
1.848134648976447e-17
1.8682822756578562e-17
1.8833929956689105e-17
1.893466809009615e-17
1.9136144356910217e-17
1.9287251557020785e-17
1.9387989690427806e-17
1.963983502394542e-17
1.974057315735244e-17
1.9841311290759485e-17
1.994204942416653e-17
2.004278755757355e-17
2.0143525690980596e-17
2.0244263824387642e-17
2.0395371024498185e-17
2.049610915790523e-17
2.0596847291312276e-17
2.074795449142282e-17
2.105016889164393e-17
2.12012760917545e-17
2.1402752358568565e-17
2.1604228625382656e-17
2.1704966758789676e-17
2.1856073958900244e-17
2.205755022571431e-17
2.2158288359121356e-17
2.22590264925284e-17
2.2460502759342467e-17
2.2661979026156558e-17
2.28130862262671e-17
2.296419342637767e-17
2.3165669693191735e-17
2.3417515026709324e-17
2.351825316011637e-17
2.3669360360226938e-17
2.3770098493633958e-17
2.3870836627041004e-17
2.4021943827151572e-17
2.427378916066916e-17
2.4424896360779704e-17
2.4676741694297293e-17
2.4777479827704338e-17
2.4878217961111383e-17
2.497895609451843e-17
2.507969422792545e-17
2.5331539561443063e-17
2.5432277694850083e-17
2.558338489496065e-17
2.5734492095071195e-17
2.583523022847824e-17
2.5935968361885286e-17
2.608707556199583e-17
2.6238182762106397e-17
2.6439659028920463e-17
2.659076622903103e-17
2.6792242495845097e-17
2.6993718762659188e-17
2.709445689606621e-17
2.7245564096176777e-17
2.739667129628732e-17
2.759814756310141e-17
2.7698885696508456e-17
2.7799623829915477e-17
2.790036196332252e-17
2.810183823013659e-17
2.8202576363543634e-17
2.835368356365418e-17
2.8504790763764745e-17
2.870626703057881e-17
2.8807005163985857e-17
2.9058850497503445e-17
2.9260326764317536e-17
2.941143396442808e-17
2.9713648364649215e-17
2.9814386498056236e-17
2.9965493698166804e-17
3.0066231831573825e-17
3.016696996498087e-17
3.0267708098387916e-17
3.041881529849846e-17
3.072102969871957e-17
3.0821767832126616e-17
3.092250596553366e-17
3.1023244098940707e-17
3.122472036575477e-17
3.142619663256884e-17
3.1577303832679407e-17
3.172841103278995e-17
3.187951823290052e-17
3.203062543301106e-17
3.213136356641811e-17
3.223210169982515e-17
3.2534316100046264e-17
3.263505423345331e-17
3.273579236686033e-17
3.28868995669709e-17
3.2987637700377943e-17
3.318911396719201e-17
3.334022116730255e-17
3.3541697434116643e-17
3.364243556752369e-17
3.379354276763423e-17
3.389428090104128e-17
3.404538810115182e-17
3.4146126234558866e-17
3.434760250137296e-17
3.44987097014835e-17
3.464981690159407e-17
3.475055503500109e-17
3.500240036851868e-17
3.5103138501925723e-17
3.525424570203629e-17
3.5405352902146835e-17
3.55564601022574e-17
3.565719823566445e-17
3.575793636907147e-17
3.5858674502478514e-17
3.61105198359961e-17
3.626162703610667e-17
3.6412734236217214e-17
3.651347236962426e-17
3.6714948636438326e-17
3.681568676984537e-17
3.706753210336296e-17
3.721863930347353e-17
3.7319377436880573e-17
3.7420115570287594e-17
3.757122277039816e-17
3.767196090380521e-17
3.782306810391575e-17
3.797417530402632e-17
3.812528250413686e-17
3.822602063754391e-17
3.832675877095095e-17
3.852823503776502e-17
3.867934223787556e-17
3.883044943798613e-17
3.8931187571393176e-17
3.913266383820724e-17
3.923340197161429e-17
3.938450917172483e-17
3.95356163718354e-17
3.9636354505242444e-17
3.983783077205651e-17
3.998893797216708e-17
4.029115237238819e-17
4.039189050579521e-17
4.0744473972719844e-17
4.1046688372940956e-17
4.1248164639755047e-17
4.144964090656911e-17
4.155037903997616e-17
4.1651117173383203e-17
4.185259344019727e-17
4.200370064030781e-17
4.2255545973825426e-17
4.2356284107232447e-17
4.255776037404654e-17
4.265849850745358e-17
4.2759236640860604e-17
4.291034384097117e-17
4.311182010778524e-17
4.3212558241192283e-17
4.341403450800635e-17
4.3514772641413395e-17
4.371624890822746e-17
4.3816987041634506e-17
4.3968094241745074e-17
4.4068832375152095e-17
4.4270308641966185e-17
4.442141584207673e-17
4.4522153975483774e-17
4.472363024229784e-17
4.487473744240841e-17
4.5025844642518976e-17
4.5126582775926e-17
4.522732090933304e-17
4.532805904274009e-17
4.5529535309554154e-17
4.56806425096647e-17
4.578138064307174e-17
4.588211877647879e-17
4.603322597658933e-17
4.61843331766999e-17
4.633544037681047e-17
4.648654757692101e-17
4.663765477703158e-17
4.678876197714212e-17
4.7090976377363234e-17
4.72420835774738e-17
4.734282171088082e-17
4.744355984428787e-17
4.764503611110196e-17
4.774577424450898e-17
4.7846512377916025e-17
4.794725051132307e-17
4.804798864473009e-17
4.819909584484066e-17
4.845094117835825e-17
4.870278651187586e-17
4.880352464528288e-17
4.900500091209695e-17
4.910573904550399e-17
4.920647717891104e-17
4.935758437902158e-17
4.945832251242863e-17
4.9609429712539195e-17
4.981090597935326e-17
5.001238224616735e-17
5.011312037957437e-17
5.021385851298142e-17
5.0314596646388463e-17
5.0465703846499007e-17
5.076791824672012e-17
5.101976358023771e-17
5.112050171364475e-17
5.127160891375532e-17
