4.0750266009884913e-19
5.7707396361092205e-19
7.466452671230443e-19
9.162165706351172e-19
1.0857878741471901e-18
1.2553591776592877e-18
1.5379780168461005e-18
1.7075493203581735e-18
1.8205968560329134e-18
1.9336443917076533e-18
2.0466919273823686e-18
2.159739463057084e-18
2.3293107665691568e-18
2.498882070081279e-18
2.668453373593352e-18
2.7815009092680672e-18
2.9510722127801648e-18
3.1206435162922624e-18
3.2336910519669776e-18
3.5163098911537905e-18
3.6293574268285304e-18
3.855452498177961e-18
3.968500033852676e-18
4.194595105202156e-18
4.3076426408768714e-18
4.477213944388944e-18
4.5902614800636596e-18
4.872880319250497e-18
5.098975390599928e-18
5.4946417654614804e-18
5.664213068973553e-18
5.8337843724856756e-18
5.946831908160391e-18
6.5120695865340166e-18
6.625117122208732e-18
7.020783497070285e-18
7.133831032745e-18
7.246878568419715e-18
7.416449871931788e-18
7.58602117544391e-18
7.699068711118626e-18
7.868640014630699e-18
8.038211318142796e-18
8.264306389492251e-18
8.433877693004324e-18
8.54692522867904e-18
8.659972764353804e-18
8.942591603540592e-18
9.168686674890047e-18
9.394781746239503e-18
9.620876817588933e-18
9.790448121101055e-18
9.90349565677577e-18
1.0073066960287844e-17
1.0242638263799917e-17
1.0355685799474681e-17
1.0751352174336185e-17
1.0864399710010925e-17
1.1033971013523022e-17
1.1260066084872453e-17
1.1373113620547168e-17
1.1768779995408721e-17
1.1938351298920794e-17
1.2051398834595558e-17
1.2334017673782346e-17
1.250358897729442e-17
1.27296840486439e-17
1.2842731584318615e-17
1.3068826655668045e-17
1.3294921727017525e-17
1.3577540566204313e-17
1.3747111869716435e-17
1.3973206941065866e-17
1.414277824457794e-17
1.425582578025268e-17
1.436887331592742e-17
1.4651492155114207e-17
1.4877587226463687e-17
1.5103682297813117e-17
1.5612396208349385e-17
1.5838491279698816e-17
1.5951538815373556e-17
1.6121110118885653e-17
1.64602527259098e-17
1.668634779725928e-17
1.6855919100771352e-17
1.6968966636446067e-17
1.7082014172120807e-17
1.7251585475632905e-17
1.736463301130762e-17
1.7477680546982335e-17
1.7703775618331815e-17
1.781682315400653e-17
1.7929870689681246e-17
1.809944199319332e-17
1.821248952886806e-17
1.83255370645428e-17
1.849510836805487e-17
1.8608155903729587e-17
1.8721203439404302e-17
1.8834250975079067e-17
1.8947298510753782e-17
1.9116869814265855e-17
1.9286441117777928e-17
1.945601242129005e-17
1.9738631260476838e-17
1.9908202563988936e-17
2.013429763533839e-17
2.0247345171013106e-17
2.041691647452518e-17
2.0812582849386732e-17
2.0925630385061447e-17
2.109520168857357e-17
2.1208249224248285e-17
2.1321296759923e-17
2.1434344295597715e-17
2.1660439366947195e-17
2.177348690262191e-17
2.1886534438296626e-17
2.20561057418087e-17
2.216915327748344e-17
2.2395248348832894e-17
2.2621343420182324e-17
2.2847438491531804e-17
2.3017009795043877e-17
2.3243104866393308e-17
2.341267616990543e-17
2.363877124125486e-17
2.3864866312604316e-17
2.409096138395377e-17
2.4260532687465844e-17
2.4486627758815324e-17
2.4712722830164754e-17
2.482577036583947e-17
2.4995341669351567e-17
2.5108389205026307e-17
2.527796050853838e-17
2.5391008044213095e-17
2.5673626883399933e-17
2.595624572258672e-17
2.6069293258261436e-17
2.6351912097448274e-17
2.6521483400960347e-17
2.6634530936635062e-17
2.6747578472309826e-17
2.6973673543659257e-17
2.7086721079333972e-17
2.725629238284607e-17
2.736933991852081e-17
2.759543498987024e-17
2.7765006293382313e-17
2.787805382905708e-17
2.804762513256915e-17
2.8217196436081224e-17
2.838676773959332e-17
2.8612862810942776e-17
2.883895788229221e-17
2.900852918580433e-17
2.9121576721479045e-17
2.9347671792828475e-17
2.9573766864177955e-17
2.9799861935527386e-17
2.99129094712021e-17
3.00824807747142e-17
3.0252052078226296e-17
3.042162338173837e-17
3.0534670917413084e-17
3.0760765988762564e-17
3.093033729227464e-17
3.109990859578671e-17
3.121295613146145e-17
3.1439051202810905e-17
3.1665146274160336e-17
3.1778193809835075e-17
3.200428888118453e-17
3.2117336416859246e-17
3.228690772037132e-17
3.2399955256046083e-17
3.2569526559558156e-17
3.268257409523287e-17
3.296519293441971e-17
3.313476423793178e-17
3.3304335541443855e-17
3.341738307711857e-17
3.3530430612793335e-17
3.3756525684142765e-17
3.386957321981748e-17
3.409566829116696e-17
3.4208715826841676e-17
3.437828713035375e-17
3.4491334666028464e-17
3.4604382201703204e-17
3.4717429737377944e-17
3.4887001040890017e-17
3.511309611223945e-17
3.522614364791421e-17
3.545223871926364e-17
3.556528625493836e-17
3.5678333790613073e-17
3.579138132628784e-17
3.601747639763727e-17
3.618704770114934e-17
3.6526190308173536e-17
3.663923784384825e-17
3.6752285379522967e-17
3.709142798654716e-17
3.737404682573395e-17
3.754361812924607e-17
3.7713189432758145e-17
3.782623696843286e-17
3.805233203978234e-17
3.8221903343294413e-17
3.8561045950318584e-17
3.878714102166804e-17
3.901323609301747e-17
3.918280739652959e-17
3.929585493220431e-17
3.940890246787902e-17
3.952195000355374e-17
3.974804507490322e-17
3.986109261057793e-17
3.997414014625265e-17
4.020023521760208e-17
4.03698065211142e-17
4.065242536030099e-17
4.0765472895975704e-17
4.0935044199487827e-17
4.104809173516254e-17
4.116113927083726e-17
4.127418680651197e-17
4.138723434218671e-17
4.150028187786145e-17
4.172637694921088e-17
4.1895948252722956e-17
4.206551955623508e-17
4.2178567091909793e-17
4.2348138395421866e-17
4.2630757234608704e-17
4.2856852305958134e-17
4.296989984163285e-17
4.319599491298233e-17
4.342208998433176e-17
4.359166128784383e-17
4.3761232591355955e-17
4.387428012703067e-17
4.41003751983801e-17
4.421342273405484e-17
4.432647026972958e-17
4.4496041573241654e-17
4.460908910891637e-17
4.4778660412428467e-17
4.4891707948103207e-17
4.506127925161528e-17
4.528737432296471e-17
4.5400421858639475e-17
4.556999316215155e-17
4.5852612001338336e-17
4.59656595370131e-17
4.6304802144037246e-17
4.641784967971196e-17
4.6530897215386726e-17
4.67004685188988e-17
4.687003982241087e-17
4.703961112592297e-17
4.720918242943507e-17
4.737875373294714e-17
4.766137257213398e-17
4.783094387564605e-17
4.8000515179158123e-17
4.8226610250507603e-17
4.833965778618232e-17
4.850922908969439e-17
4.8622276625369107e-17
4.8848371696718586e-17
4.901794300023066e-17
4.924403807158009e-17
4.9357085607254854e-17
4.963970444644164e-17
4.975275198211636e-17
4.992232328562848e-17
5.014841835697791e-17
5.060060849967682e-17
5.0770179803188894e-17
5.093975110670097e-17
5.105279864237573e-17
5.1165846178050447e-17
