4.795139745551842e-19
7.130631882563588e-19
8.531927164770611e-19
1.0867419301782357e-18
1.226871458398938e-18
1.3202911438794226e-18
1.4137108293598826e-18
1.6005502003208272e-18
1.6939698858012995e-18
1.8340994140220018e-18
1.9742289422427164e-18
2.161068313203661e-18
2.4413273696450656e-18
2.534747055125538e-18
2.6748765833462402e-18
2.861715954307185e-18
3.0018454825278994e-18
3.1419750107486017e-18
3.3288143817095463e-18
3.515653752670479e-18
3.795912809111908e-18
3.936042337332598e-18
4.216301393774027e-18
4.309721079254487e-18
4.449850607475202e-18
4.543270292955662e-18
4.636689978436146e-18
4.730109663916606e-18
4.823529349397091e-18
4.916949034877551e-18
5.0570785630982655e-18
5.1504982485787255e-18
5.24391793405921e-18
5.33733761953967e-18
5.524176990500615e-18
5.8044360469420316e-18
5.944565575162734e-18
6.0846951033834485e-18
6.224824631604151e-18
6.411664002565083e-18
6.505083688045568e-18
6.598503373526028e-18
6.785342744486972e-18
6.878762429967457e-18
7.159021486408862e-18
7.345860857369806e-18
7.672829756551453e-18
7.766249442031925e-18
7.906378970252628e-18
8.139928183953815e-18
8.326767554914759e-18
8.513606925875691e-18
8.653736454096394e-18
8.747156139576878e-18
8.93399551053781e-18
9.027415196018283e-18
9.167544724238998e-18
9.447803780680402e-18
9.541223466160875e-18
9.681352994381577e-18
9.914902208082751e-18
1.0148451421783938e-17
1.033529079274487e-17
1.0475420320965585e-17
1.0568840006446058e-17
1.070896953466676e-17
1.0849099062887474e-17
1.0942518748367934e-17
1.1082648276588649e-17
1.1176067962069121e-17
1.1269487647549594e-17
1.1409617175770296e-17
1.1549746703990998e-17
1.1643166389471483e-17
1.1783295917692185e-17
1.1970135288653117e-17
1.2203684502354304e-17
1.2297104187834777e-17
1.2437233716055479e-17
1.2530653401535951e-17
1.2624073087016424e-17
1.2810912457977356e-17
1.295104198619807e-17
1.3137881357159015e-17
1.327801088537973e-17
1.341814041360042e-17
1.3604979784561364e-17
1.3745109312782079e-17
1.388523884100278e-17
1.4165497897444198e-17
1.43056274256649e-17
1.4492466796625845e-17
1.4585886482106317e-17
1.467930616758679e-17
1.4866145538547722e-17
1.4959565224028207e-17
1.514640459498915e-17
1.528653412320984e-17
1.5426663651430556e-17
1.5520083336911028e-17
1.56135030223915e-17
1.5706922707871973e-17
1.5800342393352445e-17
1.5893762078832905e-17
1.603389160705362e-17
1.6127311292534092e-17
1.6360860506235267e-17
1.650099003445597e-17
1.6641119562676683e-17
1.6734539248157143e-17
1.6874668776377858e-17
1.7061508147338803e-17
1.7154927832819275e-17
1.7341767203780207e-17
1.7481896732000922e-17
1.7575316417481394e-17
1.7715445945702096e-17
1.785557547392281e-17
1.7995705002143513e-17
1.832267390132516e-17
1.8462803429545875e-17
1.8602932957766577e-17
1.869635264324705e-17
1.878977232872751e-17
1.8929901856948224e-17
1.911674122790917e-17
1.925687075612987e-17
1.9397000284350573e-17
1.9490419969831058e-17
1.9723969183532233e-17
1.9864098711752935e-17
1.9957518397233407e-17
2.0144357768194352e-17
2.0237777453674812e-17
2.0331197139155296e-17
2.0424616824635756e-17
2.06114561955967e-17
2.0751585723817416e-17
2.093842509477836e-17
2.103184478025882e-17
2.1125264465739305e-17
2.1265393993959995e-17
2.1498943207661182e-17
2.1685782578622114e-17
2.17792022641026e-17
2.187262194958306e-17
2.1966041635063543e-17
2.2059461320544003e-17
2.2246300691504948e-17
2.233972037698542e-17
2.2433140062465892e-17
2.2526559747946365e-17
2.2713399118907297e-17
2.2853528647128012e-17
2.3087077860829186e-17
2.32272073890499e-17
2.3367336917270603e-17
2.360088613097179e-17
2.374101565919248e-17
2.3881145187413195e-17
2.3974564872893667e-17
2.4254823929335084e-17
2.4628502671256973e-17
2.4768632199477663e-17
2.4955471570438608e-17
2.5142310941399552e-17
2.5235730626880025e-17
2.5375860155100727e-17
2.546927984058121e-17
2.556269952606167e-17
2.5656119211542144e-17
2.5749538897022616e-17
2.5842958582503088e-17
2.6029797953464033e-17
2.6123217638944505e-17
2.6216637324424965e-17
2.635676685264568e-17
2.6496896380866395e-17
2.682386528004803e-17
2.7104124336489458e-17
2.7244253864710148e-17
2.7384383392930863e-17
2.7571222763891808e-17
2.771135229211251e-17
2.7898191663073454e-17
2.7991611348553927e-17
2.8085031034034387e-17
2.817845071951487e-17
2.8365290090475816e-17
2.850541961869652e-17
2.864554914691722e-17
2.873896883239769e-17
2.8879098360618395e-17
2.897251804609888e-17
2.906593773157934e-17
2.915935741705981e-17
2.9252777102540297e-17
2.9346196788020757e-17
2.9439616473501217e-17
2.967316568720239e-17
2.9813295215423106e-17
3.004684442912428e-17
3.0140264114604765e-17
3.0280393642825455e-17
3.0467233013786424e-17
3.0607362542007114e-17
3.074749207022783e-17
3.088762159844852e-17
3.1121170812149694e-17
3.130801018311066e-17
3.154155939681184e-17
3.16349790822923e-17
3.182181845325324e-17
3.1961947981473957e-17
3.2102077509694647e-17
3.233562672339582e-17
3.2522466094356766e-17
3.270930546531771e-17
3.2802725150798195e-17
3.2942854679018885e-17
3.30829842072396e-17
3.3316533420940774e-17
3.355008263464195e-17
3.3690212162862663e-17
3.383034169108338e-17
3.401718106204432e-17
3.415731059026501e-17
3.429744011848573e-17
3.45309893321869e-17
3.462440901766736e-17
3.481124838862833e-17
3.490466807410879e-17
3.5044797602329506e-17
3.5184927130550196e-17
3.527834681603068e-17
3.5418476344251395e-17
3.5511896029731855e-17
3.574544524343303e-17
3.5885574771653744e-17
3.6072414142614664e-17
3.6259253513575633e-17
3.6399383041796323e-17
3.653951257001704e-17
3.66329322554975e-17
3.68664814691987e-17
3.695990115467916e-17
3.705332084015962e-17
3.71467405256401e-17
3.724016021112056e-17
3.7380289739341276e-17
3.756712911030222e-17
3.7753968481263166e-17
3.7847388166743626e-17
3.794080785222411e-17
3.803422753770457e-17
3.812764722318503e-17
3.8221066908665515e-17
3.840790627962646e-17
3.8594745650587404e-17
3.8688165336067864e-17
3.878158502154835e-17
3.887500470702881e-17
3.896842439250927e-17
3.9108553920729983e-17
3.92486834489507e-17
3.934210313443116e-17
3.95289425053921e-17
3.966907203361282e-17
3.97624917190933e-17
3.990262124731399e-17
4.0042750775534706e-17
4.0182880303755396e-17
4.032300983197611e-17
4.0509849202937055e-17
4.074339841663823e-17
4.0883527944858945e-17
4.0976947630339405e-17
4.107036731581989e-17
4.1397336215001524e-17
4.149075590048201e-17
4.16308854287027e-17
4.1724305114183183e-17
4.181772479966367e-17
4.200456417062459e-17
4.21446936988453e-17
4.2378242912546477e-17
4.261179212624765e-17
4.2705211811728136e-17
4.2845341339948826e-17
4.307889055365e-17
4.3172310239130485e-17
4.326572992461097e-17
4.345256929557189e-17
4.3639408666532835e-17
4.373282835201332e-17
4.382624803749378e-17
4.3966377565714494e-17
4.4059797251194954e-17
4.429334646489613e-17
4.443347599311684e-17
4.45268956785973e-17
4.47604448922985e-17
4.490057442051919e-17
4.5040703948739907e-17
4.5134123634220367e-17
4.522754331970085e-17
4.536767284792154e-17
4.5461092533402026e-17
4.555451221888251e-17
4.56946417471032e-17
4.602161064628486e-17
4.6161740174505574e-17
4.6348579545466494e-17
4.658212875916767e-17
4.6722258287388384e-17
4.690909765834933e-17
4.704922718657004e-17
4.728277640027122e-17
4.746961577123216e-17
4.7609745299452877e-17
4.7703164984933337e-17
4.7796584670413797e-17
4.789000435589428e-17
4.8123553569595456e-17
4.821697325507594e-17
4.840381262603686e-17
4.8497232311517345e-17
4.8637361839738035e-17
4.877749136795875e-17
4.8917620896179464e-17
4.9011040581659924e-17
4.915117010988064e-17
4.9384719323581814e-17
4.957155869454276e-17
4.97583980655037e-17
4.989852759372442e-17
5.003865712194511e-17
5.013207680742559e-17
5.027220633564628e-17
5.0459045706607227e-17
5.055246539208771e-17
5.06925949203084e-17
5.0786014605788886e-17
5.0879434291269346e-17
5.097285397674983e-17
5.1206403190451005e-17
5.134653271867172e-17
