3.9817559857577247e-19
5.56640559041877e-19
6.622838660193046e-19
9.792137869515382e-19
1.1376787474176427e-18
1.2433220543950457e-18
1.5074303218386025e-18
1.7187169357934085e-18
1.877181896259513e-18
2.088468510214319e-18
2.246933470680448e-18
2.4582200846352788e-18
2.5638633916126818e-18
2.6695066985900847e-18
2.7751500055674877e-18
2.8807933125448907e-18
3.03925827301102e-18
3.1449015799884475e-18
3.2505448869658505e-18
3.4618315009206565e-18
3.5674748078980595e-18
3.725939768364164e-18
4.042869689296422e-18
4.148512996273825e-18
4.30697795673993e-18
4.412621263717333e-18
4.518264570694736e-18
4.6239078776721634e-18
4.729551184649591e-18
5.0464811055818e-18
5.152124412559203e-18
5.257767719536606e-18
5.363411026514009e-18
5.469054333491461e-18
5.574697640468864e-18
5.680340947446267e-18
5.838805907912372e-18
5.944449214889775e-18
6.050092521867178e-18
6.261379135822033e-18
6.367022442799436e-18
6.472665749776839e-18
6.683952363731645e-18
6.948060631175153e-18
7.053703938152605e-18
7.264990552107411e-18
7.423455512573515e-18
7.634742126528321e-18
7.740385433505724e-18
7.898850393971878e-18
8.057315354437983e-18
8.215780314904087e-18
8.479888582347595e-18
8.585531889325022e-18
8.955283463745957e-18
9.06092677072336e-18
9.219391731189465e-18
9.589143305610425e-18
9.80042991956523e-18
1.0223003147474892e-17
1.0381468107940996e-17
1.04871114149184e-17
1.0698398028873205e-17
1.085686298933931e-17
1.0962506296316737e-17
1.1068149603294165e-17
1.1279436217248971e-17
1.1543544484692479e-17
1.1807652752136035e-17
1.196611771260214e-17
1.2177404326556946e-17
1.2441512594000453e-17
1.2599977554466607e-17
1.270562086144401e-17
1.2864085821910115e-17
1.2969729128887518e-17
1.3286659049819727e-17
1.3392302356797179e-17
1.3550767317263283e-17
1.3709232277729388e-17
1.3867697238195492e-17
1.418462715912775e-17
1.4395913773082557e-17
1.455437873354866e-17
1.4712843694014766e-17
1.487130865448087e-17
1.524106022890183e-17
1.5346703535879233e-17
1.561081180332274e-17
1.5874920070766297e-17
1.6086206684721103e-17
1.6403136605653312e-17
1.650877991263074e-17
1.672006652658557e-17
1.6878531487051675e-17
1.6984174794029078e-17
1.708981810100648e-17
1.7195461407983884e-17
1.7353926368450038e-17
1.7618034635893545e-17
1.7723677942870948e-17
1.7934964556825754e-17
1.814625117078061e-17
1.8251894477758012e-17
1.8410359438224117e-17
1.851600274520152e-17
1.8674467705667624e-17
1.8832932666133753e-17
1.893857597311118e-17
1.920268424055469e-17
1.9519614161486898e-17
1.967807912195305e-17
1.9783722428930454e-17
1.999500904288526e-17
2.0153474003351365e-17
2.031193896381747e-17
2.068169053823843e-17
2.0787333845215832e-17
2.0892977152193235e-17
2.0998620459170638e-17
2.1262728726614195e-17
2.14211936870803e-17
2.1526836994057702e-17
2.1685301954523807e-17
2.1896588568478613e-17
2.2055053528944767e-17
2.216069683592217e-17
2.2319161796388274e-17
2.2424805103365677e-17
2.2636091717320483e-17
2.2741735024297886e-17
2.290019998476404e-17
2.3005843291741443e-17
2.326995155918495e-17
2.3375594866162353e-17
2.363970313360591e-17
2.3850989747560716e-17
2.395663305453812e-17
2.4115098015004224e-17
2.4220741321981627e-17
2.432638462895903e-17
2.4432027935936482e-17
2.4537671242913885e-17
2.4643314549891288e-17
2.4907422817334795e-17
2.50658877778009e-17
2.543563935222186e-17
2.5646925966176666e-17
2.5911034233620173e-17
2.6069499194086327e-17
2.617514250106373e-17
2.6280785808041133e-17
2.6439250768507237e-17
2.6703359035950745e-17
2.6809002342928197e-17
2.69146456499056e-17
2.7020288956883003e-17
2.7125932263860406e-17
2.723157557083781e-17
2.7337218877815212e-17
2.7442862184792615e-17
2.7548505491770043e-17
2.7759792105724873e-17
2.7865435412702276e-17
2.802390037316838e-17
2.8340830294100615e-17
2.8499295254566744e-17
2.8604938561544147e-17
2.881622517549895e-17
2.908033344294246e-17
2.9238798403408614e-17
2.939726336387472e-17
2.955572832434082e-17
2.9661371631318226e-17
2.976701493829563e-17
2.992547989876176e-17
3.013676651271659e-17
3.0295231473182693e-17
3.05065180871375e-17
3.082344800806976e-17
3.098191296853586e-17
3.1140377929001966e-17
3.124602123597937e-17
3.135166454295677e-17
3.15101295034229e-17
3.166859446388903e-17
3.1774237770866434e-17
3.198552438482124e-17
3.209116769179864e-17
3.2196810998776046e-17
3.2302454305753473e-17
3.24609192662196e-17
3.277784918715181e-17
3.298913580110662e-17
3.320042241506147e-17
3.351735233599368e-17
3.3622995642971085e-17
3.372863894994849e-17
3.393992556390334e-17
3.4045568870880746e-17
3.425685548483555e-17
3.4362498791812955e-17
3.457378540576776e-17
3.489071532670002e-17
3.499635863367742e-17
3.5102001940654825e-17
3.536611020809833e-17
3.5524575168564487e-17
3.5841505089496695e-17
3.60527917034515e-17
3.626407831740633e-17
3.642254327787246e-17
3.668665154531597e-17
3.679229485229337e-17
3.6897938159270775e-17
3.700358146624818e-17
3.721486808020303e-17
3.737333304066914e-17
3.753179800113524e-17
3.7637441308112645e-17
3.779590626857875e-17
3.7954371229044903e-17
3.8060014536022306e-17
3.827130114997711e-17
3.8376944456954515e-17
3.848258776393192e-17
3.864105272439805e-17
3.885233933835288e-17
3.901080429881898e-17
3.916926925928509e-17
3.932773421975119e-17
3.943337752672862e-17
3.9539020833706047e-17
3.964466414068345e-17
3.9855950754638256e-17
4.006723736859306e-17
4.0172880675570465e-17
4.033134563603662e-17
4.0595453903480126e-17
4.080674051743493e-17
4.0965205477901037e-17
4.107084878487849e-17
4.1229313745344593e-17
4.15462436662768e-17
4.175753028023161e-17
4.186317358720906e-17
4.2021638547675165e-17
4.218010350814127e-17
4.2391390122096076e-17
4.254985508256218e-17
4.2813963350005737e-17
4.302524996396054e-17
4.3130893270937946e-17
4.339500153838148e-17
4.355346649884761e-17
4.371193145931371e-17
4.392321807326852e-17
4.402886138024592e-17
4.418732634071205e-17
4.429296964768948e-17
4.439861295466688e-17
4.466272122211039e-17
4.482118618257649e-17
4.4926829489553895e-17
4.508529445002005e-17
4.540222437095226e-17
4.550786767792966e-17
4.5613510984907064e-17
4.582479759886192e-17
4.619454917328283e-17
4.6353014133748934e-17
4.6564300747703765e-17
4.666994405468119e-17
4.6775587361658596e-17
4.69340523221247e-17
4.70396956291021e-17
4.719816058956821e-17
4.730380389654561e-17
4.740944720352306e-17
4.7515090510500466e-17
4.762073381747787e-17
4.7884842084921376e-17
4.804330704538748e-17
4.814895035236491e-17
4.841305861980844e-17
4.8518701926785844e-17
4.867716688725195e-17
4.8888453501206754e-17
4.9258205075627714e-17
4.9363848382605117e-17
4.946949168958252e-17
4.9627956650048624e-17
4.973359995702605e-17
5.0050529877958286e-17
5.020899483842439e-17
5.0314638145401793e-17
5.0790033026800156e-17
5.100131964075496e-17
5.1106962947732365e-17
5.131824956168722e-17
