4.420791827924835e-19
5.916722694961701e-19
7.412653561998567e-19
8.908584429035433e-19
1.0903158918417798e-18
1.1900446163109042e-18
1.3396377030145908e-18
1.5889595141874018e-18
1.6886882386565262e-18
1.7884169631256505e-18
1.938010049829337e-18
2.0876031365330114e-18
2.2870605854712602e-18
2.4366536721749468e-18
2.6361111211131956e-18
2.73583984558232e-18
3.035026018989681e-18
3.1846191056933674e-18
3.334212192397054e-18
3.483805279100741e-18
3.633398365804427e-18
3.733127090273552e-18
3.9325845392118004e-18
4.0323132636809125e-18
4.132041988150037e-18
4.331499437088286e-18
4.43122816155741e-18
4.630685610495659e-18
4.830143059433908e-18
4.979736146137594e-18
5.079464870606706e-18
5.179193595075831e-18
5.328786681779517e-18
5.428515406248642e-18
5.6279728551868905e-18
5.777565941890577e-18
5.8772946663597015e-18
6.026887753063376e-18
6.1266164775325e-18
6.326073926470749e-18
6.425802650939873e-18
6.525531375408998e-18
6.625260099878122e-18
6.824717548816371e-18
6.924446273285483e-18
7.024174997754607e-18
7.123903722223732e-18
7.223632446692856e-18
7.32336117116198e-18
7.423089895631105e-18
7.52281862010023e-18
7.672411706803916e-18
7.971597880211277e-18
8.121190966914963e-18
8.220919691384088e-18
8.320648415853212e-18
8.420377140322337e-18
8.520105864791461e-18
8.71956331372971e-18
8.819292038198834e-18
9.01874948713707e-18
9.317935660544444e-18
9.517393109482693e-18
9.617121833951817e-18
9.716850558420941e-18
9.816579282890066e-18
1.0016036731828302e-17
1.0115765456297427e-17
1.0265358543001113e-17
1.04149516297048e-17
1.0664273440877611e-17
1.086373088981586e-17
1.1013323976519534e-17
1.1113052700988658e-17
1.1262645787692345e-17
1.136237451216147e-17
1.1511967598865156e-17
1.161169632333428e-17
1.1761289410037967e-17
1.1861018134507091e-17
1.1960746858976203e-17
1.211033994567989e-17
1.2309797394618139e-17
1.2509254843556388e-17
1.2608983568025512e-17
1.2708712292494636e-17
1.2908169741432873e-17
1.305776282813656e-17
1.3157491552605684e-17
1.330708463930937e-17
1.3606270812716744e-17
1.3705999537185868e-17
1.3805728261654992e-17
1.3955321348358667e-17
1.4104914435062353e-17
1.425450752176604e-17
1.445396497070429e-17
1.4553693695173413e-17
1.4653422419642537e-17
1.4753151144111662e-17
1.4902744230815336e-17
1.500247295528446e-17
1.520193040422271e-17
1.5351523490926396e-17
1.565070966433377e-17
1.5800302751037456e-17
1.5900031475506568e-17
1.5999760199975692e-17
1.614935328667938e-17
1.639867509785219e-17
1.6548268184555876e-17
1.6697861271259563e-17
1.68973187201978e-17
1.6997047444666924e-17
1.7196504893605173e-17
1.734609798030886e-17
1.7445826704777984e-17
1.759541979148167e-17
1.784474160265447e-17
1.809406341382728e-17
1.8193792138296404e-17
1.829352086276553e-17
1.8492978311703777e-17
1.8642571398407464e-17
1.8742300122876588e-17
1.8891893209580263e-17
1.904148629628395e-17
1.9141215020753074e-17
1.9440401194160447e-17
1.9689723005333258e-17
1.9839316092036932e-17
2.003877354097518e-17
2.023823098991343e-17
2.043768843885168e-17
2.0587281525555365e-17
2.068701025002449e-17
2.0786738974493614e-17
2.1036060785666413e-17
2.1135789510135537e-17
2.123551823460466e-17
2.1335246959073786e-17
2.143497568354291e-17
2.163443313248116e-17
2.1784026219184846e-17
2.1883754943653958e-17
2.1983483668123082e-17
2.2083212392592206e-17
2.218294111706133e-17
2.238239856599958e-17
2.2581856014937828e-17
2.2681584739406953e-17
2.293090655057975e-17
2.3130363999518e-17
2.3230092723987125e-17
2.3429550172925373e-17
2.3529278897394498e-17
2.3728736346332747e-17
2.4027922519740108e-17
2.4127651244209232e-17
2.4227379968678356e-17
2.432710869314748e-17
2.452656614208573e-17
2.4775887953258528e-17
2.4875616677727653e-17
2.502520976443134e-17
2.5174802851135026e-17
2.527453157560415e-17
2.552385338677696e-17
2.572331083571521e-17
2.597263264688801e-17
2.6072361371357133e-17
2.6172090095826257e-17
2.6371547544764506e-17
2.6521140631468193e-17
2.6720598080406442e-17
2.6820326804875554e-17
2.696991989157924e-17
2.716937734051749e-17
2.7318970427221176e-17
2.7518427876159424e-17
2.7817614049566785e-17
2.8017071498505034e-17
2.811680022297416e-17
2.821652894744328e-17
2.831625767191241e-17
2.8465850758616094e-17
2.866530820755434e-17
2.8814901294258017e-17
2.8964494380961704e-17
2.911408746766539e-17
2.9263680554369077e-17
2.9413273641072763e-17
2.956286672777645e-17
2.9662595452245574e-17
2.97623241767147e-17
2.9961781625652935e-17
3.006151035012206e-17
3.0161239074591184e-17
3.026096779906031e-17
3.0410560885763995e-17
3.051028961023312e-17
3.070974705917137e-17
3.0909204508109605e-17
3.105879759481329e-17
3.1158526319282416e-17
3.125825504375154e-17
3.1407848130455227e-17
3.1557441217158913e-17
3.165716994162804e-17
3.180676302833171e-17
3.1906491752800836e-17
3.200622047726996e-17
3.215581356397365e-17
3.225554228844277e-17
3.2355271012911896e-17
3.250486409961558e-17
3.275418591078838e-17
3.2853914635257506e-17
3.3003507721961205e-17
3.315310080866488e-17
3.335255825760313e-17
3.35021513443068e-17
3.360188006877595e-17
3.370160879324505e-17
3.3801337517714175e-17
3.410052369112155e-17
3.434984550229435e-17
3.4449574226763496e-17
3.459916731346717e-17
3.4698896037936295e-17
3.484848912463997e-17
3.504794657357822e-17
3.514767529804734e-17
3.529726838475104e-17
3.5646318920392964e-17
3.579591200709664e-17
3.594550509380034e-17
3.6144962542738586e-17
3.6344419991676835e-17
3.6444148716145935e-17
3.6543877440615084e-17
3.6643606165084183e-17
3.679319925178788e-17
3.709238542519523e-17
3.719211414966438e-17
3.729184287413348e-17
3.749130032307173e-17
3.759102904754088e-17
3.774062213424453e-17
3.7890215220948226e-17
3.8039808307651925e-17
3.81894013943556e-17
3.838885884329385e-17
3.853845192999752e-17
3.863818065446667e-17
3.873790937893577e-17
3.8837638103404896e-17
3.893736682787402e-17
3.908695991457772e-17
3.918668863904682e-17
3.928641736351597e-17
3.938614608798507e-17
3.9485874812454216e-17
3.9735196623627015e-17
3.9834925348096115e-17
4.008424715926894e-17
4.023384024597261e-17
4.043329769491086e-17
4.058289078161456e-17
4.0732483868318234e-17
4.088207695502191e-17
4.098180567949106e-17
4.1181263128429307e-17
4.1280991852898406e-17
4.1380720577367555e-17
4.1480449301836655e-17
4.1729771113009454e-17
4.187936419971315e-17
4.197909292418228e-17
4.212868601088595e-17
4.2378007822058775e-17
4.24777365465279e-17
4.2577465270997023e-17
4.267719399546615e-17
4.282678708216982e-17
4.2976380168873496e-17
4.3076108893342645e-17
4.3325430704515444e-17
4.347502379121914e-17
4.367448124015737e-17
4.3873938689095616e-17
4.402353177579929e-17
4.4272853586972114e-17
4.437258231144124e-17
4.447231103591036e-17
4.4572039760379487e-17
4.4671768484848586e-17
4.4771497209317735e-17
4.4970954658255984e-17
4.517041210719423e-17
4.527014083166333e-17
4.546959828060158e-17
4.566905572953983e-17
4.5768784454008955e-17
4.586851317847808e-17
4.601810626518178e-17
4.6217563714120027e-17
4.6317292438589127e-17
4.656661424976195e-17
4.6666342974231074e-17
4.6766071698700174e-17
4.691566478540387e-17
4.716498659657667e-17
4.7414308407749495e-17
4.751403713221862e-17
4.776335894339142e-17
4.7962816392329667e-17
4.8112409479033366e-17
4.8212138203502466e-17
4.8311866927971615e-17
4.8411595652440714e-17
4.8611053101378963e-17
4.881051055031721e-17
4.915956108595916e-17
4.925928981042826e-17
4.935901853489741e-17
4.945874725936651e-17
4.965820470830476e-17
4.9807797795008456e-17
4.9907526519477556e-17
5.0057119606181255e-17
5.0206712692884953e-17
5.04061701418232e-17
5.05058988662923e-17
5.070535631523055e-17
5.085494940193425e-17
5.1004542488637924e-17
5.11541355753416e-17
5.125386429981075e-17
