5.643363567108653e-19
8.314749101756863e-19
9.383303315616172e-19
1.1520411743334789e-18
1.2588965957193974e-18
1.3657520171053282e-18
1.5260351491842184e-18
1.73974599195608e-18
1.846601413342011e-18
1.9534568347279418e-18
2.0603122561138603e-18
2.2205953881927627e-18
2.3274508095786813e-18
2.4343062309646244e-18
2.7014447844294454e-18
2.915155627201307e-18
3.0220110485872256e-18
3.1288664699731565e-18
3.2891496020520466e-18
3.3960050234379775e-18
3.5562881555168676e-18
3.663143576902811e-18
4.03713755175355e-18
4.197420683832453e-18
4.304276105218371e-18
4.464559237297274e-18
4.6248423693761514e-18
4.7316977907620946e-18
4.891980922840985e-18
5.105691765612834e-18
5.2659748976917365e-18
5.426258029770627e-18
5.5331134511565575e-18
5.639968872542476e-18
5.853679715314338e-18
6.01396284739324e-18
6.120818268779159e-18
6.441384532936951e-18
6.548239954322882e-18
6.761950797094744e-18
6.868806218480662e-18
7.135944771945483e-18
7.296227904024386e-18
7.509938746796247e-18
7.670221878875125e-18
7.830505010954028e-18
7.990788143032918e-18
8.20449898580478e-18
8.36478211788367e-18
8.4716375392696e-18
8.68534838204145e-18
8.899059224813312e-18
9.433336331742953e-18
9.540191753128897e-18
9.807330306593718e-18
9.967613438672595e-18
1.0127896570751498e-17
1.0448462834909278e-17
1.0555318256295221e-17
1.066217367768114e-17
1.0822456809760042e-17
1.098273994183892e-17
1.1143023073917822e-17
1.1249878495303741e-17
1.1410161627382643e-17
1.1570444759461546e-17
1.1730727891540424e-17
1.1891011023619326e-17
1.1997866445005245e-17
1.2104721866391188e-17
1.2211577287777106e-17
1.2318432709163037e-17
1.2425288130548968e-17
1.2532143551934899e-17
1.263899897332083e-17
1.279928210539972e-17
1.3066420658864541e-17
1.328013150163639e-17
1.3440414633715293e-17
1.3600697765794195e-17
1.3760980897873073e-17
1.3867836319259016e-17
1.3974691740644935e-17
1.4295258004802715e-17
1.4402113426188658e-17
1.4508968847574577e-17
1.461582426896052e-17
1.482953511173237e-17
1.498981824381126e-17
1.520352908658312e-17
1.531038450796904e-17
1.5417239929354983e-17
1.557752306143386e-17
1.5684378482819804e-17
1.6004944746977584e-17
1.6111800168363515e-17
1.6272083300442405e-17
1.6432366432521283e-17
1.653922185390725e-17
1.6752932696679087e-17
1.6859788118065006e-17
1.7020071250143908e-17
1.7126926671529852e-17
1.728720980360873e-17
1.7554348357073575e-17
1.7661203778459494e-17
1.7768059199845412e-17
1.787491462123133e-17
1.8035197753310233e-17
1.8248908596082095e-17
1.8462619438853932e-17
1.862290257093286e-17
1.8836613413704696e-17
1.9050324256476558e-17
1.91571796778625e-17
1.9424318231327297e-17
1.953117365271324e-17
1.9744884495485102e-17
1.990516762756398e-17
2.0118878470335866e-17
2.0332589313107703e-17
2.049287244518658e-17
2.0599727866572524e-17
2.0760010998651427e-17
2.0920294130730304e-17
2.113400497350219e-17
2.124086039488811e-17
2.1401143526966987e-17
2.1561426659045865e-17
2.1721709791124792e-17
2.188199292320367e-17
2.1988848344589588e-17
2.2149131476668515e-17
2.2416270030133312e-17
2.257655316221219e-17
2.2790264004984076e-17
2.2950547137062954e-17
2.3110830269141856e-17
2.32176856905278e-17
2.3324541111913718e-17
2.3431396533299636e-17
2.3538251954685555e-17
2.3698535086764482e-17
2.38053905081504e-17
2.391224592953632e-17
2.4072529061615197e-17
2.4232812193694124e-17
2.4393095325773002e-17
2.449995074715892e-17
2.4660233879237823e-17
2.4820517011316725e-17
2.508765556478152e-17
2.5301366407553408e-17
2.5515077250325245e-17
2.572878809309713e-17
2.5942498935868968e-17
2.6049354357254887e-17
2.6316492910719732e-17
2.647677604279861e-17
2.6690486885570472e-17
2.6797342306956415e-17
2.6957625439035293e-17
2.706448086042121e-17
2.717133628180713e-17
2.7385047124579016e-17
2.7491902545964935e-17
2.7652185678043812e-17
2.775904109942978e-17
2.797275194220162e-17
2.8079607363587536e-17
2.8186462784973454e-17
2.829331820635942e-17
2.84536013384383e-17
2.856045675982422e-17
2.866731218121014e-17
2.8774167602596105e-17
2.893445073467498e-17
2.914816157744682e-17
2.9361872420218706e-17
2.9522155552297584e-17
2.9735866395069446e-17
3.0056432659227226e-17
3.0216715791306104e-17
3.032357121269207e-17
3.059070976615687e-17
3.096470374100763e-17
3.107155916239355e-17
3.128527000516541e-17
3.1392125426551355e-17
3.1766119401402095e-17
3.2033257954866916e-17
3.2193541086945794e-17
3.240725192971768e-17
3.262096277248952e-17
3.278124590456842e-17
3.288810132595436e-17
3.31018121687262e-17
3.331552301149806e-17
3.3475806143576964e-17
3.358266156496288e-17
3.36895169863488e-17
3.379637240773472e-17
3.390322782912069e-17
3.4063510961199565e-17
3.422379409327844e-17
3.438407722535737e-17
3.459778806812921e-17
3.4704643489515125e-17
3.4811498910901044e-17
3.507863746436589e-17
3.518549288575181e-17
3.534577601783071e-17
3.550605914990961e-17
3.566634228198849e-17
3.5933480835453336e-17
3.620061938891813e-17
3.630747481030405e-17
3.646775794238298e-17
3.6628041074461856e-17
3.6841751917233693e-17
3.694860733861966e-17
3.710889047069854e-17
3.7322601313470376e-17
3.753631215624226e-17
3.769659528832114e-17
3.785687842040002e-17
3.8017161552478945e-17
3.8124016973864863e-17
3.823087239525078e-17
3.849801094871563e-17
3.8604866370101546e-17
3.8711721791487465e-17
3.8818577212873383e-17
3.897886034495231e-17
3.913914347703119e-17
3.9245998898417107e-17
3.9352854319803025e-17
3.951313745188195e-17
3.961999287326787e-17
3.983370371603971e-17
3.994055913742565e-17
4.0047414558811594e-17
4.020769769089047e-17
4.036798082296935e-17
4.0581691665741236e-17
4.090225792989899e-17
4.106254106197792e-17
4.1222824194056796e-17
4.148996274752162e-17
4.170367359029348e-17
4.18105290116794e-17
4.1917384433065316e-17
4.2024239854451284e-17
4.21310952758372e-17
4.223795069722312e-17
4.245166153999496e-17
4.2611944672073885e-17
4.2718800093459804e-17
4.282565551484572e-17
4.2985938646924625e-17
4.3199649489696486e-17
4.3359932621775364e-17
4.3520215753854267e-17
4.362707117524021e-17
4.3840782018012047e-17
4.410792057147689e-17
4.426820370355577e-17
4.442848683563465e-17
4.453534225702059e-17
4.474905309979245e-17
4.485590852117837e-17
4.496276394256429e-17
4.5229902496029136e-17
4.5390185628108013e-17
4.56038964708799e-17
4.571075189226582e-17
4.5817607313651737e-17
4.60313181564236e-17
4.624502899919546e-17
4.640531213127434e-17
4.656559526335324e-17
4.6672450684739184e-17
4.683273381681806e-17
4.693958923820398e-17
4.7046444659589923e-17
4.7153300080975866e-17
4.7260155502361785e-17
4.7367010923747703e-17
4.752729405582658e-17
4.763414947721255e-17
4.7847860319984386e-17
4.8061571162756223e-17
4.816842658414219e-17
4.827528200552811e-17
4.8488992848299947e-17
4.8649275980378874e-17
4.875613140176479e-17
4.886298682315071e-17
4.896984224453663e-17
4.913012537661553e-17
4.9236980798001475e-17
4.9343836219387393e-17
4.945069164077331e-17
4.9610974772852214e-17
4.971783019423816e-17
4.9878113326317035e-17
4.9984968747702954e-17
5.0145251879781856e-17
5.02521073011678e-17
5.041239043324668e-17
5.067952898671152e-17
5.08398121187904e-17
5.100009525086928e-17
5.116037838294818e-17
5.1267233804334124e-17
