4.442768750479922e-19
5.946247605013916e-19
6.948566841369954e-19
8.452045695904071e-19
9.454364932260109e-19
1.2962482259506178e-18
1.3964801495862338e-18
1.4967120732218252e-18
1.647059958675237e-18
1.7974078441286487e-18
1.9477557295820605e-18
2.09810361503546e-18
2.2985674623066674e-18
2.398799385942271e-18
2.5992632332134786e-18
2.6994951568490947e-18
2.799727080484686e-18
3.0503068895737016e-18
3.1505388132093053e-18
3.250770736844909e-18
3.4011186222983208e-18
3.55146650775172e-18
3.751930355022928e-18
3.852162278658544e-18
3.952394202294135e-18
4.102742087747547e-18
4.253089973200959e-18
4.4034378586543704e-18
4.503669782289962e-18
4.603901705925578e-18
4.754249591378977e-18
4.904597476832389e-18
5.0549453622857885e-18
5.2052932477392e-18
5.305525171374804e-18
5.405757095010408e-18
5.656336904099411e-18
5.756568827735027e-18
5.856800751370631e-18
5.9570326750062345e-18
6.207612484095238e-18
6.307844407730854e-18
6.558424216819857e-18
6.809004025908872e-18
6.909235949544476e-18
7.059583834997888e-18
7.209931720451287e-18
7.310163644086891e-18
7.460511529540303e-18
7.560743453175907e-18
7.761207300447114e-18
7.861439224082718e-18
7.961671147718321e-18
8.061903071353925e-18
8.162134994989529e-18
8.362598842260749e-18
8.512946727714148e-18
8.663294613167548e-18
8.763526536803164e-18
8.863758460438755e-18
8.963990384074371e-18
9.114338269527783e-18
9.214570193163374e-18
9.415034040434582e-18
9.515265964070198e-18
9.765845773159201e-18
9.866077696794817e-18
1.011665750588382e-17
1.0317121353155028e-17
1.046746923860844e-17
1.0667933085879647e-17
1.0868396933150854e-17
1.0968628856786458e-17
1.1219208665875474e-17
1.1369556551328885e-17
1.1519904436782285e-17
1.1720368284053492e-17
1.2171411940413715e-17
1.2371875787684923e-17
1.2472107711320526e-17
1.2672571558591734e-17
1.2822919444045133e-17
1.322384713858756e-17
1.337419502404096e-17
1.3674890794947784e-17
1.3875354642218991e-17
1.4025702527672403e-17
1.4125934451307994e-17
1.422616637494361e-17
1.4326398298579202e-17
1.4627094069486025e-17
1.472732599312163e-17
1.4827557916757233e-17
1.4927789840392836e-17
1.5128253687664044e-17
1.5228485611299648e-17
1.537883349675306e-17
1.5579297344024267e-17
1.582987715311327e-17
1.6130572924020093e-17
1.6381152733109097e-17
1.6481384656744713e-17
1.6581616580380304e-17
1.668184850401592e-17
1.6882312351287128e-17
1.7082776198558335e-17
1.7233124084011747e-17
1.7383471969465146e-17
1.7533819854918546e-17
1.7734283702189765e-17
1.783451562582537e-17
1.7934747549460973e-17
1.8085095434914372e-17
1.8235443320367784e-17
1.8335675244003388e-17
1.8435907167638992e-17
1.8536139091274595e-17
1.8736602938545815e-17
1.8886950823999215e-17
1.9187646594906026e-17
1.928787851854163e-17
1.9388110442177233e-17
1.948834236581285e-17
1.9789038136719648e-17
2.0039617945808664e-17
2.0189965831262075e-17
2.0340313716715475e-17
2.044054564035109e-17
2.0641009487622298e-17
2.0791357373075698e-17
2.0991821220346905e-17
2.109205314398251e-17
2.1192285067618125e-17
2.1342632953071525e-17
2.1442864876707128e-17
2.169344468579613e-17
2.1793676609431747e-17
2.189390853306735e-17
2.209437238033856e-17
2.2194604303974162e-17
2.2294836227609766e-17
2.239506815124537e-17
2.2495300074880974e-17
2.2595531998516577e-17
2.2695763922152193e-17
2.2846111807605593e-17
2.2946343731241197e-17
2.31969235403302e-17
2.3497619311237036e-17
2.3647967196690423e-17
2.374819912032604e-17
2.384843104396163e-17
2.3998778929415042e-17
2.4099010853050633e-17
2.4249358738504045e-17
2.4499938547593073e-17
2.465028643304646e-17
2.4850750280317692e-17
2.4950982203953284e-17
2.5101330089406695e-17
2.53519098984957e-17
2.550225778394911e-17
2.5652605669402522e-17
2.5802953554855934e-17
2.5903185478491525e-17
2.6053533363944937e-17
2.620388124939835e-17
2.635422913485176e-17
2.6454461058487352e-17
2.6554692982122943e-17
2.6855388753029767e-17
2.6955620676665383e-17
2.7055852600300974e-17
2.7206200485754386e-17
2.7406664333025593e-17
2.775747606575021e-17
2.785770798938583e-17
2.795793991302142e-17
2.810828779847483e-17
2.8258635683928244e-17
2.8358867607563835e-17
2.855933145483504e-17
2.865956337847066e-17
2.880991126392407e-17
2.9060491073013074e-17
2.9160722996648665e-17
2.93611868439199e-17
2.9511534729373284e-17
2.9661882614826696e-17
2.9862346462097903e-17
2.996257838573352e-17
3.016304223300473e-17
3.026327415664032e-17
3.0463738003911526e-17
3.056396992754714e-17
3.0664201851182733e-17
3.0814549736636145e-17
3.0964897622089557e-17
3.106512954572515e-17
3.121547743117856e-17
3.141594127844979e-17
3.156628916390318e-17
3.1766753011174387e-17
3.1967216858445594e-17
3.2117564743899006e-17
3.2318028591170213e-17
3.241826051480583e-17
3.266884032389483e-17
3.276907224753045e-17
3.286930417116604e-17
3.296953609480163e-17
3.3119883980255043e-17
3.322011590389066e-17
3.3320347827526275e-17
3.3420579751161867e-17
3.357092763661528e-17
3.372127552206869e-17
3.382150744570428e-17
3.3971855331157693e-17
3.4222435140246697e-17
3.432266706388231e-17
3.44730149493357e-17
3.4573246872971316e-17
3.467347879660693e-17
3.4823826682060344e-17
3.5024290529331526e-17
3.522475437660276e-17
3.5375102262056146e-17
3.552545014750956e-17
3.5625682071145174e-17
3.5725913994780765e-17
3.592637784205197e-17
3.602660976568759e-17
3.6176957651141e-17
3.627718957477659e-17
3.6427537460230003e-17
3.6527769383865595e-17
3.662800130750121e-17
3.6728233231136827e-17
3.6878581116590214e-17
3.7028929002043626e-17
3.7229392849314833e-17
3.732962477295045e-17
3.742985669658604e-17
3.7530088620221657e-17
3.768043650567507e-17
3.783078439112848e-17
3.813148016203528e-17
3.8331944009306487e-17
3.843217593294208e-17
3.8532407856577694e-17
3.863263978021331e-17
3.8883219589302313e-17
3.9033567474755725e-17
3.9133799398391316e-17
3.923403132202693e-17
3.938437920748032e-17
3.9484611131115936e-17
3.958484305475155e-17
3.978530690202276e-17
3.988553882565835e-17
3.9985770749293967e-17
4.008600267292956e-17
4.023635055838297e-17
4.043681440565418e-17
4.0537046329289793e-17
4.0787626138378797e-17
4.088785806201439e-17
4.10382059474678e-17
4.118855383292121e-17
4.128878575655683e-17
4.1439133642010215e-17
4.153936556564583e-17
4.1639597489281447e-17
4.189017729837045e-17
4.2140757107459453e-17
4.234122095473066e-17
4.2441452878366277e-17
4.254168480200187e-17
4.2792264611090896e-17
4.294261249654428e-17
4.30428444201799e-17
4.3243308267451107e-17
4.33435401910867e-17
4.349388807654011e-17
4.3794583847446933e-17
4.3944931732900345e-17
4.4095279618353757e-17
4.424562750380717e-17
4.434585942744276e-17
4.449620731289617e-17
4.4646555198349583e-17
4.479690308380297e-17
4.499736693107418e-17
4.514771481652759e-17
4.5247946740163206e-17
4.53481786637988e-17
4.549852654925221e-17
4.5598758472887825e-17
4.584933828197683e-17
4.599968616743024e-17
4.615003405288365e-17
4.6250265976519243e-17
4.6400613861972655e-17
4.6550961747426067e-17
4.6751425594697274e-17
4.690177348015066e-17
4.700200540378628e-17
4.725258521287528e-17
4.750316502196431e-17
4.775374483105331e-17
4.78539767546889e-17
4.8054440601960135e-17
4.820478848741352e-17
4.830502041104914e-17
4.8505484258320346e-17
4.860571618195596e-17
4.875606406740935e-17
4.8856295991044965e-17
4.905675983831617e-17
4.9207107723769584e-17
4.935745560922297e-17
4.945768753285859e-17
4.9557919456494203e-17
4.9658151380129795e-17
4.9758383303765386e-17
4.99087311892188e-17
5.010919503649003e-17
5.030965888376121e-17
5.056023869285024e-17
5.0660470616485857e-17
5.0810818501939244e-17
5.091105042557486e-17
5.106139831102827e-17
5.116163023466386e-17
5.1261862158299454e-17
5.136209408193507e-17
