4.946489085287088e-19
5.899336175010615e-19
7.805030354457421e-19
9.234300989042711e-19
1.0663571623627878e-18
1.2569265803074807e-18
1.3998536437659974e-18
1.4951383527383377e-18
1.6380654161968667e-18
1.7333501251692194e-18
1.9239195431139e-18
2.0192042520862527e-18
2.162131315544757e-18
2.4003430879756387e-18
2.5909125059203193e-18
2.8291242783511763e-18
2.924408987323529e-18
3.067336050782058e-18
3.2102631142405623e-18
3.305547823212915e-18
3.4008325321852676e-18
3.543759595643772e-18
3.686686659102301e-18
3.8772560770469816e-18
4.0201831405055106e-18
4.115467849477863e-18
4.448964330881073e-18
4.68717610331193e-18
4.7824608122842825e-18
4.973030230228963e-18
5.115957293687492e-18
5.2588843571459965e-18
5.4018114206045255e-18
5.497096129576878e-18
5.5923808385492184e-18
5.830592610980088e-18
5.925877319952428e-18
6.068804383410945e-18
6.1640890923832974e-18
6.259373801355638e-18
6.354658510327978e-18
6.497585573786507e-18
6.640512637245024e-18
6.831082055189717e-18
7.021651473134397e-18
7.164578536592926e-18
7.307505600051443e-18
7.402790309023783e-18
7.545717372482312e-18
7.736286790426993e-18
7.879213853885522e-18
7.974498562857875e-18
8.069783271830203e-18
8.165067980802555e-18
8.307995044261084e-18
8.403279753233412e-18
8.546206816691941e-18
8.641491525664294e-18
8.736776234636622e-18
9.070272716039844e-18
9.308484488470713e-18
9.451411551929218e-18
9.54669626090157e-18
9.641980969873923e-18
9.784908033332427e-18
9.927835096790956e-18
1.021368922370799e-17
1.0308973932680342e-17
1.0451900996138859e-17
1.0642470414083552e-17
1.0833039832028232e-17
1.0928324541000585e-17
1.1023609249972938e-17
1.1261821022403795e-17
1.1357105731376147e-17
1.1547675149320828e-17
1.1690602212779357e-17
1.178588692175171e-17
1.1881171630724038e-17
1.2071741048668743e-17
1.2167025757641083e-17
1.2262310466613424e-17
1.2357595175585776e-17
1.2500522239044293e-17
1.2595806948016633e-17
1.2691091656988986e-17
1.2786376365961339e-17
1.2881661074933679e-17
1.3072230492878372e-17
1.3167515201850725e-17
1.3310442265309229e-17
1.3405726974281582e-17
1.3501011683253934e-17
1.3643938746712439e-17
1.3739223455684791e-17
1.3834508164657144e-17
1.3929792873629484e-17
1.4025077582601825e-17
1.4120362291574177e-17
1.421564700054653e-17
1.440621641849121e-17
1.454914348194974e-17
1.4692070545408244e-17
1.4930282317839125e-17
1.507320938129763e-17
1.53114211537285e-17
1.5454348217187016e-17
1.5597275280645545e-17
1.5787844698590225e-17
1.5883129407562578e-17
1.6026056471021082e-17
1.6121341179993435e-17
1.6264268243451964e-17
1.6359552952424304e-17
1.6550122370368997e-17
1.6693049433827514e-17
1.6788334142799854e-17
1.7026545915230724e-17
1.716947297868924e-17
1.7360042396633946e-17
1.750296946009245e-17
1.764589652355098e-17
1.7788823587009483e-17
1.797939300495419e-17
1.8122320068412693e-17
1.8312889486357398e-17
1.840817419532974e-17
1.850345890430208e-17
1.8694028322246784e-17
1.8789313031219125e-17
1.926573657608085e-17
1.9503948348511708e-17
1.9694517766456413e-17
1.9789802475428766e-17
1.9885087184401094e-17
2.0123298956831975e-17
2.0218583665804303e-17
2.0456795438235185e-17
2.0552080147207513e-17
2.0695007210666042e-17
2.0790291919638395e-17
2.0980861337583075e-17
2.1076146046555428e-17
2.117143075552778e-17
2.136200017347246e-17
2.1600211945903318e-17
2.169549665487567e-17
2.1790781363848024e-17
2.1933708427306528e-17
2.2076635490765057e-17
2.2219562554223586e-17
2.236248961768209e-17
2.250541668114062e-17
2.260070139011296e-17
2.26959860990853e-17
2.283891316254383e-17
2.293419787151617e-17
2.3124767289460862e-17
2.326769435291938e-17
2.3410621416377896e-17
2.36011908343226e-17
2.379176025226728e-17
2.3887044961239634e-17
2.3982329670211975e-17
2.412525673367049e-17
2.4363468506101348e-17
2.44587532150737e-17
2.4554037924046053e-17
2.4649322633018406e-17
2.479224969647691e-17
2.493517675993544e-17
2.503046146890778e-17
2.512574617788012e-17
2.526867324133865e-17
2.545924265928333e-17
2.5554527368255682e-17
2.5649812077228035e-17
2.5745096786200363e-17
2.5888023849658892e-17
2.6078593267603585e-17
2.6173877976575925e-17
2.6269162685548278e-17
2.6507374457979135e-17
2.6650301521437664e-17
2.6793228584896168e-17
2.6936155648354697e-17
2.7079082711813226e-17
2.7269652129757907e-17
2.74602215477026e-17
2.7650790965647293e-17
2.7746075674619646e-17
2.788900273807815e-17
2.8079572156022855e-17
2.822249921948136e-17
2.836542628293989e-17
2.846071099191224e-17
2.865128040985692e-17
2.888949218228778e-17
2.903241924574631e-17
2.9270631018177165e-17
2.946120043612187e-17
2.955648514509421e-17
2.965176985406655e-17
2.9842339272011256e-17
2.998526633546976e-17
3.0080551044442113e-17
3.0175835753414466e-17
3.0271120462386794e-17
3.0366405171359146e-17
3.055697458930384e-17
3.0842828716220885e-17
3.098575577967939e-17
3.108104048865174e-17
3.1176325197624095e-17
3.1271609906596435e-17
3.141453697005495e-17
3.165274874248581e-17
3.174803345145816e-17
3.189096051491669e-17
3.203388757837522e-17
3.212917228734755e-17
3.2224456996319875e-17
3.231974170529223e-17
3.246266876875076e-17
3.2605595832209286e-17
3.2748522895667815e-17
3.293909231361247e-17
3.3034377022584824e-17
3.3129661731557176e-17
3.336787350398806e-17
3.3558442921932714e-17
3.370136998539124e-17
3.3939581757822125e-17
3.413015117576683e-17
3.422543588473916e-17
3.4463647657170015e-17
3.474950178408707e-17
3.4940071202031753e-17
3.508299826549026e-17
3.5225925328948787e-17
3.5368852392407316e-17
3.546413710137967e-17
3.555942181035202e-17
3.5797633582782853e-17
3.608348770969991e-17
3.6178772418672264e-17
3.636934183661692e-17
3.651226890007545e-17
3.66075536090478e-17
3.675048067250633e-17
3.6845765381478683e-17
3.698869244493719e-17
3.717926186288187e-17
3.7369831280826574e-17
3.75127583442851e-17
3.7703327762229783e-17
3.779861247120211e-17
3.7989181889146817e-17
3.8132108952605346e-17
3.8275036016063875e-17
3.846560543400853e-17
3.8656174851953236e-17
3.875145956092559e-17
3.884674426989794e-17
3.9037313687842646e-17
3.9180240751301126e-17
3.927552546027348e-17
3.9466094878218184e-17
3.9561379587190537e-17
3.965666429616289e-17
3.9847233714107545e-17
4.008544548653843e-17
4.027601490448313e-17
4.0371299613455485e-17
4.0514226676913965e-17
4.070479609485867e-17
4.080008080383102e-17
4.094300786728955e-17
4.118121963972041e-17
4.1276504348692737e-17
4.137178905766509e-17
4.146707376663744e-17
4.1562358475609795e-17
4.1705285539068324e-17
4.1800570248040676e-17
4.203878202047151e-17
4.218170908393004e-17
4.227699379290239e-17
4.2467563210847096e-17
4.2562847919819424e-17
4.265813262879175e-17
4.2753417337764104e-17
4.2848702046736457e-17
4.303927146468116e-17
4.3134556173653515e-17
4.3277483237111995e-17
4.337276794608435e-17
4.3515695009542876e-17
4.3658622073001405e-17
4.3801549136459934e-17
4.394447619991844e-17
4.4039760908890766e-17
4.413504561786312e-17
4.423033032683547e-17
4.442089974478018e-17
4.4563826808238706e-17
4.4659111517211034e-17
4.475439622618336e-17
4.4849680935155715e-17
4.504025035310042e-17
4.518317741655895e-17
4.5326104480017453e-17
4.542138918898978e-17
4.565960096142066e-17
4.5754885670393016e-17
4.585017037936537e-17
4.594545508833772e-17
4.60883821517962e-17
4.6183666860768553e-17
4.6278951569740906e-17
4.637423627871326e-17
4.646952098768561e-17
4.670773276011647e-17
4.685065982357497e-17
4.69935868870335e-17
4.713651395049203e-17
4.7231798659464383e-17
4.737472572292291e-17
4.7470010431895216e-17
4.7612937495353745e-17
4.7851149267784626e-17
4.7994076331243155e-17
4.813700339470166e-17
4.8375215167132517e-17
4.847049987610487e-17
4.856578458507722e-17
4.8661069294049574e-17
4.880399635750808e-17
4.8946923420966583e-17
4.908985048442511e-17
4.923277754788364e-17
4.937570461134217e-17
4.966155873825918e-17
4.975684344723153e-17
4.9852128156203884e-17
4.9947412865176237e-17
5.004269757414859e-17
5.0185624637607094e-17
5.042383641003795e-17
5.056676347349648e-17
5.066204818246883e-17
5.080497524592736e-17
5.099554466387202e-17
5.12337564363029e-17
