3.6774176760453197e-19
5.263395151741232e-19
6.849372627437021e-19
7.90669094456767e-19
9.492668420263458e-19
1.0549986737394108e-18
1.1607305054524633e-18
1.4250600847351071e-18
1.6365237481612246e-18
2.0594510750134473e-18
2.2709147384395648e-18
2.3766465701526174e-18
2.4823784018656823e-18
2.640976149435261e-18
2.7995738970048524e-18
2.9581716445744436e-18
3.063903476287496e-18
3.1696353080005487e-18
3.2753671397136136e-18
3.3810989714266662e-18
3.486830803139731e-18
3.64542855070931e-18
3.8568922141354275e-18
4.2798195409876625e-18
4.385551372700715e-18
4.649880951983359e-18
4.861344615409476e-18
5.12567419469212e-18
5.231406026405173e-18
5.337137858118238e-18
5.4957356056878165e-18
5.812931100826987e-18
5.971528848396578e-18
6.130126595966169e-18
6.394456175248813e-18
6.605919838674918e-18
6.764517586244509e-18
6.870249417957562e-18
7.028847165527153e-18
7.187444913096744e-18
7.346042660666323e-18
7.768969987518546e-18
8.139031398514254e-18
8.297629146083833e-18
8.456226893653425e-18
8.561958725366477e-18
8.667690557079542e-18
8.773422388792595e-18
8.932020136362186e-18
9.037751968075238e-18
9.143483799788303e-18
9.354947463214408e-18
9.513545210784e-18
9.619277042497052e-18
9.725008874210117e-18
9.83074070592317e-18
9.989338453492761e-18
1.0095070285205814e-17
1.0200802116918878e-17
1.0306533948631931e-17
1.0465131696201522e-17
1.0623729443771101e-17
1.0782327191340692e-17
1.0940924938910271e-17
1.1046656770623336e-17
1.131098634990598e-17
1.1469584097475559e-17
1.162818184504515e-17
1.1786779592614741e-17
1.1892511424327794e-17
1.2051109171897385e-17
1.2209706919466964e-17
1.2315438751180029e-17
1.2421170582893081e-17
1.2526902414606134e-17
1.2632634246319199e-17
1.2738366078032251e-17
1.2844097909745316e-17
1.3002695657314895e-17
1.3319891152454065e-17
1.3531354815880183e-17
1.3689952563449774e-17
1.3795684395162827e-17
1.4007148058588944e-17
1.4112879890301997e-17
1.4271477637871588e-17
1.4482941301297693e-17
1.4588673133010758e-17
1.469440496472381e-17
1.4800136796436875e-17
1.4905868628149928e-17
1.5223064123289098e-17
1.5434527786715216e-17
1.5540259618428268e-17
1.5645991450141333e-17
1.585745511356745e-17
1.5963186945280503e-17
1.6068918776993556e-17
1.6227516524563147e-17
1.63332483562762e-17
1.6597577935558843e-17
1.6756175683128435e-17
1.6914773430698026e-17
1.712623709412413e-17
1.7231968925837196e-17
1.7337700757550248e-17
1.749629850511984e-17
1.7602030336832892e-17
1.7866359916115536e-17
1.8024957663685127e-17
1.8183555411254706e-17
1.8342153158824297e-17
1.850075090639389e-17
1.860648273810694e-17
1.881794640153306e-17
1.8976544149102637e-17
1.924087372838528e-17
1.9346605560098346e-17
1.9505203307667925e-17
1.9822398802807107e-17
1.9980996550376686e-17
2.0192460213802804e-17
2.0298192045515856e-17
2.0509655708941974e-17
2.0668253456511565e-17
2.0773985288224618e-17
2.0932583035794197e-17
2.1091180783363788e-17
2.119691261507684e-17
2.1302644446789905e-17
2.1514108110216023e-17
2.1778437689498667e-17
2.188416952121172e-17
2.1989901352924772e-17
2.220136501635089e-17
2.235996276392048e-17
2.251856051149006e-17
2.2730024174916177e-17
2.2888621922485768e-17
2.299435375419882e-17
2.3205817417624938e-17
2.331154924933799e-17
2.3417281081051056e-17
2.3523012912764108e-17
2.36816106603337e-17
2.3840208407903278e-17
2.3945940239616343e-17
2.4051672071329396e-17
2.447459939818163e-17
2.4580331229894683e-17
2.47917948933208e-17
2.4897526725033853e-17
2.510899038845997e-17
2.5214722220173036e-17
2.5373319967742615e-17
2.547905179945568e-17
2.5637649547025258e-17
2.579624729459485e-17
2.595484504216443e-17
2.6166308705590546e-17
2.627204053730361e-17
2.6377772369016664e-17
2.658923603244278e-17
2.6694967864155834e-17
2.6853565611725425e-17
2.7065029275151542e-17
2.7170761106864595e-17
2.7382224770290712e-17
2.754082251786029e-17
2.775228618128641e-17
2.785801801299946e-17
2.7963749844712526e-17
2.817521350813863e-17
2.838667717156475e-17
2.854527491913434e-17
2.870387266670392e-17
2.886247041427351e-17
2.896820224598656e-17
2.907393407769963e-17
2.9232531825269207e-17
2.9443995488695324e-17
2.9602593236264915e-17
2.970832506797797e-17
2.991978873140407e-17
3.0078386478973664e-17
3.0236984226543255e-17
3.044844788996936e-17
3.060704563753895e-17
3.071277746925203e-17
3.081850930096506e-17
3.097710704853465e-17
3.1241436627817317e-17
3.1558632122956474e-17
3.1717229870526066e-17
3.182296170223912e-17
3.192869353395217e-17
3.2193023113234815e-17
3.2351620860804406e-17
3.2510218608374e-17
3.27216822718001e-17
3.293314593522621e-17
3.3038877766939285e-17
3.314460959865234e-17
3.335607326207847e-17
3.3514671009648033e-17
3.377900058893068e-17
3.393759833650027e-17
3.404333016821332e-17
3.4360525663352503e-17
3.4466257495065556e-17
3.462485524263515e-17
3.47305870743482e-17
3.483631890606125e-17
3.494205073777433e-17
3.504778256948736e-17
3.5153514401200435e-17
3.525924623291349e-17
3.536497806462654e-17
3.547070989633962e-17
3.5629307643909184e-17
3.5787905391478775e-17
3.589363722319183e-17
3.610510088661793e-17
3.6263698634187524e-17
3.63694304659006e-17
3.6475162297613654e-17
3.6580894129326706e-17
3.679235779275281e-17
3.689808962446589e-17
3.700382145617894e-17
3.7268151035461585e-17
3.7426748783031176e-17
3.758534653060074e-17
3.779681019402687e-17
3.811400568916603e-17
3.827260343673562e-17
3.8378335268448674e-17
3.8536933016018265e-17
3.864266484773132e-17
3.874839667944437e-17
3.885412851115745e-17
3.901272625872704e-17
3.911845809044007e-17
3.948851950143579e-17
3.9699983164861893e-17
3.996431274414454e-17
4.0070044575857614e-17
4.028150823928372e-17
4.044010598685331e-17
4.0545837818566363e-17
4.0651569650279416e-17
4.081016739784901e-17
4.09687651454186e-17
4.107449697713165e-17
4.1285960640557756e-17
4.144455838812735e-17
4.15502902198404e-17
4.1761753883266505e-17
4.186748571497958e-17
4.207894937840569e-17
4.223754712597528e-17
4.234327895768833e-17
4.2449010789401384e-17
4.2607608536970975e-17
4.2766206284540566e-17
4.292480403211016e-17
4.308340177967975e-17
4.31891336113928e-17
4.334773135896237e-17
4.35591950223885e-17
4.366492685410155e-17
4.382352460167114e-17
4.4034988265097246e-17
4.4140720096810324e-17
4.424645192852335e-17
4.435218376023643e-17
4.451078150780602e-17
4.482797700294518e-17
4.493370883465823e-17
4.51980384139409e-17
4.5303770245653927e-17
4.5409502077367004e-17
4.5515233909080057e-17
4.567383165664965e-17
4.588529532007575e-17
4.6043893067645344e-17
4.63610885627845e-17
4.6519686310354093e-17
4.662541814206717e-17
4.673114997378022e-17
4.688974772134979e-17
4.6995479553062867e-17
4.710121138477592e-17
4.720694321648897e-17
4.741840687991508e-17
4.757700462748467e-17
4.7682736459197745e-17
4.789420012262385e-17
4.805279787019344e-17
4.821139561776303e-17
4.8317127449476086e-17
4.8634322944615243e-17
4.8792920692184835e-17
4.905725027146748e-17
4.94273116824632e-17
4.953304351417623e-17
4.9638775345889305e-17
4.9797373093458896e-17
5.0008836756885e-17
5.0114568588598054e-17
5.0220300420311106e-17
5.0326032252024183e-17
5.048462999959375e-17
5.069609366301988e-17
5.085469141058947e-17
5.101328915815904e-17
5.111902098987209e-17
5.133048465329822e-17
