4.373810589307189e-19
5.302612639762443e-19
8.08901879112845e-19
9.017820841583704e-19
9.946622892038957e-19
1.0875424942494334e-18
1.2268628018177215e-18
1.3661831093860218e-18
1.5055034169543222e-18
1.6448237245226103e-18
1.7841440320909106e-18
1.9234643396591987e-18
2.0163445447047364e-18
2.1092247497502617e-18
2.2021049547957994e-18
2.3414252623640998e-18
2.434305467409625e-18
2.5271856724551505e-18
2.7129460825462136e-18
2.852266390114514e-18
2.991586697682802e-18
3.1309070052511024e-18
3.2702273128194028e-18
3.4559877229104535e-18
3.6417481330015165e-18
3.781068440569817e-18
3.920388748138105e-18
4.059709055706405e-18
4.152589260751931e-18
4.338349670843006e-18
4.4312298758885315e-18
4.524110080934057e-18
4.663430388502357e-18
4.8027506960706576e-18
4.942071003638946e-18
5.127831413730009e-18
5.313591823821072e-18
5.406472028866597e-18
5.499352233912135e-18
5.638672541480423e-18
5.824432951571486e-18
5.917313156617011e-18
6.010193361662549e-18
6.149513669230849e-18
6.381714181844675e-18
6.521034489412963e-18
6.613914694458501e-18
6.706794899504026e-18
6.8461152070723265e-18
6.985435514640615e-18
7.171195924731678e-18
7.264076129777215e-18
7.542716744913804e-18
7.635596949959329e-18
7.821357360050392e-18
8.007117770141455e-18
8.239318282755281e-18
8.378638590323581e-18
8.51795889789187e-18
8.703719307982932e-18
8.843039615551233e-18
8.982359923119521e-18
9.075240128165059e-18
9.168120333210584e-18
9.307440640778884e-18
9.40032084582441e-18
9.493201050869947e-18
9.678961460960998e-18
9.771841666006536e-18
1.0004042178620362e-17
1.0329122896279725e-17
1.042200310132525e-17
1.056132340889355e-17
1.0700643716461839e-17
1.0839964024030139e-17
1.0932844229075664e-17
1.1025724434121202e-17
1.1118604639166728e-17
1.1211484844212253e-17
1.1443685356826079e-17
1.1583005664394379e-17
1.1768766074485442e-17
1.204740668962203e-17
1.2186726997190331e-17
1.2279607202235856e-17
1.2418927509804157e-17
1.260468791989522e-17
1.2697568124940745e-17
1.2836888432509045e-17
1.2976208740077333e-17
1.3115529047645634e-17
1.3301289457736697e-17
1.3440609765304985e-17
1.3533489970350523e-17
1.3765690482964348e-17
1.3858570688009874e-17
1.395145089305541e-17
1.4044331098100937e-17
1.4230091508192e-17
1.4415851918283063e-17
1.464805243089689e-17
1.478737273846519e-17
1.5019573251079015e-17
1.5205333661170065e-17
1.5298213866215603e-17
1.5483974276306666e-17
1.5623294583874954e-17
1.5716174788920492e-17
1.5809054993966017e-17
1.5948375301534318e-17
1.6041255506579843e-17
1.6180575814148143e-17
1.6366336224239206e-17
1.6459216429284732e-17
1.6598536736853032e-17
1.6691416941898558e-17
1.6923617454512383e-17
1.7248698172171747e-17
1.7434458582262797e-17
1.7573778889831098e-17
1.7713099197399398e-17
1.7945299710013224e-17
1.8084620017581524e-17
1.8223940325149812e-17
1.8363260632718113e-17
1.85025809402864e-17
1.859546114533194e-17
1.8734781452900227e-17
1.8874101760468527e-17
1.8966981965514052e-17
1.905986217055959e-17
1.9292062683173416e-17
1.938494288821894e-17
1.9570703298310004e-17
1.9710023605878305e-17
1.980290381092383e-17
1.994222411849213e-17
2.0035104323537656e-17
2.022086473362872e-17
2.0313744938674256e-17
2.0453065246242544e-17
2.0545945451288082e-17
2.068526575885637e-17
2.0917466271470196e-17
2.1056786579038496e-17
2.1288987091652322e-17
2.1381867296697847e-17
2.1474747501743385e-17
2.1614067809311673e-17
2.170694801435721e-17
2.1892708424448274e-17
2.2032028732016562e-17
2.2171349039584862e-17
2.2264229244630388e-17
2.2357109449675925e-17
2.244998965472145e-17
2.2635750064812514e-17
2.272863026985804e-17
2.2821510474903577e-17
2.300727088499464e-17
2.3146591192562928e-17
2.3239471397608466e-17
2.347167191022229e-17
2.361099221779058e-17
2.3796752627881642e-17
2.388963283292718e-17
2.3982513037972705e-17
2.4261153653109294e-17
2.4400473960677594e-17
2.449335416572312e-17
2.4586234370768657e-17
2.4725554678336945e-17
2.4864874985905246e-17
2.505063539599631e-17
2.5236395806087372e-17
2.537571611365566e-17
2.5468596318701198e-17
2.5561476523746723e-17
2.579367703636055e-17
2.5886557241406086e-17
2.5979437446451612e-17
2.607231765149715e-17
2.6211637959065438e-17
2.63973983691565e-17
2.6490278574202026e-17
2.667603898429309e-17
2.6768919189338627e-17
2.6861799394384152e-17
2.6954679599429677e-17
2.7047559804475215e-17
2.714044000952074e-17
2.7372640522134566e-17
2.7465520727180104e-17
2.769772123979393e-17
2.783704154736223e-17
2.797636185493052e-17
2.816212226502158e-17
2.830144257258988e-17
2.844076288015817e-17
2.853364308520371e-17
2.8672963392771995e-17
2.890516390538582e-17
2.899804411043136e-17
2.9137364417999647e-17
2.9230244623045184e-17
2.946244513565901e-17
2.9555325340704536e-17
2.9694645648272836e-17
2.978752585331836e-17
2.98804060583639e-17
2.9973286263409424e-17
3.006616646845496e-17
3.015904667350049e-17
3.0530567493682614e-17
3.062344769872814e-17
3.076276800629644e-17
3.090208831386473e-17
3.0994968518910265e-17
3.108784872395579e-17
3.1273609134046853e-17
3.136648933909238e-17
3.1598689851706217e-17
3.169157005675174e-17
3.178445026179727e-17
3.206309087693387e-17
3.2202411184502156e-17
3.2481051799638745e-17
3.257393200468428e-17
3.266681220972981e-17
3.2759692414775346e-17
3.285257261982087e-17
3.3084773132434697e-17
3.317765333748022e-17
3.331697364504852e-17
3.345629395261682e-17
3.3595614260185123e-17
3.3781374670276174e-17
3.401357518289e-17
3.41528954904583e-17
3.433865590054936e-17
3.447797620811765e-17
3.461729651568595e-17
3.4710176720731477e-17
3.484949702829978e-17
3.49423772333453e-17
3.503525743839084e-17
3.5128137643436366e-17
3.5267457951004666e-17
3.536033815605019e-17
3.563897877118679e-17
3.577829907875508e-17
3.591761938632338e-17
3.6103379796414444e-17
3.624270010398273e-17
3.633558030902827e-17
3.6428460514073795e-17
3.6567780821642095e-17
3.679998133425592e-17
3.6985741744346984e-17
3.712506205191527e-17
3.721794225696081e-17
3.7450142769574635e-17
3.7589463077142936e-17
3.7728783384711224e-17
3.7868103692279524e-17
3.796098389732505e-17
3.805386410237059e-17
3.814674430741611e-17
3.828606461498441e-17
3.837894482002994e-17
3.8611145332643764e-17
3.8750465640212064e-17
3.8936226050303115e-17
3.9075546357871415e-17
3.9354186973008004e-17
3.958638748562184e-17
3.967926769066737e-17
3.977214789571289e-17
3.986502810075843e-17
4.000434840832672e-17
4.014366871589502e-17
4.0236548920940544e-17
4.0375869228508845e-17
4.056162963859991e-17
4.065450984364543e-17
4.0840270253736496e-17
4.116535097139585e-17
4.1258231176441385e-17
4.139755148400967e-17
4.1536871791577973e-17
4.1722632201669036e-17
4.1861952509237337e-17
4.195483271428286e-17
4.218703322689669e-17
4.237279363698775e-17
4.2465673842033276e-17
4.2558554047078814e-17
4.265143425212434e-17
4.2883634764738165e-17
4.2976514969783715e-17
4.3069395174829216e-17
4.3208715482397516e-17
4.3348035789965816e-17
4.3487356097534117e-17
4.371955661014794e-17
4.385887691771624e-17
4.4044637327807294e-17
4.413751753285282e-17
4.423039773789837e-17
4.4323277942943894e-17
4.4462598250512195e-17
4.4648358660603246e-17
4.474123886564877e-17
4.483411907069432e-17
4.4926999275739846e-17
4.506631958330812e-17
4.515919978835367e-17
4.52520799933992e-17
4.53914003009675e-17
4.5484280506013023e-17
4.5670040916104074e-17
4.5948681531240675e-17
4.60415617362862e-17
4.61808820438545e-17
4.63202023514228e-17
4.6413082556468326e-17
4.6505962761513876e-17
4.664528306908215e-17
4.683104347917323e-17
4.692392368421875e-17
4.706324399178703e-17
4.729544450440088e-17
4.7574085119537455e-17
4.775984552962853e-17
4.789916583719683e-17
4.8038486144765106e-17
4.827068665737893e-17
4.841000696494723e-17
4.850288716999278e-17
4.8595767375038283e-17
4.8827967887652133e-17
4.892084809269766e-17
4.9013728297743184e-17
4.910660850278871e-17
4.9199488707834235e-17
4.9338809015402535e-17
4.9431689220448085e-17
4.9524569425493586e-17
4.9663889733061886e-17
4.9756769938107436e-17
4.984965014315296e-17
4.998897045072124e-17
5.022117096333509e-17
5.036049127090339e-17
5.054625168099444e-17
5.073201209108549e-17
5.087133239865379e-17
5.101065270622209e-17
5.114997301379039e-17
5.128929332135869e-17
