3.563444654654222e-19
4.519370213418294e-19
5.953258551564217e-19
6.909184110328165e-19
7.865109669092114e-19
8.821035227856062e-19
1.0254923566002108e-18
1.121084912476618e-18
1.3600663021676052e-18
1.455658858044e-18
1.6946402477350118e-18
1.933621637425999e-18
2.0770104712405913e-18
2.172603027116986e-18
2.268195582993381e-18
2.4593806947461954e-18
2.6027695285607876e-18
2.6983620844371825e-18
2.7939546403135774e-18
2.9851397520663794e-18
3.128528585880984e-18
3.224121141757379e-18
3.3197136976337737e-18
3.4153062535101686e-18
3.606491365262958e-18
3.749880199077575e-18
3.8932690328921675e-18
4.03665786670676e-18
4.132250422583155e-18
4.275639256397759e-18
4.419028090212364e-18
4.562416924026956e-18
4.753602035779746e-18
4.944787147532548e-18
5.0881759813471526e-18
5.32715737103814e-18
5.4227499269145346e-18
5.5183424827909294e-18
5.661731316605546e-18
5.805120150420139e-18
5.996305262172928e-18
6.091897818049323e-18
6.330879207740335e-18
6.42647176361673e-18
6.522064319493125e-18
6.7132494312459145e-18
6.856638265060507e-18
7.000027098875124e-18
7.143415932689716e-18
7.239008488566111e-18
7.334601044442506e-18
7.477989878257098e-18
7.621378712071715e-18
7.71697126794811e-18
7.812563823824505e-18
7.955952657639097e-18
8.099341491453689e-18
8.242730325268294e-18
8.433915437021096e-18
8.625100548773886e-18
8.911878216403082e-18
9.103063328155885e-18
9.246452161970477e-18
9.485433551661464e-18
9.581026107537883e-18
9.772211219290673e-18
9.915600053105265e-18
1.0058988886919858e-17
1.0202377720734462e-17
1.0441359110425462e-17
1.0632544222178252e-17
1.0871525611869251e-17
1.0967118167745658e-17
1.111050700156025e-17
1.1253895835374843e-17
1.1349488391251238e-17
1.1684062336818644e-17
1.1827451170633237e-17
1.2018636282386026e-17
1.2162025116200631e-17
1.2257617672077038e-17
1.2448802783829828e-17
1.259219161764442e-17
1.2687784173520815e-17
1.283117300733542e-17
1.2974561841150024e-17
1.3165746952902814e-17
1.3356932064655604e-17
1.3643709732284813e-17
1.3834894844037603e-17
1.3930487399913997e-17
1.4121672511666787e-17
1.4265061345481404e-17
1.43606539013578e-17
1.450404273517239e-17
1.4790820402801588e-17
1.4934209236616193e-17
1.5029801792492588e-17
1.5125394348368982e-17
1.5268783182183575e-17
1.536437573805997e-17
1.5459968293936377e-17
1.560335712775098e-17
1.5698949683627376e-17
1.5890134795380166e-17
1.6081319907132956e-17
1.627250501888577e-17
1.646369013063856e-17
1.6559282686514955e-17
1.6702671520329547e-17
1.689385663208236e-17
1.6989449187958756e-17
1.7228430577649743e-17
1.7324023133526138e-17
1.7467411967340755e-17
1.7658597079093545e-17
1.775418963496994e-17
1.7849782190846335e-17
1.7993171024660927e-17
1.8136559858475544e-17
1.8279948692290136e-17
1.8471133804042926e-17
1.8614522637857518e-17
1.8757911471672123e-17
1.8949096583424925e-17
1.9092485417239517e-17
1.923587425105411e-17
1.947485564074512e-17
1.9618244474559713e-17
1.9809429586312503e-17
1.9952818420127095e-17
2.014400353187991e-17
2.0287392365694502e-17
2.0478577477447292e-17
2.066976258920008e-17
2.07653551450765e-17
2.0860947700952896e-17
2.095654025682929e-17
2.1099929090643883e-17
2.1195521646520278e-17
2.1291114202396673e-17
2.1482299314149487e-17
2.162568814796408e-17
2.1769076981778672e-17
2.1912465815593264e-17
2.2199243483222473e-17
2.2390428594975263e-17
2.2486021150851658e-17
2.267720626260446e-17
2.2820595096419064e-17
2.3011780208171854e-17
2.3202965319924644e-17
2.3394150431677458e-17
2.3489742987553853e-17
2.3585335543430248e-17
2.3680928099306643e-17
2.3776520655183038e-17
2.3967705766935827e-17
2.4158890878688642e-17
2.4302279712503234e-17
2.454126110219422e-17
2.4684649936008826e-17
2.4923631325699825e-17
2.5114816437452615e-17
2.5306001549205417e-17
2.5449390383020022e-17
2.568837177271101e-17
2.58317606065256e-17
2.6022945718278415e-17
2.611853827415481e-17
2.6214130830031205e-17
2.6357519663845797e-17
2.6453112219722192e-17
2.6548704775598587e-17
2.6644297331474994e-17
2.67876861652896e-17
2.6883278721165994e-17
2.697887127704239e-17
2.7074463832918784e-17
2.7170056388795178e-17
2.7265648944671573e-17
2.740903777848619e-17
2.7504630334362585e-17
2.7648019168177177e-17
2.779140800199177e-17
2.7887000557868164e-17
2.7982593113744584e-17
2.8173778225497374e-17
2.841275961518836e-17
2.8556148449002953e-17
2.865174100487937e-17
2.889072239457036e-17
2.908190750632315e-17
2.9177500062199544e-17
2.932088889601416e-17
2.9416481451890556e-17
2.955987028570515e-17
2.970325911951974e-17
2.9798851675396136e-17
2.994224050921074e-17
3.0085629343025345e-17
3.018122189890174e-17
3.0276814454778135e-17
3.0420203288592727e-17
3.051579584446912e-17
3.065918467828374e-17
3.085036979003653e-17
3.0945962345912923e-17
3.104155490178932e-17
3.118494373560391e-17
3.128053629148033e-17
3.1376128847356725e-17
3.1567313959109514e-17
3.166290651498591e-17
3.18062953488005e-17
3.1997480460553316e-17
3.2188665572306106e-17
3.22842581281825e-17
3.247544323993529e-17
3.261883207374991e-17
3.27144246296263e-17
3.290560974137909e-17
3.3001202297255487e-17
3.314459113107008e-17
3.3287979964884696e-17
3.3479165076637486e-17
3.371814646632847e-17
3.386153530014308e-17
3.4100516689834077e-17
3.419610924571047e-17
3.4339498079525064e-17
3.4482886913339656e-17
3.4578479469216076e-17
3.467407202509247e-17
3.481746085890706e-17
3.505644224859805e-17
3.5247627360350864e-17
3.534321991622726e-17
3.5438812472103654e-17
3.567779386179464e-17
3.5868978973547456e-17
3.601236780736205e-17
3.610796036323844e-17
3.6251349197053035e-17
3.634694175292943e-17
3.6490330586744035e-17
3.663371942055864e-17
3.6729311976435034e-17
3.6872700810249626e-17
3.7063885922002416e-17
3.720727475581703e-17
3.730286731169343e-17
3.744625614550802e-17
3.758964497932261e-17
3.7780830091075414e-17
3.792421892489002e-17
3.8019811480766414e-17
3.811540403664281e-17
3.82587928704574e-17
3.849777426014841e-17
3.8641163093963005e-17
3.87367556498394e-17
3.888014448365399e-17
3.907132959540678e-17
3.935810726303599e-17
3.9501496096850584e-17
3.9692681208603373e-17
3.983607004241799e-17
4.002725515417078e-17
4.0122847710047175e-17
4.021844026592357e-17
4.045742165561458e-17
4.0553014211490976e-17
4.064860676736737e-17
4.0744199323243766e-17
4.0935384434996556e-17
4.107877326881116e-17
4.117436582468757e-17
4.136555093644036e-17
4.165232860406954e-17
4.174792115994595e-17
4.1891309993760554e-17
4.2034698827575146e-17
4.213029138345154e-17
4.2225883939327936e-17
4.232147649520433e-17
4.2512661606957145e-17
4.265605044077174e-17
4.2847235552524527e-17
4.294282810840092e-17
4.303842066427733e-17
4.3181809498091933e-17
4.3372994609844723e-17
4.351638344365933e-17
4.370756855541212e-17
4.380316111128851e-17
4.389875366716491e-17
4.39943462230413e-17
4.413773505685592e-17
4.428112389067051e-17
4.45201052803615e-17
4.4615697836237893e-17
4.471129039211429e-17
4.4854679225928905e-17
4.5045864337681695e-17
4.5237049449434485e-17
4.533264200531088e-17
4.54282345611873e-17
4.5715012228816484e-17
4.581060478469288e-17
4.5906197340569273e-17
4.609738245232209e-17
4.619297500819848e-17
4.638416011995127e-17
4.6527548953765864e-17
4.6670937787580457e-17
4.690991917727147e-17
4.724449312283885e-17
4.748347451252986e-17
4.767465962428265e-17
4.791364101397364e-17
4.8009233569850034e-17
4.8104826125726454e-17
4.8248214959541046e-17
4.834380751541744e-17
4.8439400071293836e-17
4.867838146098485e-17
4.882177029479944e-17
4.896515912861403e-17
4.9108547962428624e-17
4.920414051830502e-17
4.944312190799603e-17
4.9586510741810623e-17
4.982549213150161e-17
4.99688809653162e-17
5.006447352119262e-17
5.0207862355007214e-17
5.0399047466760004e-17
5.0590232578512794e-17
5.073362141232741e-17
5.0829213968203806e-17
5.09248065240802e-17
5.1020399079956595e-17
5.125938046964761e-17
