3.615272779286452e-19
6.668805715037439e-19
7.686650026954312e-19
9.213416494829867e-19
1.1758027274622294e-18
1.2775871586539413e-18
1.3793715898456286e-18
1.532048236633184e-18
1.6338326678248837e-18
1.786509314612427e-18
1.93918596139997e-18
2.0918626081875256e-18
2.2954314705709247e-18
2.4481081173584802e-18
2.5498925485501675e-18
2.702569195337723e-18
2.8043536265294226e-18
3.0588147045086776e-18
3.160599135700365e-18
3.41506021367962e-18
3.567736860467163e-18
3.771305722850562e-18
3.9239823696381055e-18
4.1784434476173606e-18
4.331120094404904e-18
4.432904525596603e-18
4.534688956788303e-18
4.840042250363402e-18
4.941826681555101e-18
5.2471799751302e-18
5.450748837513599e-18
5.603425484301142e-18
5.756102131088698e-18
5.857886562280385e-18
6.0105632090679405e-18
6.21413207145134e-18
6.315916502643039e-18
6.519485365026438e-18
6.7230542274098375e-18
6.824838658601525e-18
7.07929973658078e-18
7.18108416777248e-18
7.282868598964179e-18
7.435545245751722e-18
7.639114108135121e-18
7.740898539326833e-18
7.84268297051852e-18
7.94446740171022e-18
8.097144048497776e-18
8.198928479689463e-18
8.402497342072862e-18
8.555173988860417e-18
8.962311713627216e-18
9.064096144818915e-18
9.267665007202314e-18
9.471233869585714e-18
9.573018300777401e-18
9.725694947564956e-18
9.929263809948355e-18
1.028550931911931e-17
1.0438185965906853e-17
1.0590862612694397e-17
1.0947108121865339e-17
1.104889255305705e-17
1.125246141544045e-17
1.1354245846632137e-17
1.1456030277823849e-17
1.1608706924611392e-17
1.171049135580308e-17
1.1863168002590635e-17
1.201584464937819e-17
1.2270305727357433e-17
1.2372090158549133e-17
1.2626551236528388e-17
1.2728335667720075e-17
1.2881012314507618e-17
1.3084581176891018e-17
1.3237257823678573e-17
1.3339042254870273e-17
1.3491718901657816e-17
1.3695287764041215e-17
1.3898856626424614e-17
1.4000641057616314e-17
1.415331770440387e-17
1.4356886566787268e-17
1.461134764476651e-17
1.471313207595821e-17
1.481491650714991e-17
1.501848536953331e-17
1.5171162016320865e-17
1.5272946447512552e-17
1.5425623094300095e-17
1.5527407525491807e-17
1.5730976387875206e-17
1.588365303466275e-17
1.598543746585445e-17
1.6239898543833692e-17
1.6494359621812947e-17
1.6596144053004634e-17
1.6799712915388033e-17
1.695238956217559e-17
1.7105066208963144e-17
1.7257742855750688e-17
1.7512203933729943e-17
1.761398836492163e-17
1.7970233874092572e-17
1.817380273647597e-17
1.8428263814455226e-17
1.858094046124277e-17
1.8733617108030325e-17
1.8886293754817868e-17
1.8988078186009568e-17
1.914075483279711e-17
1.934432369518051e-17
1.954789255756391e-17
1.964967698875562e-17
1.9904138066734864e-17
2.0005922497926564e-17
2.0158599144714107e-17
2.0260383575905806e-17
2.0413060222693362e-17
2.051484465388505e-17
2.061662908507676e-17
2.0871090163056004e-17
2.102376680984356e-17
2.122733567222696e-17
2.1430904534610345e-17
2.1634473396993744e-17
2.1736257828185444e-17
2.1939826690568843e-17
2.2092503337356386e-17
2.2194287768548098e-17
2.234696441533564e-17
2.244874884652734e-17
2.2601425493314884e-17
2.2804994355698283e-17
2.295767100248584e-17
2.3059455433677526e-17
2.331391651165678e-17
2.341570094284848e-17
2.3568377589636036e-17
2.372105423642358e-17
2.3873730883211123e-17
2.4128191961190378e-17
2.4229976392382065e-17
2.438265303916962e-17
2.468800633274472e-17
2.4840682979532262e-17
2.514603627310736e-17
2.524782070429906e-17
2.534960513549076e-17
2.5502281782278316e-17
2.575674286025756e-17
2.60112039382368e-17
2.62147728006202e-17
2.6367449447407744e-17
2.6571018309791143e-17
2.6723694956578698e-17
2.6825479387770398e-17
2.6927263818962097e-17
2.7029048250153797e-17
2.7232617112537196e-17
2.738529375932474e-17
2.7639754837303994e-17
2.7741539268495682e-17
2.7843323699687394e-17
2.7996000346474937e-17
2.8097784777666636e-17
2.8301353640050035e-17
2.855581471802928e-17
2.875938358041268e-17
2.8962952442796077e-17
2.911562908958362e-17
2.9268305736371175e-17
2.9370090167562875e-17
2.952276681435042e-17
2.9675443461137974e-17
2.987901232352136e-17
2.998079675471307e-17
3.008258118590476e-17
3.018436561709647e-17
3.028615004828816e-17
3.0540611126267414e-17
3.074417998865081e-17
3.084596441984251e-17
3.094774885103421e-17
3.10495332822259e-17
3.115131771341761e-17
3.1303994360205167e-17
3.145667100699271e-17
3.15584554381844e-17
3.1711132084971965e-17
3.181291651616365e-17
3.1965593162951195e-17
3.2118269809738763e-17
3.222005424093045e-17
3.232183867212214e-17
3.247451531890968e-17
3.2728976396888936e-17
3.283076082808065e-17
3.2932545259272335e-17
3.30852219060599e-17
3.318700633725159e-17
3.339057519963499e-17
3.359414406201839e-17
3.374682070880593e-17
3.384860513999762e-17
3.405217400238104e-17
3.425574286476442e-17
3.445931172714784e-17
3.4611988373935384e-17
3.476466502072293e-17
3.4866449451914615e-17
3.5171802745489726e-17
3.542626382346898e-17
3.5578940470256524e-17
3.568072490144821e-17
3.583340154823578e-17
3.5935185979427466e-17
3.6036970410619154e-17
3.6138754841810865e-17
3.639321591979012e-17
3.649500035098181e-17
3.6596784782173495e-17
3.6698569213365207e-17
3.685124586015275e-17
3.7003922506940293e-17
3.736016801611126e-17
3.7563736878494635e-17
3.776730574087806e-17
3.7869090172069746e-17
3.802176681885729e-17
3.822533568124069e-17
3.837801232802823e-17
3.8530688974815774e-17
3.878515005279503e-17
3.888693448398674e-17
3.909050334637014e-17
3.919228777756183e-17
3.929407220875354e-17
3.9497641071136914e-17
3.9599425502328626e-17
3.9802994364712025e-17
4.0006563227095424e-17
4.015923987388297e-17
4.031191652067051e-17
4.046459316745808e-17
4.066816202984148e-17
4.082083867662902e-17
4.102440753901242e-17
4.112619197020411e-17
4.127886861699165e-17
4.138065304818336e-17
4.163511412616262e-17
4.178779077295016e-17
4.209314406652525e-17
4.2296712928908646e-17
4.2500281791292045e-17
4.265295843807959e-17
4.2805635084867156e-17
4.2907419516058844e-17
4.3009203947250556e-17
4.321277280963393e-17
4.33654494564215e-17
4.361991053440073e-17
4.372169496559244e-17
4.382347939678415e-17
4.3976156043571695e-17
4.4179724905955094e-17
4.428150933714678e-17
4.458686263072187e-17
4.4739539277509436e-17
4.4943108139892835e-17
4.504489257108452e-17
4.5146677002276234e-17
4.524846143346792e-17
4.5350245864659633e-17
4.545203029585132e-17
4.575738358942643e-17
4.601184466740566e-17
4.6113629098597374e-17
4.6368090176576604e-17
4.6469874607768316e-17
4.662255125455586e-17
4.672433568574757e-17
4.6877012332535115e-17
4.702968897932266e-17
4.71823656261102e-17
4.728415005730191e-17
4.73859344884936e-17
4.7589503350877e-17
4.774217999766454e-17
4.789485664445211e-17
4.8047533291239653e-17
4.814931772243134e-17
4.835288658481474e-17
4.845467101600645e-17
4.865823987838985e-17
4.886180874077325e-17
4.906537760315665e-17
4.931983868113588e-17
4.952340754351928e-17
4.962519197471099e-17
4.9777868621498534e-17
4.9879653052690246e-17
5.003232969947779e-17
5.0337682993052875e-17
5.043946742424459e-17
5.059214407103213e-17
5.079571293341553e-17
5.094838958020307e-17
5.105017401139476e-17
5.120285065818233e-17
