4.506351555590899e-19
6.0916864895204645e-19
7.67702142345003e-19
9.262356357379595e-19
1.0319246313332638e-18
1.1376136269285682e-18
1.296147120321537e-18
1.4018361159168414e-18
1.5075251115121457e-18
1.6660586049051023e-18
1.7717476005004066e-18
1.930281093893363e-18
2.141659085083984e-18
2.3001925784769407e-18
2.5115705696675494e-18
2.670104063060506e-18
2.8286375564534747e-18
2.934326552048779e-18
3.0928600454417356e-18
3.3042380366323443e-18
3.4099270322276486e-18
3.6741495212159095e-18
3.779838516811226e-18
3.8855275124065305e-18
4.044061005799487e-18
4.2025944991924436e-18
4.308283494787748e-18
4.4668169881807045e-18
4.572505983776021e-18
4.731039477168978e-18
4.836728472764282e-18
4.9952619661572385e-18
5.259484455145487e-18
5.365173450740816e-18
5.523706944133785e-18
5.7350849353243936e-18
5.893618428717338e-18
6.1049964199079465e-18
6.633441397884468e-18
6.791974891277437e-18
6.950508384670406e-18
7.267575371456319e-18
7.426108864849263e-18
7.79602034943284e-18
7.90170934502817e-18
8.00739834062345e-18
8.218776331814058e-18
8.377309825207027e-18
8.535843318599996e-18
8.800065807588244e-18
9.011443798778853e-18
9.117132794374182e-18
9.32851078556479e-18
9.59273327455304e-18
9.698422270148368e-18
9.804111265743648e-18
1.0068333754731921e-17
1.0226867248124865e-17
1.0491089737113163e-17
1.091384571949438e-17
1.112522371068499e-17
1.1283757204077958e-17
1.1389446199673238e-17
1.1495135195268567e-17
1.1653668688661511e-17
1.1759357684256815e-17
1.1970735675447424e-17
1.2234958164435697e-17
1.2446336155626306e-17
1.2710558644614579e-17
1.2816247640209884e-17
1.2921936635805188e-17
1.3186159124793436e-17
1.3714604102769983e-17
1.392598209396059e-17
1.4031671089555896e-17
1.419020458294884e-17
1.434873807634181e-17
1.4454427071937138e-17
1.4612960565330082e-17
1.4771494058723026e-17
1.5141405543306604e-17
1.5299939036699573e-17
1.5405628032294877e-17
1.5617006023485486e-17
1.5828384014676094e-17
1.6039762005866703e-17
1.6198295499259672e-17
1.640967349045028e-17
1.6515362486045585e-17
1.6726740477236194e-17
1.6832429472831498e-17
1.6938118468426802e-17
1.725518545521274e-17
1.751940794420099e-17
1.7625096939796293e-17
1.7783630433189262e-17
1.7889319428784566e-17
1.8312075411165784e-17
1.8470608904558752e-17
1.8576297900154057e-17
1.868198689574936e-17
1.8787675891344665e-17
1.889336488693997e-17
1.905189838033294e-17
1.9157587375928218e-17
1.9263276371523547e-17
1.9421809864916516e-17
1.9633187856107125e-17
1.9738876851702405e-17
1.9897410345095373e-17
2.0108788336285982e-17
2.032016632747659e-17
2.05315443186672e-17
2.063723331426253e-17
2.0795766807655473e-17
2.100714479884608e-17
2.116567829223905e-17
2.1429900781227323e-17
2.1694123270215572e-17
2.190550126140618e-17
2.201119025700151e-17
2.2275412745989758e-17
2.2381101741585063e-17
2.2539635234978007e-17
2.2645324230573336e-17
2.2803857723966305e-17
2.296239121735925e-17
2.3120924710752193e-17
2.3279458204145162e-17
2.349083619533577e-17
2.3755058684324044e-17
2.3913592177716988e-17
2.4019281173312317e-17
2.4230659164502926e-17
2.4442037155693534e-17
2.454772615128884e-17
2.4653415146884143e-17
2.4759104142479447e-17
2.507617112926536e-17
2.523470462265833e-17
2.5551771609444242e-17
2.5710305102837187e-17
2.5815994098432516e-17
2.5921683094027795e-17
2.6027372089623124e-17
2.6185905583016093e-17
2.6397283574206702e-17
2.6555817067599646e-17
2.666150606319495e-17
2.6767195058790255e-17
2.7031417547778528e-17
2.7137106543373832e-17
2.7295640036766776e-17
2.755986252575505e-17
2.777124051694568e-17
2.803546300593393e-17
2.8141152001529236e-17
2.829968549492218e-17
2.845821898831515e-17
2.856390798391048e-17
2.8828130472898726e-17
2.893381946849403e-17
2.9198041957482304e-17
2.930373095307761e-17
2.951510894426822e-17
2.977933143325649e-17
2.9937864926649434e-17
3.0096398420042403e-17
3.0413465406828316e-17
3.051915440242362e-17
3.0624843398018925e-17
3.0836221389209534e-17
3.104759938040014e-17
3.115328837599547e-17
3.1311821869388416e-17
3.141751086498372e-17
3.1523199860579024e-17
3.162888885617433e-17
3.17874223495673e-17
3.18931113451626e-17
3.2051644838555546e-17
3.2210178331948515e-17
3.2421556323139124e-17
3.263293431432973e-17
3.284431230552034e-17
3.295000130111567e-17
3.3108534794508614e-17
3.321422379010392e-17
3.347844627909219e-17
3.3584135274687496e-17
3.36898242702828e-17
3.3795513265878105e-17
3.390120226147341e-17
3.4006891257068713e-17
3.421826924825932e-17
3.437680274165229e-17
3.4482491737247595e-17
3.474671422623587e-17
3.490524771962881e-17
3.501093671522412e-17
3.5116625710819446e-17
3.5328003702010055e-17
3.5592226190998303e-17
3.569791518659361e-17
3.580360418218891e-17
3.601498217337952e-17
3.617351566677249e-17
3.633204916016546e-17
3.6649116146951347e-17
3.686049413814198e-17
3.6966183133737284e-17
3.707187212933259e-17
3.723040562272553e-17
3.73889391161185e-17
3.775885060070208e-17
3.791738409409505e-17
3.8181606583083297e-17
3.8340140076476266e-17
3.8498673569869234e-17
3.8710051561059843e-17
3.892142955225045e-17
3.902711854784573e-17
3.91856520412387e-17
3.939703003242931e-17
3.960840802361992e-17
3.9714097019215247e-17
3.9819786014810527e-17
3.9978319508203495e-17
4.0136853001596464e-17
4.040107549058471e-17
4.050676448618004e-17
4.061245348177532e-17
4.071814247737065e-17
4.0823831472965955e-17
4.092952046856126e-17
4.114089845975187e-17
4.124658745534717e-17
4.145796544653778e-17
4.1722187935526054e-17
4.188072142891902e-17
4.19864104245143e-17
4.230347741130024e-17
4.256769990028849e-17
4.2884766887074427e-17
4.304330038046737e-17
4.3201833873860315e-17
4.3307522869455644e-17
4.341321186505095e-17
4.351890086064625e-17
4.388881234522983e-17
4.410019033642044e-17
4.4205879332015743e-17
4.436441282540869e-17
4.4575790816599296e-17
4.4681479812194625e-17
4.4892857803385234e-17
4.515708029237348e-17
4.536845828356409e-17
4.547414727915942e-17
4.55798362747547e-17
4.573836976814767e-17
4.594974775933828e-17
4.6055436754933606e-17
4.6161125750528886e-17
4.642534823951716e-17
4.6531037235112464e-17
4.668957072850543e-17
4.68481042218984e-17
4.695379321749368e-17
4.711232671088665e-17
4.732370470207726e-17
4.742939369767256e-17
4.753508269326787e-17
4.7693616186660836e-17
4.7852149680053805e-17
4.8063527671244414e-17
4.8169216666839693e-17
4.8380594658030327e-17
4.848628365362563e-17
4.86448171470186e-17
4.875050614261388e-17
4.885619513820921e-17
4.901472863160215e-17
4.917326212499512e-17
4.9278951120590426e-17
4.938464011618573e-17
4.9490329111781035e-17
4.959601810737634e-17
4.9754551600769283e-17
4.991308509416225e-17
5.012446308535286e-17
5.028299657874583e-17
5.0388685574341134e-17
5.049437456993644e-17
5.0705752561127047e-17
5.0864286054520016e-17
5.096997505011532e-17
5.118135304130593e-17
5.133988653469887e-17
