3.8242300231121293e-19
4.696132947123737e-19
5.568035871135467e-19
6.439938795147075e-19
7.311841719158682e-19
8.619696105176094e-19
9.491599029187824e-19
1.0363501953199432e-18
1.1671356339216843e-18
1.254325926322845e-18
1.4287065111251789e-18
1.5158968035263396e-18
1.6030870959275127e-18
1.6902773883286734e-18
1.8210628269304146e-18
2.0390385579333288e-18
2.16982399653507e-18
2.3442045813374037e-18
2.6493706047414663e-18
2.8237511895438e-18
2.910941481944961e-18
2.9981317743461216e-18
3.0853220667472947e-18
3.216107505349036e-18
3.346892943950777e-18
3.521273528753111e-18
3.6084638211542715e-18
3.695654113555432e-18
3.782844405956605e-18
3.870034698357766e-18
4.0444152831600876e-18
4.131605575561248e-18
4.3495813065641625e-18
4.436771598965323e-18
4.611152183767657e-18
4.698342476168818e-18
4.7855327685699786e-18
4.872723060971152e-18
4.9599133533723124e-18
5.134293938174634e-18
5.221484230575807e-18
5.352269669177548e-18
5.439459961578709e-18
5.744625984982784e-18
5.875411423584525e-18
5.962601715985698e-18
6.1369823007880194e-18
6.354958031790934e-18
6.5729337627938355e-18
6.6601240551950086e-18
6.747314347596169e-18
6.8780997861979105e-18
7.008885224799652e-18
7.139670663401405e-18
7.314051248203727e-18
7.44483668680548e-18
7.53202697920664e-18
7.619217271607801e-18
7.750002710209555e-18
7.924383295011876e-18
8.098763879814198e-18
8.360334757017692e-18
8.447525049418866e-18
8.578310488020607e-18
8.665500780421767e-18
8.839881365224101e-18
8.970666803825842e-18
9.057857096227003e-18
9.188642534828757e-18
9.275832827229917e-18
9.450213412032239e-18
9.537403704433412e-18
9.668189143035153e-18
9.886164874038055e-18
1.0016950312639808e-17
1.014773575124155e-17
1.0278521189843303e-17
1.0409306628445044e-17
1.0496496920846205e-17
1.0583687213247365e-17
1.0670877505648539e-17
1.07580677980497e-17
1.088885323665144e-17
1.0976043529052601e-17
1.1106828967654355e-17
1.1237614406256096e-17
1.1324804698657269e-17
1.145559013725901e-17
1.1586375575860751e-17
1.1760756160663085e-17
1.1935136745465406e-17
1.202232703786658e-17
1.210951733026774e-17
1.2240302768869481e-17
1.2327493061270642e-17
1.2458278499872395e-17
1.2589063938474137e-17
1.2763444523276458e-17
1.2894229961878212e-17
1.3025015400479953e-17
1.3155800839081706e-17
1.3330181423884028e-17
1.3460966862485769e-17
1.3548157154886942e-17
1.3722537739689263e-17
1.3984108616892758e-17
1.4202084347895672e-17
1.4332869786497413e-17
1.4463655225099154e-17
1.4550845517500315e-17
1.468163095610207e-17
1.481241639470381e-17
1.4943201833305563e-17
1.5030392125706724e-17
1.5117582418107885e-17
1.5248367856709626e-17
1.550993873391312e-17
1.564072417251486e-17
1.5727914464916034e-17
1.5858699903517776e-17
1.612027078072127e-17
1.6294651365523592e-17
1.6381841657924765e-17
1.6469031950325925e-17
1.6556222242727086e-17
1.6730602827529408e-17
1.690498341233174e-17
1.7035768850933483e-17
1.7166554289535236e-17
1.7253744581936397e-17
1.7428125166738718e-17
1.7602505751541052e-17
1.7776886336343386e-17
1.7994862067346288e-17
1.8212837798349202e-17
1.8343623236950943e-17
1.8518003821753265e-17
1.8605194114154438e-17
1.873597955275618e-17
1.8866764991357932e-17
1.8997550429959673e-17
1.9171931014761995e-17
1.9259121307163168e-17
1.938990674576491e-17
1.960788247676781e-17
1.9695072769168984e-17
1.9869453353971306e-17
1.995664364637248e-17
2.004383393877364e-17
2.01310242311748e-17
2.026180966977654e-17
2.0436190254578875e-17
2.0566975693180616e-17
2.0697761131782357e-17
2.082854657038411e-17
2.091573686278527e-17
2.1046522301387025e-17
2.1220902886189346e-17
2.1308093178590507e-17
2.1395283470991668e-17
2.148247376339284e-17
2.1613259201994582e-17
2.1744044640596336e-17
2.1874830079198077e-17
2.2005615517799818e-17
2.2223591248802732e-17
2.2310781541203893e-17
2.2485162126006214e-17
2.2615947564607968e-17
2.2921113588012043e-17
2.3008303880413203e-17
2.3139089319014944e-17
2.3269874757616698e-17
2.335706505001786e-17
2.353144563482018e-17
2.3705826219622514e-17
2.3836611658224255e-17
2.401099224302659e-17
2.418537282782891e-17
2.427256312023007e-17
2.4359753412631244e-17
2.4490538851232985e-17
2.4577729143634146e-17
2.483930002083764e-17
2.49264903132388e-17
2.5013680605639974e-17
2.5231656336642876e-17
2.5318846629044037e-17
2.553682236004695e-17
2.5754798091049865e-17
2.5841988383451026e-17
2.6016368968253348e-17
2.610355926065452e-17
2.6277939845456842e-17
2.6365130137858003e-17
2.6452320430259164e-17
2.6539510722660337e-17
2.6670296161262078e-17
2.680108159986383e-17
2.6931867038465573e-17
2.7062652477067314e-17
2.7149842769468474e-17
2.7280628208070228e-17
2.745500879287255e-17
2.7585794231474303e-17
2.7803769962477205e-17
2.793455540107896e-17
2.802174569348012e-17
2.823972142448302e-17
2.8414102009285355e-17
2.8501292301686515e-17
2.863207774028827e-17
2.871926803268943e-17
2.885005347129117e-17
2.8980838909892924e-17
2.9242409787096406e-17
2.941679037189874e-17
2.959117095670106e-17
2.9721956395302815e-17
2.9809146687703976e-17
2.9896336980105137e-17
2.99835272725063e-17
3.007071756490747e-17
3.015790785730863e-17
3.024509814970979e-17
3.0419478734512126e-17
3.0550264173113867e-17
3.068104961171561e-17
3.081183505031736e-17
3.089902534271852e-17
3.1029810781320263e-17
3.1160596219922017e-17
3.129138165852376e-17
3.14221670971255e-17
3.150935738952667e-17
3.159654768192783e-17
3.1727333120529574e-17
3.194530885153249e-17
3.207609429013423e-17
3.216328458253539e-17
3.2337665167337724e-17
3.2468450605939465e-17
3.259923604454122e-17
3.273002148314296e-17
3.281721177554412e-17
3.2947997214145874e-17
3.3035187506547034e-17
3.3122377798948195e-17
3.3209568091349356e-17
3.334035352995111e-17
3.355832926095401e-17
3.3732709845756345e-17
3.3863495284358086e-17
3.399428072295983e-17
3.4081471015361e-17
3.421225645396274e-17
3.42994467463639e-17
3.4517422477366816e-17
3.460461276976798e-17
3.477899335457031e-17
3.486618364697147e-17
3.495337393937263e-17
3.5040564231773793e-17
3.5171349670375547e-17
3.543292054757904e-17
3.560730113238136e-17
3.5694491424782523e-17
3.586887200958486e-17
3.595606230198602e-17
3.617403803298892e-17
3.626122832539009e-17
3.6479204056392995e-17
3.656639434879417e-17
3.678437007979707e-17
3.687156037219823e-17
3.6958750664599404e-17
3.7089536103201145e-17
3.7176726395602305e-17
3.730751183420406e-17
3.739470212660522e-17
3.748189241900638e-17
3.756908271140754e-17
3.7743463296209875e-17
3.7874248734811616e-17
3.800503417341337e-17
3.813581961201511e-17
3.822300990441627e-17
3.8397390489218605e-17
3.8528175927820346e-17
3.865896136642209e-17
3.883334195122442e-17
3.892053224362558e-17
3.900772253602674e-17
3.9138507974628496e-17
3.922569826702966e-17
3.93564837056314e-17
3.9705244875236053e-17
3.9836030313837807e-17
4.001041089864013e-17
4.018479148344246e-17
4.027198177584362e-17
4.0359172068244784e-17
4.05771477992477e-17
4.075152838405002e-17
4.088231382265177e-17
4.1056694407454094e-17
4.123107499225643e-17
4.140545557705875e-17
4.149264586945991e-17
4.1579836161861083e-17
4.1667026454262244e-17
4.1754216746663405e-17
4.1928597331465726e-17
4.20157876238669e-17
4.214657306246864e-17
4.22337633548698e-17
4.2364548793471555e-17
4.2495334232073296e-17
4.2582524524474457e-17
4.301847598648027e-17
4.3236451717483187e-17
4.332364200988435e-17
4.341083230228552e-17
4.349802259468668e-17
4.3715998325689583e-17
4.3803188618090756e-17
4.39339740566925e-17
4.406475949529425e-17
4.415194978769541e-17
4.428273522629715e-17
4.4457115811099487e-17
4.454430610350065e-17
4.476228183450355e-17
4.48930672731053e-17
4.5067447857907624e-17
4.519823329650938e-17
4.53726138813117e-17
4.554699446611403e-17
4.5721375050916354e-17
4.5852160489518096e-17
4.593935078191927e-17
4.607013622052101e-17
4.615732651292217e-17
4.6244516805323344e-17
4.6418897390125665e-17
4.668046826732916e-17
4.68112537059309e-17
4.6942039144532654e-17
4.7072824583134395e-17
4.7247205167936717e-17
4.733439546033789e-17
4.746518089893963e-17
4.763956148374195e-17
4.7726751776143126e-17
4.7813942068544286e-17
4.790113236094545e-17
4.798832265334661e-17
4.807551294574778e-17
4.82498935305501e-17
4.8380678969151844e-17
4.85114644077536e-17
4.87294401387565e-17
4.890382072355883e-17
4.9078201308361154e-17
4.916539160076233e-17
4.925258189316349e-17
4.933977218556465e-17
4.942696247796581e-17
4.9601343062768143e-17
4.9732128501369884e-17
4.986291393997164e-17
4.999369937857338e-17
5.008088967097454e-17
5.01680799633757e-17
5.0298865401977454e-17
5.0516841132980356e-17
5.060403142538153e-17
5.069122171778269e-17
5.077841201018385e-17
5.0909197448785604e-17
5.1083578033587925e-17
