4.746521259990715e-19
5.690609013284091e-19
6.634696766577344e-19
7.57878451987072e-19
8.994916149810599e-19
9.939003903103975e-19
1.1355135533043854e-18
1.2771267162983857e-18
1.5131486546217112e-18
1.7019662052803741e-18
1.7963749806096994e-18
2.032396918933025e-18
2.1268056942623625e-18
2.2212144695916878e-18
2.4100320202503507e-18
2.5988495709090136e-18
2.7876671215676765e-18
3.023689059891002e-18
3.16530222288499e-18
3.2597109982143275e-18
3.354119773543653e-18
3.495732936537653e-18
3.637346099531653e-18
3.7317548748609786e-18
3.826163650190304e-18
3.9205724255196415e-18
4.014981200848967e-18
4.251003139172292e-18
4.34541191450163e-18
4.439820689830955e-18
4.5342294651602805e-18
4.628638240489618e-18
4.723047015818943e-18
4.864660178812944e-18
5.0062733418069315e-18
5.100682117136269e-18
5.1950908924655944e-18
5.383908443124257e-18
5.619930381447583e-18
5.808747932106246e-18
5.903156707435583e-18
5.997565482764909e-18
6.091974258094234e-18
6.1863830334235715e-18
6.280791808752897e-18
6.516813747076222e-18
6.61122252240556e-18
6.8000400730642105e-18
6.94165323605821e-18
7.083266399052211e-18
7.224879562046211e-18
7.319288337375537e-18
7.5081058880342e-18
7.649719051028187e-18
7.744127826357525e-18
7.83853660168685e-18
7.932945377016188e-18
8.027354152345513e-18
8.216171703004176e-18
8.310580478333501e-18
8.593806804321502e-18
8.782624354980165e-18
8.924237517974153e-18
9.01864629330349e-18
9.207463843962141e-18
9.490690169950141e-18
9.585098945279467e-18
9.679507720608792e-18
9.868325271267455e-18
1.0104347209590793e-17
1.024596037258478e-17
1.0340369147914118e-17
1.0481982310908106e-17
1.0718004249231432e-17
1.0954026187554757e-17
1.1048434962884095e-17
1.128445690120742e-17
1.1426070064201408e-17
1.1614887614860071e-17
1.1709296390189409e-17
1.1898113940848072e-17
1.203972710384206e-17
1.218134026683606e-17
1.2322953429830048e-17
1.2464566592824048e-17
1.2558975368153373e-17
1.2747792918812036e-17
1.2889406081806036e-17
1.3031019244800024e-17
1.3267041183123362e-17
1.3361449958452687e-17
1.3503063121446688e-17
1.3597471896776013e-17
1.369188067210535e-17
1.3880698222764e-17
1.4069515773422664e-17
1.4258333324081327e-17
1.4352742099410652e-17
1.4824785976057316e-17
1.506080791438064e-17
1.520242107737463e-17
1.534403424036863e-17
1.5438443015697955e-17
1.5580056178691955e-17
1.581607811701528e-17
1.595769128000928e-17
1.609930444300327e-17
1.6193713218332606e-17
1.628812199366193e-17
1.6618552707314595e-17
1.6807370257973257e-17
1.6996187808631908e-17
1.7137800971625908e-17
1.727941413461991e-17
1.746823168527856e-17
1.7798662398931222e-17
1.789307117426056e-17
1.808188872491921e-17
1.822350188791321e-17
1.836511505090721e-17
1.85067282139012e-17
1.8601136989230536e-17
1.8789954539889187e-17
1.8931567702883187e-17
1.9073180865877187e-17
1.9167589641206513e-17
1.9261998416535838e-17
1.9403611579529838e-17
1.954522474252384e-17
1.968683790551784e-17
1.9828451068511827e-17
1.9922859843841164e-17
2.001726861917049e-17
2.0111677394499815e-17
2.0206086169829152e-17
2.034769933282314e-17
2.0442108108152478e-17
2.0678130046475804e-17
2.091415198479913e-17
2.1008560760128454e-17
2.1197378310787117e-17
2.1291787086116455e-17
2.1433400249110443e-17
2.1669422187433768e-17
2.181103535042777e-17
2.1905444125757094e-17
2.199985290108643e-17
2.2235874839409757e-17
2.2330283614739082e-17
2.242469239006842e-17
2.2519101165397745e-17
2.2660714328391745e-17
2.2802327491385746e-17
2.2943940654379734e-17
2.317996259270306e-17
2.3274371368032397e-17
2.3368780143361722e-17
2.3604802081685048e-17
2.3699210857014373e-17
2.379361963234371e-17
2.3888028407673036e-17
2.3982437183002373e-17
2.412405034599636e-17
2.426566350899036e-17
2.4407276671984362e-17
2.454888983497835e-17
2.469050299797235e-17
2.4879320548631013e-17
2.4973729323960338e-17
2.5209751262283664e-17
2.5398568812942327e-17
2.5540181975936327e-17
2.5965021464918315e-17
2.605943024024764e-17
2.6153839015576978e-17
2.6295452178570966e-17
2.6389860953900304e-17
2.653147411689429e-17
2.6673087279888292e-17
2.6814700442882292e-17
2.7003517993540943e-17
2.7192335544199618e-17
2.7333948707193618e-17
2.7475561870187594e-17
2.771158380851092e-17
2.785319697150492e-17
2.804201452216357e-17
2.818362768515757e-17
2.832524084815157e-17
2.846685401114557e-17
2.865567156180422e-17
2.875008033713357e-17
2.893889788779222e-17
2.903330666312155e-17
2.912771543845087e-17
2.936373737677422e-17
2.95053505397682e-17
2.96469637027622e-17
2.97885768657562e-17
2.99301900287502e-17
3.0071803191744175e-17
3.0355029517732175e-17
3.0638255843720176e-17
3.07326646190495e-17
3.0827073394378826e-17
3.0921482169708176e-17
3.1015890945037477e-17
3.1157504108031477e-17
3.1251912883360827e-17
3.139352604635483e-17
3.153513920934883e-17
3.172395676000748e-17
3.1818365535336803e-17
3.191277431066613e-17
3.200718308599548e-17
3.2148796248989454e-17
3.233761379964813e-17
3.247922696264213e-17
3.266804451330078e-17
3.2904066451624106e-17
3.3045679614618106e-17
3.314008838994743e-17
3.332890594060608e-17
3.347051910360008e-17
3.365933665425873e-17
3.375374542958808e-17
3.389535859258208e-17
3.398976736791141e-17
3.4131380530905384e-17
3.432019808156406e-17
3.446181124455806e-17
3.4745037570546035e-17
3.493385512120471e-17
3.5028263896534035e-17
3.5122672671863385e-17
3.526428583485736e-17
3.5453103385516036e-17
3.554751216084536e-17
3.5641920936174687e-17
3.573632971150401e-17
3.587794287449801e-17
3.611396481282134e-17
3.625557797581534e-17
3.639719113880934e-17
3.653880430180334e-17
3.668041746479734e-17
3.677482624012664e-17
3.6963643790785315e-17
3.7105256953779315e-17
3.724687011677329e-17
3.753009644276129e-17
3.762450521809064e-17
3.7718913993419966e-17
3.7907731544078617e-17
3.809654909473729e-17
3.823816225773129e-17
3.837977542072527e-17
3.866300174671327e-17
3.885181929737192e-17
3.899343246036592e-17
3.9182250011024594e-17
3.9418271949347895e-17
3.9559885112341895e-17
3.9654293887671245e-17
3.9843111438329896e-17
3.993752021365922e-17
4.0031928988988546e-17
4.0126337764317896e-17
4.031515531497655e-17
4.045676847797055e-17
4.059838164096455e-17
4.083440357928785e-17
4.09288123546172e-17
4.111762990527585e-17
4.125924306826985e-17
4.14480606189285e-17
4.154246939425785e-17
4.17312869449165e-17
4.192010449557515e-17
4.20145132709045e-17
4.220333082156315e-17
4.23921483722218e-17
4.248655714755115e-17
4.262817031054515e-17
4.276978347353915e-17
4.291139663653315e-17
4.3147418574856453e-17
4.3241827350185803e-17
4.333623612551513e-17
4.3477849288509104e-17
4.3619462451503104e-17
4.3713871226832454e-17
4.380828000216178e-17
4.4091506328149755e-17
4.4185915103479105e-17
4.4469141429467106e-17
4.4563550204796407e-17
4.4657958980125756e-17
4.4799572143119757e-17
4.489398091844908e-17
4.498838969377841e-17
4.517720724443706e-17
4.527161601976641e-17
4.541322918276041e-17
4.550763795808971e-17
4.564925112108371e-17
4.574365989641306e-17
4.593247744707171e-17
4.607409061006571e-17
4.6168499385395035e-17
4.635731693605371e-17
4.649893009904771e-17
4.673495203737101e-17
4.682936081270036e-17
4.6923769588029686e-17
4.701817836335901e-17
4.711258713868834e-17
4.730140468934701e-17
4.739581346467634e-17
4.749022224000566e-17
4.758463101533501e-17
4.7820652953658314e-17
4.7962266116652314e-17
4.8056674891981664e-17
4.8245492442640314e-17
4.833990121796964e-17
4.8434309993298965e-17
4.8623127543957616e-17
4.8717536319286965e-17
4.9000762645274966e-17
4.909517142060429e-17
4.9189580195933617e-17
4.928398897126294e-17
4.942560213425694e-17
4.952001090958627e-17
4.961441968491562e-17
4.980323723557427e-17
5.0039259173897593e-17
5.013366794922692e-17
5.027528111222092e-17
5.046409866287957e-17
5.070012060120292e-17
5.0983346927190895e-17
5.1124960090184896e-17
5.121936886551422e-17
