3.975200798063652e-19
5.402630087450821e-19
6.354249613708934e-19
7.781678903096103e-19
8.733298429354216e-19
1.0636537481870442e-18
1.206396677125761e-18
1.349139606064478e-18
1.4443015586902893e-18
1.6346254639419118e-18
1.7773683928806288e-18
1.9201113218193457e-18
2.015273274445157e-18
2.1104352270709682e-18
2.2055971796967795e-18
2.4910830375742134e-18
2.6338259665129303e-18
2.7289879191387416e-18
2.8717308480774585e-18
3.0144737770161754e-18
3.204797682267798e-18
3.2999596348936092e-18
3.3951215875194205e-18
3.633026469083949e-18
3.870931350648477e-18
3.966093303274288e-18
4.0612552559000995e-18
4.251579161151722e-18
4.346741113777533e-18
4.48948404271625e-18
4.5846459953420615e-18
4.82255087690659e-18
4.917712829532401e-18
5.012874782158212e-18
5.155617711096929e-18
5.298360640035646e-18
5.441103568974363e-18
5.679008450538891e-18
5.821751379477608e-18
5.9169133321034194e-18
6.012075284729231e-18
6.154818213667972e-18
6.345142118919595e-18
6.440304071545406e-18
6.5354660241712174e-18
6.630627976797029e-18
6.72578992942284e-18
6.868532858361557e-18
6.963694810987368e-18
7.05885676361318e-18
7.201599692551896e-18
7.344342621490613e-18
7.48708555042933e-18
7.677409455680953e-18
7.867733360932575e-18
7.962895313558387e-18
8.058057266184198e-18
8.200800195122915e-18
8.343543124061632e-18
8.438705076687443e-18
8.58144800562616e-18
8.771771910877782e-18
8.9145148398165e-18
9.057257768755216e-18
9.200000697693933e-18
9.390324602945556e-18
9.485486555571367e-18
9.628229484510084e-18
9.913715342387518e-18
1.0008877295013329e-17
1.010403924763914e-17
1.0294363152890763e-17
1.043710608182948e-17
1.0579849010768197e-17
1.077017291601982e-17
1.1150820726523064e-17
1.1293563655461781e-17
1.1388725608087593e-17
1.153146853702631e-17
1.1674211465965027e-17
1.1769373418590838e-17
1.1864535371216649e-17
1.2007278300155366e-17
1.2150021229094083e-17
1.22927641580328e-17
1.2435507086971517e-17
1.2530669039597328e-17
1.272099294484895e-17
1.2863735873787668e-17
1.305405977903929e-17
1.3149221731665101e-17
1.3244383684290913e-17
1.3434707589542535e-17
1.3577450518481252e-17
1.3720193447419969e-17
1.381535540004578e-17
1.405326028161031e-17
1.4196003210549025e-17
1.4386327115800648e-17
1.4529070044739365e-17
1.462423199736519e-17
1.4719393949991012e-17
1.4814555902616823e-17
1.495729883155554e-17
1.5100041760494257e-17
1.519520371312007e-17
1.529036566574588e-17
1.5528270547310408e-17
1.562343249993622e-17
1.571859445256203e-17
1.6004080310439464e-17
1.614682323937818e-17
1.6241985192003993e-17
1.638472812094271e-17
1.647989007356852e-17
1.6575052026194332e-17
1.671779495513305e-17
1.6908118860384672e-17
1.7098442765636294e-17
1.7288766670887917e-17
1.7383928623513728e-17
1.747909057613954e-17
1.7669414481391162e-17
1.781215741032988e-17
1.790731936295569e-17
1.8145224244520218e-17
1.833554814977184e-17
1.8430710102397652e-17
1.8621034007649275e-17
1.8716195960275086e-17
1.8858938889213803e-17
1.8954100841839614e-17
1.9049262794465425e-17
1.9144424747091237e-17
1.9239586699717048e-17
1.9382329628655765e-17
1.9477491581281576e-17
1.9572653533907387e-17
1.9715396462846104e-17
1.9905720368097727e-17
2.0000882320723538e-17
2.0143625249662255e-17
2.0286368178600972e-17
2.042911110753969e-17
2.05242730601655e-17
2.0714596965417123e-17
2.0809758918042934e-17
2.095250184698165e-17
2.1095244775920368e-17
2.119040672854618e-17
2.1380730633797802e-17
2.1475892586423613e-17
2.161863551536233e-17
2.171379746798814e-17
2.1856540396926858e-17
2.1999283325865575e-17
2.2094445278491386e-17
2.2189607231117198e-17
2.228476918374301e-17
2.237993113636882e-17
2.2617836017933348e-17
2.271299797055916e-17
2.280815992318497e-17
2.2903321875810782e-17
2.3141226757375335e-17
2.3283969686314052e-17
2.342671261525277e-17
2.3807360425756014e-17
2.3902522378381825e-17
2.3997684331007637e-17
2.4092846283633448e-17
2.4235589212572165e-17
2.4378332141510882e-17
2.4473494094136693e-17
2.4568656046762504e-17
2.471139897570122e-17
2.4806560928327032e-17
2.4901722880952844e-17
2.4996884833578655e-17
2.5187208738830278e-17
2.528237069145609e-17
2.53775326440819e-17
2.5520275573020617e-17
2.5663018501959334e-17
2.580576143089805e-17
2.5948504359836768e-17
2.6091247288775485e-17
2.6281571194027107e-17
2.6519476075591636e-17
2.6614638028217447e-17
2.6709799980843258e-17
2.680496193346907e-17
2.690012388609488e-17
2.7090447791346503e-17
2.7185609743972314e-17
2.7280771696598126e-17
2.7423514625536843e-17
2.7613838530788465e-17
2.7709000483414276e-17
2.78993243886659e-17
2.8042067317604616e-17
2.813722927023043e-17
2.8279972199169144e-17
2.8470296104420767e-17
2.8708200985985295e-17
2.8803362938611106e-17
2.899368684386273e-17
2.918401074911435e-17
2.942191563067888e-17
2.951707758330469e-17
2.965982051224341e-17
2.975498246486922e-17
2.9897725393807936e-17
3.008804929905956e-17
3.0230792227998275e-17
3.0325954180624087e-17
3.051627808587571e-17
3.0659021014814426e-17
3.075418296744024e-17
3.0992087849004766e-17
3.118241175425639e-17
3.12775737068822e-17
3.1563059564759646e-17
3.165822151738547e-17
3.1800964446324186e-17
3.1943707375262903e-17
3.2134031280514526e-17
3.232435518576615e-17
3.241951713839196e-17
3.265742201995649e-17
3.284774592520811e-17
3.294290787783392e-17
3.303806983045973e-17
3.3133231783085544e-17
3.327597471202426e-17
3.3466298617275884e-17
3.3561460569901695e-17
3.3656622522527506e-17
3.394210838040494e-17
3.418001326196947e-17
3.4322756190908185e-17
3.4417918143533996e-17
3.4560661072472713e-17
3.4655823025098525e-17
3.489372790666305e-17
3.4988889859288864e-17
3.513163278822758e-17
3.5321956693479204e-17
3.546469962241792e-17
3.555986157504373e-17
3.5845347432921166e-17
3.5940509385546977e-17
3.603567133817279e-17
3.6178414267111505e-17
3.632115719605022e-17
3.646390012498894e-17
3.665422403024056e-17
3.679696695917928e-17
3.69872908644309e-17
3.7177614769682524e-17
3.732035769862124e-17
3.741551965124705e-17
3.751068160387286e-17
3.7701005509124486e-17
3.7796167461750297e-17
3.789132941437611e-17
3.808165331962773e-17
3.8271977224879353e-17
3.841472015381807e-17
3.850988210644388e-17
3.8700206011695504e-17
3.884294894063422e-17
3.893811089326003e-17
3.908085382219875e-17
3.927117772745037e-17
3.941392065638909e-17
3.95090826090149e-17
3.9651825537953617e-17
3.974698749057943e-17
3.9889730419518145e-17
3.9984892372143956e-17
4.017521627739558e-17
4.0317959206334296e-17
4.046070213527301e-17
4.060344506421173e-17
4.069860701683754e-17
4.0888930922089163e-17
4.103167385102788e-17
4.112683580365369e-17
4.12219977562795e-17
4.1317159708905314e-17
4.1412321661531125e-17
4.1650226543095654e-17
4.1745388495721465e-17
4.188813142466018e-17
4.20308743535989e-17
4.2173617282537616e-17
4.231636021147633e-17
4.2411522164102144e-17
4.2506684116727955e-17
4.2601846069353766e-17
4.2744588998292483e-17
4.298249387985701e-17
4.307765583248282e-17
4.322039876142154e-17
4.331556071404735e-17
4.345830364298607e-17
4.3601046571924785e-17
4.37437895008635e-17
4.3838951453489313e-17
4.3934113406115124e-17
4.4029275358740936e-17
4.412443731136675e-17
4.426718024030549e-17
4.4362342192931324e-17
4.4457504145557136e-17
4.455266609818295e-17
4.4790570979747475e-17
4.4885732932373286e-17
4.5028475861312003e-17
4.526638074287653e-17
4.550428562444106e-17
4.559944757706687e-17
4.574219050600559e-17
4.5884933434944305e-17
4.5980095387570116e-17
4.617041929282174e-17
4.626558124544755e-17
4.640832417438627e-17
4.650348612701208e-17
4.659864807963789e-17
4.683655296120242e-17
4.6979295890141135e-17
4.712203881907985e-17
4.7312362724331474e-17
4.7407524676957285e-17
4.7502686629583097e-17
4.759784858220891e-17
4.769301053483472e-17
4.788333444008634e-17
4.7978496392712153e-17
4.8168820297963776e-17
4.826398225058959e-17
4.845430615584121e-17
4.864463006109283e-17
4.8834953966344455e-17
4.8930115918970266e-17
4.92156017768477e-17
4.931076372947351e-17
4.9501087634725134e-17
4.9596249587350945e-17
4.9691411539976756e-17
4.978657349260257e-17
4.988173544522838e-17
5.0119640326792907e-17
5.021480227941872e-17
5.0357545208357435e-17
5.050028813729615e-17
5.0595450089921963e-17
5.0785773995173586e-17
5.08809359477994e-17
5.097609790042521e-17
5.107125985305102e-17
5.116642180567683e-17
5.130916473461555e-17
