5.092059665496819e-19
6.782297994690842e-19
8.472536323884865e-19
9.59936187668088e-19
1.185301298227291e-18
1.3543251311466933e-18
1.5233489640660956e-18
1.6360315193457217e-18
1.7487140746253232e-18
1.8613966299049248e-18
2.030420462824327e-18
2.1994442957437293e-18
2.312126851023331e-18
2.4248094063029323e-18
2.6501745168621354e-18
2.762857072141737e-18
2.9318809050611638e-18
3.2135872932601676e-18
3.38261112617957e-18
3.551634959098972e-18
3.833341347297976e-18
3.9460239025775774e-18
4.11504773549698e-18
4.284071568416407e-18
4.5657779566154104e-18
4.7911430671746134e-18
5.0165081777338165e-18
5.185532010653219e-18
5.410897121212422e-18
5.523579676492048e-18
5.69260350941145e-18
5.8616273423308525e-18
6.030651175250255e-18
6.368698841089059e-18
6.481381396368661e-18
6.706746506927864e-18
6.81942906220749e-18
6.9321116174870915e-18
7.044794172766693e-18
7.157476728046295e-18
7.382841838605498e-18
7.664548226804501e-18
7.777230782084103e-18
7.889913337363704e-18
8.058937170283131e-18
8.171619725562733e-18
8.396984836121936e-18
8.622349946681139e-18
8.791373779600541e-18
9.073080167799545e-18
9.298445278358748e-18
9.523810388917976e-18
9.749175499477179e-18
9.86185805475678e-18
9.974540610036382e-18
1.0256246998235386e-17
1.0481612108794589e-17
1.059429466407419e-17
1.0706977219353816e-17
1.1214048718112023e-17
1.1383072551031425e-17
1.1495755106311027e-17
1.1664778939230429e-17
1.1833802772149831e-17
1.1946485327429458e-17
1.2228191715628461e-17
1.2509898103827465e-17
1.2678921936746867e-17
1.2791604492026469e-17
1.3016969602585672e-17
1.3185993435505074e-17
1.3355017268424501e-17
1.3467699823704103e-17
1.3580382378983704e-17
1.3749406211903106e-17
1.391843004482251e-17
1.4143795155381712e-17
1.4538184098860342e-17
1.4650866654139943e-17
1.4876231764699146e-17
1.504525559761855e-17
1.515793815289815e-17
1.5326961985817552e-17
1.5439644541097154e-17
1.5665009651656357e-17
1.5834033484575784e-17
1.6003057317495186e-17
1.622842242805439e-17
1.6453787538613592e-17
1.6679152649172795e-17
1.6791835204452397e-17
1.69608590373718e-17
1.70735415926514e-17
1.7186224147931027e-17
1.735524798085043e-17
1.7580613091409632e-17
1.7749636924329034e-17
1.7918660757248436e-17
1.814402586780764e-17
1.8313049700727042e-17
1.848207353364647e-17
1.865109736656587e-17
1.8820121199485273e-17
1.8989145032404675e-17
1.9101827587684277e-17
1.921451014296388e-17
1.972158164172211e-17
1.983426419700171e-17
2.0059629307560915e-17
2.0228653140480317e-17
2.045401825103952e-17
2.0623042083958922e-17
2.0735724639238524e-17
2.1073772305077353e-17
2.1299137415636556e-17
2.152450252619576e-17
2.1749867636754962e-17
2.1862550192034563e-17
2.1975232747314165e-17
2.2087915302593766e-17
2.225693913551317e-17
2.27076693566316e-17
2.28203519119112e-17
2.3045717022470404e-17
2.3158399577750005e-17
2.3271082133029607e-17
2.355278852122861e-17
2.394717746470724e-17
2.4116201297626643e-17
2.4285225130546045e-17
2.4454248963465448e-17
2.456693151874505e-17
2.467961407402465e-17
2.4792296629304252e-17
2.496132046222368e-17
2.507400301750328e-17
2.5243026850422683e-17
2.5468391960981886e-17
2.5581074516261487e-17
2.575009834918089e-17
2.5919122182100292e-17
2.6088146015019694e-17
2.6313511125578922e-17
2.6482534958498324e-17
2.6595217513777926e-17
2.687692390197693e-17
2.7158630290175933e-17
2.7271312845455535e-17
2.7440336678374937e-17
2.7609360511294364e-17
2.789106689949337e-17
2.811643201005257e-17
2.822911456533217e-17
2.8454479675891375e-17
2.862350350881078e-17
2.873618606409038e-17
2.8848868619370005e-17
2.8961551174649607e-17
2.918691628520881e-17
2.929959884048841e-17
2.941228139576801e-17
2.9693987783967017e-17
2.980667033924662e-17
2.997569417216602e-17
3.025740056036505e-17
3.037008311564465e-17
3.048276567092425e-17
3.0651789503843654e-17
3.098983716968246e-17
3.121520228024166e-17
3.144056739080089e-17
3.160959122372029e-17
3.1722273778999893e-17
3.1834956334279495e-17
3.20603214448387e-17
3.21730040001183e-17
3.22856865553979e-17
3.23983691106775e-17
3.2623734221236705e-17
3.284909933179593e-17
3.3018123164715335e-17
3.3130805719994937e-17
3.335617083055414e-17
3.358153594111334e-17
3.3694218496392944e-17
3.3863242329312347e-17
3.4144948717511375e-17
3.431397255043078e-17
3.448299638335018e-17
3.459567893862978e-17
3.470836149390938e-17
3.4877385326828785e-17
3.4990067882108386e-17
3.510275043738799e-17
3.5271774270307415e-17
3.555348065850642e-17
3.566616321378602e-17
3.577884576906562e-17
3.5891528324345223e-17
3.6116893434904426e-17
3.622957599018403e-17
3.634225854546363e-17
3.645494110074323e-17
3.673664748894226e-17
3.684933004422186e-17
3.696201259950146e-17
3.7131036432420864e-17
3.735640154298007e-17
3.752542537589947e-17
3.775079048645867e-17
3.78634730417383e-17
3.80888381522975e-17
3.8257861985216904e-17
3.859590965105571e-17
3.876493348397511e-17
3.887761603925471e-17
3.8990298594534314e-17
3.9102981149813916e-17
3.927200498273334e-17
3.9441028815652745e-17
3.966639392621195e-17
3.977907648149155e-17
3.989175903677115e-17
4.000444159205075e-17
4.0229806702609955e-17
4.039883053552936e-17
4.0680536923728386e-17
4.084956075664779e-17
4.101858458956719e-17
4.118760842248659e-17
4.1356632255405995e-17
4.1469314810685597e-17
4.16946799212448e-17
4.1863703754164227e-17
4.208906886472343e-17
4.220175142000303e-17
4.231443397528263e-17
4.2427116530562234e-17
4.2596140363481637e-17
4.293418802932044e-17
4.310321186223987e-17
4.327223569515927e-17
4.344125952807867e-17
4.3666624638637876e-17
4.383564847155728e-17
4.394833102683688e-17
4.411735485975628e-17
4.4230037415035883e-17
4.451174380323491e-17
4.4624426358514513e-17
4.4793450191433915e-17
4.507515657963292e-17
4.524418041255232e-17
4.5413204245471724e-17
4.5525886800751325e-17
4.569491063367075e-17
4.5807593188950354e-17
4.6032958299509557e-17
4.620198213242896e-17
4.631466468770856e-17
4.642734724298816e-17
4.6540029798267763e-17
4.6652712353547365e-17
4.6765394908826967e-17
4.6990760019386194e-17
4.7159783852305596e-17
4.72724664075852e-17
4.73851489628648e-17
4.75541727957842e-17
4.7723196628703604e-17
4.794856173926281e-17
4.811758557218221e-17
4.8286609405101636e-17
4.839929196038124e-17
4.856831579330064e-17
4.873733962622004e-17
4.8850022181499644e-17
4.8962704736779245e-17
4.913172856969865e-17
4.930075240261805e-17
4.952611751317728e-17
4.963880006845688e-17
4.992050645665588e-17
5.0202212844854887e-17
5.037123667777429e-17
5.054026051069369e-17
5.0709284343613093e-17
5.082196689889272e-17
5.099099073181212e-17
5.1160014564731524e-17
5.1272697120011126e-17
