5.217657735441199e-19
7.877180884518037e-19
9.472894773964288e-19
1.2132417923041127e-18
1.3728131812487131e-18
1.5323845701933135e-18
1.6919559591379386e-18
1.9047178110640808e-18
2.277051051934848e-18
2.4366224408794485e-18
2.5961938298240736e-18
2.7025747557871323e-18
2.8089556817502157e-18
2.968527070694816e-18
3.1280984596394412e-18
3.2876698485840417e-18
3.394050774547125e-18
3.500431700510184e-18
3.7131935524363506e-18
3.819574478399409e-18
3.9791458673440344e-18
4.085526793307093e-18
4.29828864523326e-18
4.511050497159402e-18
4.723812349085544e-18
4.830193275048628e-18
4.989764663993228e-18
5.149336052937853e-18
5.255716978900912e-18
5.468478830827054e-18
5.5748597567901375e-18
5.681240682753221e-18
5.78762160871628e-18
6.000383460642422e-18
6.106764386605505e-18
6.319526238531672e-18
6.4790976274762724e-18
6.638669016420873e-18
6.798240405365498e-18
6.904621331328557e-18
7.064192720273182e-18
7.223764109217782e-18
7.489716424125466e-18
7.702478276051608e-18
8.021621053940858e-18
8.128001979903917e-18
8.287573368848542e-18
8.393954294811601e-18
8.553525683756226e-18
8.713097072700826e-18
8.925858924626969e-18
9.085430313571594e-18
9.457763554442336e-18
9.670525406368478e-18
9.776906332331562e-18
9.936477721276187e-18
1.0149239573202329e-17
1.030881096214693e-17
1.0468382351091555e-17
1.0627953740036155e-17
1.078752512898078e-17
1.0893906054943839e-17
1.1053477443888464e-17
1.1372620221777665e-17
1.153219161072229e-17
1.169176299966689e-17
1.1851334388611516e-17
1.1957715314574599e-17
1.21172867035192e-17
1.22768580924638e-17
1.2436429481408425e-17
1.2542810407371484e-17
1.2649191333334567e-17
1.2861953185260709e-17
1.2968334111223793e-17
1.3127905500168393e-17
1.350023874103916e-17
1.3606619667002219e-17
1.3713000592965302e-17
1.392576244489147e-17
1.408533383383607e-17
1.424490522278067e-17
1.4351286148743753e-17
1.4510857537688354e-17
1.467042892663298e-17
1.483000031557758e-17
1.4989571704522205e-17
1.5149143093466805e-17
1.5308714482411405e-17
1.541509540837449e-17
1.5574666797319114e-17
1.5681047723282173e-17
1.5787428649245256e-17
1.5947000038189856e-17
1.6159761890116023e-17
1.6319333279060624e-17
1.6478904668005224e-17
1.6585285593968308e-17
1.679804744589445e-17
1.6904428371857533e-17
1.722357114974676e-17
1.7595904390617526e-17
1.7755475779562126e-17
1.802142809446981e-17
1.8287380409377494e-17
1.8446951798322094e-17
1.8712904113229778e-17
1.8925665965155945e-17
1.9032046891119004e-17
1.9138427817082087e-17
1.9244808743045146e-17
1.935118966900823e-17
1.9563951520934396e-17
1.9670332446897455e-17
1.9776713372860538e-17
1.993628476180514e-17
2.0095856150749764e-17
2.0202237076712823e-17
2.0308618002675906e-17
2.057457031758359e-17
2.0893713095472815e-17
2.13192367993251e-17
2.1425617725288183e-17
2.1531998651251266e-17
2.179795096615895e-17
2.2063903281066634e-17
2.2329855595974318e-17
2.254261744790046e-17
2.2755379299826602e-17
2.2914950688771203e-17
2.3021331614734286e-17
2.312771254069737e-17
2.3234093466660453e-17
2.3393664855605053e-17
2.3500045781568137e-17
2.3606426707531195e-17
2.371280763349428e-17
2.392556948542042e-17
2.408514087436502e-17
2.445747411523579e-17
2.461704550418039e-17
2.4829807356106556e-17
2.4936188282069615e-17
2.509575967101424e-17
2.5202140596977323e-17
2.5308521522940382e-17
2.5521283374866524e-17
2.573404522679269e-17
2.589361661573729e-17
2.5999997541700375e-17
2.6159568930644975e-17
2.6265949856608058e-17
2.6372330782571117e-17
2.64787117085342e-17
2.658509263449726e-17
2.6797854486423426e-17
2.690423541238651e-17
2.7010616338349568e-17
2.7116997264312652e-17
2.7276568653257252e-17
2.7489330505183394e-17
2.7755282820091078e-17
2.7914854209035703e-17
2.8074425597980304e-17
2.818080652394339e-17
2.8287187449906446e-17
2.844675883885107e-17
2.860633022779567e-17
2.8765901616740296e-17
2.8925473005684897e-17
2.9138234857611064e-17
2.9457377635500264e-17
2.956375856146335e-17
2.972332995040795e-17
2.982971087637103e-17
3.0042472728297174e-17
3.014885365426026e-17
3.030842504320486e-17
3.046799643214948e-17
3.0627567821094083e-17
3.0733948747057167e-17
3.089352013600177e-17
3.115947245090945e-17
3.1265853376872534e-17
3.153180569178022e-17
3.169137708072482e-17
3.17977580066879e-17
3.1904138932650985e-17
3.2063710321595586e-17
3.217009124755867e-17
3.232966263650327e-17
3.243604356246635e-17
3.2648805414392495e-17
3.275518634035558e-17
3.296794819228172e-17
3.3287090970170946e-17
3.3393471896134005e-17
3.360623374806017e-17
3.3872186062967856e-17
3.413813837787554e-17
3.4404090692783223e-17
3.4563662081727824e-17
3.467004300769091e-17
3.482961439663551e-17
3.493599532259859e-17
3.5042376248561674e-17
3.5255138100487817e-17
3.541470948943242e-17
3.55210904153955e-17
3.573385226732164e-17
3.589342365626624e-17
3.5999804582229326e-17
3.621256643415547e-17
3.631894736011855e-17
3.647851874906318e-17
3.6584899675026236e-17
3.674447106397086e-17
3.685085198993392e-17
3.7010423378878545e-17
3.727637569378623e-17
3.743594708273083e-17
3.764870893465697e-17
3.7755089860620054e-17
3.7861470786583113e-17
3.807423263850928e-17
3.823380402745388e-17
3.844656587938005e-17
3.8552946805343106e-17
3.871251819428773e-17
3.887208958323233e-17
3.903166097217693e-17
3.9138041898140015e-17
3.92444228241031e-17
3.935080375006616e-17
3.95635656019923e-17
3.966994652795538e-17
3.9776327453918466e-17
3.998908930584461e-17
4.0148660694789234e-17
4.025504162075229e-17
4.0361422546715376e-17
4.0467803472678435e-17
4.057418439864152e-17
4.06805653246046e-17
4.0893327176530743e-17
4.1106089028456886e-17
4.131885088038303e-17
4.153161273230917e-17
4.1637993658272253e-17
4.190394597317994e-17
4.201032689914302e-17
4.2116707825106104e-17
4.222308875106916e-17
4.238266014001379e-17
4.2489041065976847e-17
4.264861245492147e-17
4.280818384386607e-17
4.2914564769829155e-17
4.3074136158773756e-17
4.318051708473684e-17
4.334008847368144e-17
4.3606040788589124e-17
4.371242171455221e-17
4.397837402945989e-17
4.4244326344367575e-17
4.435070727033066e-17
4.4457088196293717e-17
4.45634691222568e-17
4.466985004821986e-17
4.477623097418294e-17
4.493580236312754e-17
4.5042183289090626e-17
4.514856421505371e-17
4.552089745592445e-17
4.568046884486908e-17
4.584004023381368e-17
4.594642115977676e-17
4.610599254872136e-17
4.631875440064753e-17
4.653151625257367e-17
4.6797468567481354e-17
4.690384949344441e-17
4.7010230419407496e-17
4.727618273431518e-17
4.7382563660278264e-17
4.748894458624132e-17
4.770170643816749e-17
4.786127782711209e-17
4.796765875307517e-17
4.807403967903823e-17
4.82868015309644e-17
4.839318245692746e-17
4.855275384587208e-17
4.8765515697798225e-17
4.8871896623761283e-17
4.908465847568745e-17
4.919103940165051e-17
4.940380125357665e-17
4.9510182179539734e-17
4.966975356848436e-17
4.982932495742896e-17
4.9935705883392043e-17
5.0095277272336644e-17
5.020165819829973e-17
5.036122958724433e-17
5.046761051320741e-17
5.062718190215201e-17
5.0786753291096637e-17
5.0893134217059695e-17
5.105270560600432e-17
5.121227699494892e-17
