5.202437645194652e-19
6.165801807561712e-19
7.610848051112117e-19
8.574212213479053e-19
9.53757637584599e-19
1.0982622619396518e-18
1.1945986781763454e-18
1.290935094413039e-18
1.3872715106497327e-18
1.4836079268864264e-18
1.676280759359826e-18
1.7726171755965197e-18
1.91712179995156e-18
2.061626424306613e-18
2.1579628405433066e-18
2.2542992567800002e-18
2.350635673016694e-18
2.4951402973717467e-18
2.5914767136084403e-18
2.687813129845134e-18
2.8323177542001745e-18
2.9768223785552273e-18
3.073158794791921e-18
3.2658316272653082e-18
3.506672667857055e-18
3.651177292212095e-18
3.795681916567136e-18
4.036522957158882e-18
4.1810275815139225e-18
4.277363997750616e-18
4.373700413987322e-18
4.662709662697403e-18
4.759046078934097e-18
4.9035507032891496e-18
4.999887119525843e-18
5.144391743880884e-18
5.2888963682359365e-18
5.433400992590977e-18
5.5779056169460175e-18
5.770578449419417e-18
5.866914865656111e-18
6.059587698129498e-18
6.396765154957938e-18
6.5894379874313254e-18
6.830279028023072e-18
6.974783652378112e-18
7.263792901088206e-18
7.456465733561593e-18
7.600970357916646e-18
7.745474982271686e-18
7.889979606626727e-18
8.227157063455167e-18
8.467998104046913e-18
8.564334520283607e-18
8.6606709365203e-18
8.853343768993688e-18
8.949680185230381e-18
9.046016601467087e-18
9.383194058295515e-18
9.575866890768915e-18
9.720371515123955e-18
9.864876139479008e-18
9.961212555715702e-18
1.0153885388189089e-17
1.0442894636899182e-17
1.0683735677490916e-17
1.078007209372761e-17
1.1020913134319357e-17
1.1165417758674397e-17
1.130992238302945e-17
1.1406258799266144e-17
1.1550763423621184e-17
1.1647099839857878e-17
1.1743436256094571e-17
1.2032445504804665e-17
1.2128781921041358e-17
1.2225118337278064e-17
1.2321454753514758e-17
1.2417791169751451e-17
1.2514127585988145e-17
1.2658632210343198e-17
1.2899473250934932e-17
1.2995809667171626e-17
1.3188482499645025e-17
1.3381155332118413e-17
1.3477491748355106e-17
1.37665009970652e-17
1.3862837413301893e-17
1.4007342037656934e-17
1.424818307824868e-17
1.4344519494485374e-17
1.4537192326958773e-17
1.4778033367550508e-17
1.4970706200023895e-17
1.50670426162606e-17
1.5163379032497294e-17
1.5500556489325735e-17
1.5645061113680775e-17
1.5837733946154162e-17
1.5934070362390868e-17
1.6030406778627562e-17
1.6126743194864256e-17
1.6319416027337643e-17
1.641575244357435e-17
1.6512088859811043e-17
1.670476169228443e-17
1.689743452475783e-17
1.6993770940994523e-17
1.7090107357231217e-17
1.718644377346791e-17
1.7330948397822963e-17
1.7475453022178004e-17
1.7571789438414697e-17
1.7812630479006444e-17
1.7908966895243137e-17
1.800530331147983e-17
1.8149807935834872e-17
1.834248076830827e-17
1.8486985392663312e-17
1.8583321808900005e-17
1.8727826433255058e-17
1.88723310576101e-17
1.8968667473846792e-17
1.9113172098201845e-17
1.920950851443854e-17
1.9450349555030273e-17
1.9643022387503672e-17
1.9787527011858713e-17
1.9932031636213753e-17
2.0028368052450447e-17
2.0221040884923847e-17
2.031737730116054e-17
2.051005013363394e-17
2.0606386549870634e-17
2.0750891174225674e-17
2.1039900422935767e-17
2.1184405047290808e-17
2.1425246087882542e-17
2.1521582504119248e-17
2.1666087128474288e-17
2.1762423544710982e-17
2.1906928169066035e-17
2.2051432793421075e-17
2.2244105625894463e-17
2.2388610250249503e-17
2.2533114874604556e-17
2.262945129084125e-17
2.2822124123314637e-17
2.2918460539551343e-17
2.3062965163906383e-17
2.3159301580143077e-17
2.3351974412616477e-17
2.344831082885317e-17
2.3544647245089864e-17
2.3689151869444904e-17
2.3785488285681598e-17
2.392999291003665e-17
2.4026329326273344e-17
2.4219002158746732e-17
2.4363506783101785e-17
2.4459843199338478e-17
2.4652516031811866e-17
2.4797020656166918e-17
2.4893357072403612e-17
2.4989693488640306e-17
2.5182366321113705e-17
2.5471375569823786e-17
2.5664048402297186e-17
2.5808553026652226e-17
2.5953057651007267e-17
2.609756227536232e-17
2.624206689971736e-17
2.6434739732190747e-17
2.6627412564664147e-17
2.686825360525588e-17
2.6964590021492575e-17
2.7157262853965974e-17
2.7301767478321015e-17
2.7494440310794414e-17
2.7638944935149455e-17
2.792795418385955e-17
2.802429060009624e-17
2.8120627016332936e-17
2.8265131640687976e-17
2.8409636265043016e-17
2.8746813721871457e-17
2.884315013810815e-17
2.9083991178699897e-17
2.922849580305494e-17
2.937300042740999e-17
2.9469336843646684e-17
2.956567325988338e-17
2.966200967612007e-17
2.980651430047511e-17
2.9951018924830164e-17
3.014369175730355e-17
3.0240028173540245e-17
3.033636458977695e-17
3.0432701006013645e-17
3.052903742225034e-17
3.062537383848703e-17
3.072171025472374e-17
3.101071950343382e-17
3.115522412778887e-17
3.129972875214391e-17
3.144423337649895e-17
3.16850744170907e-17
3.178141083332739e-17
3.1877747249564086e-17
3.2070420082037474e-17
3.2263092914510873e-17
3.245576574698426e-17
3.2600270371339313e-17
3.2744774995694354e-17
3.3081952452522794e-17
3.317828886875949e-17
3.327462528499618e-17
3.3370961701232875e-17
3.351546632558793e-17
3.3708139158061315e-17
3.380447557429801e-17
3.39008119905347e-17
3.40934848230081e-17
3.4189821239244796e-17
3.428615765548149e-17
3.438249407171818e-17
3.4478830487954877e-17
3.462333511230993e-17
3.476783973666498e-17
3.5056848985375063e-17
3.5153185401611757e-17
3.5394026442203503e-17
3.553853106655853e-17
3.573120389903192e-17
3.587570852338697e-17
3.6020213147742024e-17
3.616471777209708e-17
3.626105418833377e-17
3.6357390604570464e-17
3.6646399853280545e-17
3.67909044776356e-17
3.688724089387229e-17
3.7031745518227345e-17
3.7128081934464014e-17
3.722441835070073e-17
3.7368922975055785e-17
3.751342759941081e-17
3.775426864000256e-17
3.799510968059428e-17
3.8091446096831e-17
3.8187782513067693e-17
3.8284118929304387e-17
3.838045534554108e-17
3.852495996989611e-17
3.866946459425116e-17
3.876580101048788e-17
3.891030563484291e-17
3.90066420510796e-17
3.919931488355299e-17
3.929565129978971e-17
3.9391987716026376e-17
3.9488324132263094e-17
3.958466054849979e-17
3.968099696473648e-17
3.997000621344656e-17
4.0114510837801615e-17
4.035535187839336e-17
4.0740697543340136e-17
4.0933370375813524e-17
4.112604320828691e-17
4.1270547832641964e-17
4.1415052456997017e-17
4.1607725289470404e-17
4.189673453818051e-17
4.204123916253554e-17
4.2233911995008925e-17
4.237841661936398e-17
4.2522921243719006e-17
4.2619257659955724e-17
4.276376228431075e-17
4.2908266908665805e-17
4.3052771533020833e-17
4.3197276157375886e-17
4.3389948989849273e-17
4.358262182232266e-17
4.367895823855938e-17
4.377529465479607e-17
4.396796748726946e-17
4.411247211162449e-17
4.4208808527861206e-17
4.444964956845293e-17
4.459415419280798e-17
4.483499523339973e-17
4.4979499857754756e-17
4.5075836273991474e-17
4.517217269022817e-17
4.526850910646486e-17
4.5413013730819914e-17
4.5702022979529995e-17
4.579835939576669e-17
4.589469581200338e-17
4.6087368644476794e-17
4.6183705060713463e-17
4.628004147695018e-17
4.642454610130521e-17
4.671355535001529e-17
4.695439639060706e-17
4.714706922308045e-17
4.7339742055553836e-17
4.748424667990889e-17
4.762875130426392e-17
4.7773255928618945e-17
4.7869592344855664e-17
4.8014096969210717e-17
4.83031062179208e-17
4.839944263415749e-17
4.8543947258512544e-17
4.868845188286757e-17
4.8784788299104266e-17
4.892929292345932e-17
4.907379754781437e-17
4.92183021721694e-17
4.936280679652445e-17
4.950731142087948e-17
4.969998425335289e-17
4.989265708582628e-17
5.008532991829967e-17
5.018166633453636e-17
5.027800275077308e-17
5.037433916700975e-17
5.0567011999483135e-17
5.071151662383819e-17
5.0807853040074906e-17
5.1000525872548294e-17
5.1145030496903346e-17
5.1289535121258375e-17
