4.420419338844389e-19
7.017240443168072e-19
9.094697326627264e-19
1.0652789989221474e-18
1.1691518430950947e-18
1.273024687268042e-18
1.4807703756139613e-18
1.688516063959856e-18
1.7923889081328156e-18
1.8962617523057752e-18
2.052071018565196e-18
2.2078802848246295e-18
2.311753128997589e-18
2.4156259731705364e-18
2.5194988173434837e-18
2.623371661516431e-18
2.8311173498623503e-18
2.9869266161217713e-18
3.0907994602947186e-18
3.2466087265541642e-18
3.3504815707271115e-18
3.5062908369865325e-18
3.662100103245978e-18
3.7659729474189254e-18
3.869845791591873e-18
3.97371863576482e-18
4.129527902024266e-18
4.233400746197213e-18
4.33727359037016e-18
4.4411464345431076e-18
4.5450192787160795e-18
4.752764967061974e-18
4.9605106554078934e-18
5.064383499580841e-18
5.220192765840262e-18
5.376002032099695e-18
5.635684142532076e-18
5.7914934087914966e-18
5.8953662529644686e-18
6.0511755192238895e-18
6.155048363396837e-18
6.3108576296562824e-18
6.41473047382923e-18
6.518603318002177e-18
6.622476162175124e-18
6.77828542843457e-18
6.882158272607517e-18
7.089903960953412e-18
7.193776805126372e-18
7.349586071385805e-18
7.505395337645226e-18
7.661204603904671e-18
7.972823136423513e-18
8.128632402682959e-18
8.28444166894238e-18
8.54412377937476e-18
8.751869467720668e-18
9.01155157815306e-18
9.219297266498955e-18
9.375106532758376e-18
9.530915799017822e-18
9.634788643190769e-18
9.738661487363716e-18
9.842534331536664e-18
9.946407175709636e-18
1.0050280019882583e-17
1.0309962130314963e-17
1.0465771396574372e-17
1.0673517084920316e-17
1.088126277326621e-17
1.0985135617439158e-17
1.1140944883698579e-17
1.1244817727871526e-17
1.1556436260390417e-17
1.1712245526649838e-17
1.186805479290926e-17
1.202386405916868e-17
1.2179673325428101e-17
1.2335482591687547e-17
1.2491291857946993e-17
1.2647101124206414e-17
1.2750973968379361e-17
1.2958719656725255e-17
1.3062592500898203e-17
1.3218401767157624e-17
1.332227461133062e-17
1.3478083877590041e-17
1.3633893143849462e-17
1.373776598802241e-17
1.3945511676368304e-17
1.4049384520541252e-17
1.430906663097367e-17
1.4516812319319564e-17
1.4724558007665458e-17
1.4828430851838406e-17
1.4984240118097827e-17
1.5140049384357297e-17
1.5399731494789665e-17
1.5503604338962613e-17
1.560747718313556e-17
1.5711350027308507e-17
1.5815222871481454e-17
1.5919095715654402e-17
1.6022968559827398e-17
1.6230714248173293e-17
1.6386523514432714e-17
1.659426920277861e-17
1.6698142046951556e-17
1.69058877352975e-17
1.706169700155692e-17
1.7217506267816342e-17
1.747718837824871e-17
1.763299764450813e-17
1.7736870488681078e-17
1.7840743332854075e-17
1.7996552599113496e-17
1.8308171131632338e-17
1.8412043975805285e-17
1.8515916819978232e-17
1.8671726086237678e-17
1.877559893041065e-17
1.8983344618756545e-17
1.9139153885015966e-17
1.950270883962128e-17
1.9710454527967225e-17
1.9866263794226646e-17
2.007400948257254e-17
2.0281755170918435e-17
2.0541437281350853e-17
2.06453101255238e-17
2.0749182969696748e-17
2.090499223595617e-17
2.1008865080129116e-17
2.121661076847501e-17
2.1320483612647958e-17
2.1580165723080375e-17
2.1735974989339796e-17
2.1995657099772165e-17
2.220340278811806e-17
2.235921205437753e-17
2.2463084898550477e-17
2.2618894164809898e-17
2.2878576275242266e-17
2.308632196358816e-17
2.3294067651934105e-17
2.3397940496107052e-17
2.3553749762366473e-17
2.3709559028625894e-17
2.381343187279884e-17
2.4021177561144736e-17
2.4176986827404206e-17
2.4280859671577153e-17
2.4436668937836574e-17
2.4696351048268943e-17
2.480022389244189e-17
2.4956033158701336e-17
2.511184242496078e-17
2.5423460957479623e-17
2.552733380165257e-17
2.5631206645825518e-17
2.5735079489998465e-17
2.589088875625791e-17
2.5994761600430883e-17
2.609863444460383e-17
2.6358316555036198e-17
2.6462189399209146e-17
2.6617998665468566e-17
2.6877680775900984e-17
2.7137362886333352e-17
2.72412357305063e-17
2.7345108574679247e-17
2.7604790685111615e-17
2.7708663529284612e-17
2.8176091328062875e-17
2.838383701640877e-17
2.859158270475469e-17
2.885126481518708e-17
2.9059010503532976e-17
2.926675619187887e-17
2.947450188022479e-17
2.968224756857071e-17
2.9786120412743657e-17
2.994192967900308e-17
3.025354821152192e-17
3.0409357477781365e-17
3.0617103166127284e-17
3.0772912432386705e-17
3.0928721698646126e-17
3.1188403809078495e-17
3.1292276653251467e-17
3.139614949742444e-17
3.1500022341597386e-17
3.170776802994328e-17
3.18635772962027e-17
3.196745014037565e-17
3.212325940663507e-17
3.227906867289454e-17
3.2486814361240435e-17
3.259068720541338e-17
3.269456004958633e-17
3.285036931584575e-17
3.300617858210517e-17
3.331779711462406e-17
3.3473606380883483e-17
3.357747922505643e-17
3.38371613354888e-17
3.3992970601748245e-17
3.414877986800769e-17
3.425265271218064e-17
3.446039840052653e-17
3.4616207666785953e-17
3.4772016933045374e-17
3.4875889777218346e-17
3.5083635465564265e-17
3.529138115391016e-17
3.5499126842256055e-17
3.575880895268842e-17
3.586268179686142e-17
3.5966554641034367e-17
3.6226236751466735e-17
3.6485918861899103e-17
3.6641728128158524e-17
3.700528308276389e-17
3.716109234902331e-17
3.731690161528273e-17
3.747271088154215e-17
3.7576583725715124e-17
3.773239299197457e-17
3.7940138680320464e-17
3.8095947946579885e-17
3.830369363492578e-17
3.840756647909873e-17
3.85633757453582e-17
3.877112143370409e-17
3.887499427787704e-17
3.918661281039588e-17
3.929048565456883e-17
3.949823134291477e-17
3.960210418708772e-17
3.975791345334714e-17
4.0121468407952457e-17
4.0225341252125404e-17
4.048502336255782e-17
4.0692769050903716e-17
4.090051473924961e-17
4.100438758342256e-17
4.1264069693854976e-17
4.136794253802792e-17
4.157568822637382e-17
4.1679561070546765e-17
4.1835370336806186e-17
4.193924318097913e-17
4.204311602515208e-17
4.219892529141155e-17
4.23027981355845e-17
4.2406670979757445e-17
4.251054382393039e-17
4.2666353090189814e-17
4.2822162356449235e-17
4.292603520062218e-17
4.3133780888968126e-17
4.3289590155227547e-17
4.3393462999400494e-17
4.349733584357344e-17
4.360120868774639e-17
4.375701795400581e-17
4.386089079817876e-17
4.401670006443823e-17
4.4276382174870595e-17
4.4432191441130016e-17
4.458800070738944e-17
4.474380997364886e-17
4.5003492084081276e-17
4.5107364928254223e-17
4.521123777242717e-17
4.531511061660012e-17
4.5418983460773065e-17
4.5574792727032486e-17
4.573060199329193e-17
4.5834474837464904e-17
4.593834768163785e-17
4.609415694789727e-17
4.624996621415669e-17
4.635383905832964e-17
4.650964832458906e-17
4.6613521168762033e-17
4.676933043502148e-17
4.69251397012809e-17
4.702901254545385e-17
4.7132885389626794e-17
4.7288694655886215e-17
4.7444503922145636e-17
4.7600313188405107e-17
4.7704186032578054e-17
4.7859995298837475e-17
4.796386814301042e-17
4.8171613831356317e-17
4.837935951970221e-17
4.848323236387521e-17
4.879485089639405e-17
4.9002596584739945e-17
4.926227869517231e-17
4.936615153934531e-17
4.9470024383518257e-17
4.962583364977768e-17
4.9885515760210046e-17
5.009326144855594e-17
5.019713429272891e-17
5.0301007136901885e-17
5.040487998107483e-17
5.050875282524778e-17
5.06645620915072e-17
5.082037135776662e-17
5.092424420193957e-17
5.1028117046112516e-17
5.113198989028549e-17
5.133973557863141e-17
