5.67544684498274e-19
7.772055890095845e-19
1.0392817196487042e-18
1.1965273980321685e-18
1.3013578502878361e-18
1.4586035286713005e-18
1.7206796593104325e-18
1.877925337693897e-18
1.9827557899495398e-18
2.1924166944608503e-18
2.3496623728443147e-18
2.559323277355625e-18
2.664153729611268e-18
2.9262298602504e-18
3.0834755386338645e-18
3.293136443145175e-18
3.6076277999121284e-18
3.764873478295593e-18
3.922119156679057e-18
4.079364835062546e-18
4.2366105134460106e-18
4.3414409657016535e-18
4.4986866440851426e-18
4.6035170963407855e-18
4.7083475485964284e-18
5.022838905363382e-18
5.180084583746871e-18
5.284915036002514e-18
5.389745488258157e-18
5.546991166641646e-18
5.70423684502511e-18
6.071143427919885e-18
6.175973880175528e-18
6.3332195585589924e-18
6.43805001081466e-18
6.595295689198124e-18
6.909787045965078e-18
7.01461749822072e-18
7.119447950476388e-18
7.224278402732031e-18
7.329108854987674e-18
7.538769759498985e-18
7.696015437882449e-18
7.800845890138092e-18
7.905676342393735e-18
8.115337246905045e-18
8.220167699160688e-18
8.377413377544177e-18
8.48224382979982e-18
8.587074282055463e-18
8.744319960438952e-18
8.901565638822417e-18
9.111226543333727e-18
9.21605699558937e-18
9.373302673972834e-18
9.635378804611966e-18
9.74020925686761e-18
9.845039709123252e-18
1.0054700613634563e-17
1.0316776744273695e-17
1.0421607196529338e-17
1.0736098553296291e-17
1.0893344231679755e-17
1.1103005136191066e-17
1.126025081457453e-17
1.1365081266830198e-17
1.1522326945213662e-17
1.1627157397469305e-17
1.1731987849724948e-17
1.1941648754236259e-17
1.2046479206491902e-17
1.220372488487539e-17
1.2308555337131034e-17
1.2413385789386677e-17
1.2570631467770166e-17
1.2780292372281451e-17
1.3042368502920583e-17
1.3147198955176226e-17
1.330444463355969e-17
1.3566520764198823e-17
1.3776181668710133e-17
1.3881012120965776e-17
1.398584257322142e-17
1.424791870386055e-17
1.4352749156116194e-17
1.4509994834499683e-17
1.4614825286755326e-17
1.471965573901097e-17
1.492931664352228e-17
1.5243808000289208e-17
1.5348638452544876e-17
1.545346890480052e-17
1.5663129809311804e-17
1.5767960261567472e-17
1.6134866844462247e-17
1.6344527748973533e-17
1.64493582012292e-17
1.6659019105740486e-17
1.6868680010251772e-17
1.7130756140890904e-17
1.7392832271530036e-17
1.7602493176041322e-17
1.770732362829699e-17
1.7969399758936097e-17
1.8126645437319586e-17
1.828389111570305e-17
1.8388721567958718e-17
1.8598382472470004e-17
1.8860458603109136e-17
1.90177042814926e-17
1.9122534733748243e-17
1.922736518600391e-17
1.9332195638259553e-17
1.9489441316643018e-17
1.9646686995026507e-17
1.975151744728215e-17
1.9856347899537793e-17
2.0066008804049103e-17
2.0223254482432568e-17
2.0380500160816057e-17
2.0590161065327342e-17
2.0747406743710807e-17
2.0904652422094296e-17
2.100948287434994e-17
2.1114313326605582e-17
2.127155900498907e-17
2.1481219909500357e-17
2.1638465587883846e-17
2.1900541718522978e-17
2.2057787396906442e-17
2.2215033075289906e-17
2.2424693979801217e-17
2.258193965818468e-17
2.2791600562695992e-17
2.2896431014951635e-17
2.30536766933351e-17
2.3158507145590767e-17
2.331575282397423e-17
2.3577828954613363e-17
2.3682659406869006e-17
2.3892320311380316e-17
2.399715076363596e-17
2.4101981215891602e-17
2.4311642120402913e-17
2.4468887798786377e-17
2.4678548703297688e-17
2.4835794381681152e-17
2.4993040060064617e-17
2.5097870512320284e-17
2.535994664295939e-17
2.546477709521506e-17
2.5569607547470702e-17
2.5779268451981988e-17
2.5936514130365477e-17
2.604134458262112e-17
2.6198590261004584e-17
2.6355835939388073e-17
2.6513081617771538e-17
2.6617912070027205e-17
2.6722742522282848e-17
2.6879988200666312e-17
2.7089649105177623e-17
2.7246894783561087e-17
2.7404140461944576e-17
2.7613801366455862e-17
2.7718631818711505e-17
2.782346227096717e-17
2.798070794935064e-17
2.829519930611759e-17
2.8452444984501055e-17
2.8662105889012365e-17
2.876693634126801e-17
2.89241820196515e-17
2.902901247190714e-17
2.9133842924162783e-17
2.9238673376418426e-17
2.9343503828674094e-17
2.9448334280929737e-17
2.96055799593132e-17
2.981524086382451e-17
2.9920071316080155e-17
3.00249017683358e-17
3.0182147446719286e-17
3.028697789897493e-17
3.054905402961406e-17
3.0863545386381015e-17
3.096837583863666e-17
3.10732062908923e-17
3.1178036743147944e-17
3.133528242153143e-17
3.1440112873787076e-17
3.159735855217054e-17
3.170218900442621e-17
3.185943468280967e-17
3.2016680361193136e-17
3.2173926039576625e-17
3.243600217021576e-17
3.25408326224714e-17
3.280290875311053e-17
3.2960154431493997e-17
3.311740010987746e-17
3.327464578826095e-17
3.3484306692772236e-17
3.358913714502788e-17
3.3693967597283546e-17
3.40084589540505e-17
3.411328940630614e-17
3.4218119858561786e-17
3.432295031081743e-17
3.448019598920092e-17
3.463744166758438e-17
3.5004348250479157e-17
3.521400915499047e-17
3.537125483337393e-17
3.5476085285629575e-17
3.5685746190140885e-17
3.584299186852435e-17
3.600023754690784e-17
3.6367144129802614e-17
3.6471974582058256e-17
3.668163548656954e-17
3.689129639108085e-17
3.6996126843336496e-17
3.7205787747847806e-17
3.736303342623127e-17
3.7467863878486914e-17
3.757269433074258e-17
3.778235523525387e-17
3.7887185687509535e-17
3.809684659202082e-17
3.825409227040431e-17
3.835892272265995e-17
3.8516168401043417e-17
3.862099885329906e-17
3.877824453168255e-17
3.888307498393819e-17
3.90927358884495e-17
3.9249981566832967e-17
3.940722724521643e-17
3.956447292359992e-17
3.9774133828111206e-17
3.9878964280366873e-17
4.003620995875034e-17
4.01934556371338e-17
4.029828608938947e-17
4.040311654164511e-17
4.06127774461564e-17
4.077002312453989e-17
4.087485357679553e-17
4.0979684029051173e-17
4.1294175385818127e-17
4.1451421064201616e-17
4.160866674258508e-17
4.176591242096857e-17
4.1975573325479855e-17
4.20804037777355e-17
4.218523422999114e-17
4.234247990837463e-17
4.244731036063027e-17
4.2656971265141584e-17
4.297146262190854e-17
4.3128708300292e-17
4.3285953978675466e-17
4.3495614883186776e-17
4.365286056157024e-17
4.4019767144465016e-17
4.412459759672066e-17
4.428184327510415e-17
4.438667372735979e-17
4.45963346318711e-17
4.4701165084126744e-17
4.4805995536382387e-17
4.4910825988638054e-17
4.50156564408937e-17
4.512048689314934e-17
4.527773257153283e-17
4.5434978249916294e-17
4.559222392829976e-17
4.580188483281107e-17
4.590671528506671e-17
4.6063960963450176e-17
4.6168791415705843e-17
4.632603709408931e-17
4.6483282772472797e-17
4.669294367698408e-17
4.6902604581495393e-17
4.7007435033751036e-17
4.71646807121345e-17
4.726951116439017e-17
4.737434161664581e-17
4.7584002521157097e-17
4.779366342566841e-17
4.795090910405187e-17
4.810815478243536e-17
4.8212985234691004e-17
4.852747659145796e-17
4.873713749596924e-17
4.8946798400480554e-17
4.9051628852736196e-17
4.915645930499184e-17
4.936612020950315e-17
4.9575781114014436e-17
4.9733026792397925e-17
5.00999333752927e-17
5.0309594279803986e-17
5.0414424732059653e-17
5.0519255184315296e-17
5.062408563657094e-17
5.078133131495443e-17
5.093857699333789e-17
5.114823789784918e-17
5.1253068350104846e-17
5.135789880236049e-17
