3.6242257093725946e-19
5.112224894777139e-19
6.600224080181684e-19
8.584222994054328e-19
1.007222217945875e-18
1.1560221364863171e-18
1.3048220550267716e-18
1.552821919260846e-18
1.6520218649544781e-18
1.8008217834949203e-18
1.9000217291885648e-18
2.048821647729007e-18
2.2472215391162714e-18
2.4456214305035358e-18
2.544821376197168e-18
2.6440213218908e-18
2.8424212132780523e-18
2.9416211589716968e-18
3.090421077512139e-18
3.189621023205771e-18
3.3384209417462256e-18
3.487220860286668e-18
3.5864208059803e-18
3.685620751673932e-18
3.834420670214374e-18
4.082420534448449e-18
4.181620480142093e-18
4.330420398682535e-18
4.4792203172229775e-18
4.628020235763432e-18
4.727220181457064e-18
4.826420127150696e-18
4.975220045691151e-18
5.074419991384771e-18
5.173619937078415e-18
5.372019828465667e-18
5.620019692699754e-18
5.8184195840870184e-18
5.9672195026274605e-18
6.066419448321093e-18
6.264819339708357e-18
6.413619258248812e-18
6.5624191767892415e-18
6.810419041023328e-18
6.95921895956377e-18
7.058418905257415e-18
7.207218823797857e-18
7.306418769491489e-18
7.405618715185121e-18
7.554418633725564e-18
7.703218552266018e-18
7.85201847080646e-18
8.000818389346902e-18
8.149618307887357e-18
8.248818253580989e-18
8.348018199274621e-18
8.447218144968253e-18
8.596018063508695e-18
8.844017927742782e-18
8.992817846283224e-18
9.092017791976857e-18
9.290417683364121e-18
9.488817574751385e-18
9.68721746613865e-18
9.984817303219546e-18
1.0133617221760001e-17
1.0381617085994075e-17
1.0728816895921782e-17
1.0877616814462224e-17
1.112561667869631e-17
1.1224816624389943e-17
1.1423216515777207e-17
1.1720816352858091e-17
1.1820016298551736e-17
1.1968816217092178e-17
1.2167216108479443e-17
1.2316016027019885e-17
1.2464815945560339e-17
1.2762415782641223e-17
1.2861615728334868e-17
1.3060015619722132e-17
1.3159215565415752e-17
1.3357615456803017e-17
1.3456815402496661e-17
1.3556015348190281e-17
1.3754415239577545e-17
1.4052015076658442e-17
1.4151215022352074e-17
1.4250414968045707e-17
1.444881485943297e-17
1.4597614777973413e-17
1.4746414696513868e-17
1.48456146422075e-17
1.4994414560747942e-17
1.5093614506441586e-17
1.529201439782884e-17
1.539121434352247e-17
1.5688814180603367e-17
1.583761409914381e-17
1.5936814044837454e-17
1.6036013990531074e-17
1.6184813909071528e-17
1.6333613827611983e-17
1.6432813773305603e-17
1.6581613691846057e-17
1.6680813637539677e-17
1.682961355608013e-17
1.7028013447467396e-17
1.717681336600785e-17
1.727601331170147e-17
1.7375213257395115e-17
1.7524013175935557e-17
1.7672813094476e-17
1.7821613013016454e-17
1.7970412931556896e-17
1.8119212850097338e-17
1.8218412795790982e-17
1.8317612741484602e-17
1.8416812687178247e-17
1.8516012632871867e-17
1.866481255141232e-17
1.8813612469952776e-17
1.8912812415646395e-17
1.911121230703366e-17
1.9359212171267734e-17
1.950801208980819e-17
1.9756011954042263e-17
1.9855211899735908e-17
2.000401181827635e-17
2.0152811736816792e-17
2.0301611655357246e-17
2.0400811601050866e-17
2.050001154674451e-17
2.0698411438131775e-17
2.0847211356672217e-17
2.094641130236585e-17
2.1095211220906304e-17
2.1194411166599924e-17
2.1293611112293568e-17
2.1442411030833998e-17
2.1640810922221263e-17
2.1740010867914907e-17
2.188881078645535e-17
2.198801073214898e-17
2.2136810650689436e-17
2.2285610569229878e-17
2.2484010460617143e-17
2.2583210406310775e-17
2.283121027054485e-17
2.3029610161932114e-17
2.3128810107625746e-17
2.332720999901301e-17
2.3525609890400275e-17
2.3624809836093907e-17
2.377360975463436e-17
2.392240967317479e-17
2.4071209591715246e-17
2.4170409537408878e-17
2.426960948310251e-17
2.4468009374489774e-17
2.466640926587704e-17
2.476560921157067e-17
2.4914409130111113e-17
2.5013609075804758e-17
2.5112809021498377e-17
2.521200896719201e-17
2.5311208912885642e-17
2.5460008831426096e-17
2.5559208777119716e-17
2.5906408587047435e-17
2.615440845128151e-17
2.6352808342668774e-17
2.6551208234056038e-17
2.6700008152596493e-17
2.6799208098290113e-17
2.6948008016830567e-17
2.7096807935371022e-17
2.7245607853911464e-17
2.7444007745298728e-17
2.754320769099236e-17
2.7692007609532802e-17
2.794000747376689e-17
2.808880739230733e-17
2.8237607310847773e-17
2.853520714792868e-17
2.8832806985009567e-17
2.898160690355002e-17
2.908080684924364e-17
2.9180006794937286e-17
2.937840668632455e-17
2.947760663201817e-17
2.9725606496252257e-17
2.98744064147927e-17
3.012240627902677e-17
3.032080617041404e-17
3.046960608895449e-17
3.076720592603539e-17
3.1064805763116285e-17
3.116400570880992e-17
3.126320565450355e-17
3.141200557304399e-17
3.1511205518737624e-17
3.1610405464431256e-17
3.180880535581852e-17
3.195760527435896e-17
3.220560513859305e-17
3.2404005029980314e-17
3.2552804948520756e-17
3.265200489421439e-17
3.280080481275483e-17
3.2900004758448475e-17
3.3048804676988917e-17
3.319760459552936e-17
3.3396004486916623e-17
3.349520443261027e-17
3.364400435115071e-17
3.374320429684434e-17
3.384240424253796e-17
3.3941604188231607e-17
3.414000407961887e-17
3.423920402531249e-17
3.448720388954658e-17
3.458640383524021e-17
3.468560378093384e-17
3.4834403699474284e-17
3.498320361801474e-17
3.5231203482248813e-17
3.542960337363608e-17
3.552880331932971e-17
3.562800326502334e-17
3.5727203210716974e-17
3.597520307495106e-17
3.607440302064468e-17
3.6223202939185135e-17
3.6322402884878755e-17
3.647120280341921e-17
3.657040274911284e-17
3.6768802640500106e-17
3.696720253188737e-17
3.7165602423274635e-17
3.726480236896827e-17
3.73640023146619e-17
3.746320226035553e-17
3.7661602151742796e-17
3.790960201597687e-17
3.8108001907364135e-17
3.8207201853057767e-17
3.840560174444503e-17
3.8604001635832296e-17
3.870320158152593e-17
3.890160147291319e-17
3.910000136430043e-17
3.924880128284091e-17
3.939760120138134e-17
3.9546401119921796e-17
3.979440098415587e-17
3.9992800875543134e-17
4.014160079408359e-17
4.024080073977721e-17
4.0389600658317663e-17
4.048880060401131e-17
4.063760052255174e-17
4.073680046824536e-17
4.0885600386785836e-17
4.1034400305326266e-17
4.1183200223866696e-17
4.1332000142407175e-17
4.1480800060947605e-17
4.1679199952334894e-17
4.1778399898028514e-17
4.207599973510942e-17
4.217519968080304e-17
4.227439962649666e-17
4.242319954503709e-17
4.257199946357757e-17
4.267119940927119e-17
4.281999932781162e-17
4.291919927350529e-17
4.301839921919891e-17
4.316719913773934e-17
4.336559902912663e-17
4.351439894766706e-17
4.376239881190116e-17
4.391119873044159e-17
4.405999864898202e-17
4.4307998513216117e-17
4.4456798431756547e-17
4.4605598350297026e-17
4.4754398268837455e-17
4.4903198187377885e-17
4.5101598078765174e-17
4.5200798024458794e-17
4.534959794299925e-17
4.559759780723332e-17
4.579599769862061e-17
4.589519764431423e-17
4.599439759000785e-17
4.609359753570147e-17
4.629199742708876e-17
4.6490397318476e-17
4.663919723701648e-17
4.67383971827101e-17
4.683759712840372e-17
4.703599701979101e-17
4.718479693833144e-17
4.728399688402506e-17
4.738319682971868e-17
4.748239677541235e-17
4.763119669395278e-17
4.7779996612493207e-17
4.7978396503880496e-17
4.8275996340961405e-17
4.8424796259501835e-17
4.8523996205195455e-17
4.8623196150889074e-17
4.8821596042276364e-17
4.8920795987969983e-17
4.9019995933663603e-17
4.921839582505089e-17
4.941679571643813e-17
4.956559563497861e-17
4.966479558067223e-17
4.976399552636585e-17
4.9912795444906305e-17
5.011119533629357e-17
5.021039528198719e-17
5.035919520052767e-17
5.060719506476172e-17
5.080559495614901e-17
5.090479490184263e-17
5.105359482038306e-17
5.11527947660767e-17
5.1351194657463966e-17
