4.17511454846279e-19
6.276626623721144e-19
8.378138698979499e-19
9.428894736608676e-19
1.1005028793052565e-18
1.2055784830681742e-18
1.310654086831092e-18
1.4682674924754685e-18
1.783494303764234e-18
1.8885699075271518e-18
2.0461833131715283e-18
2.151258916934446e-18
2.256334520697376e-18
2.4139479263417527e-18
2.624099133867588e-18
2.729174737630506e-18
2.8342503413934236e-18
3.149477152682189e-18
3.2545527564451068e-18
3.3596283602080245e-18
3.622317369615331e-18
3.727392973378249e-18
3.8324685771411666e-18
3.937544180904084e-18
4.095157586548461e-18
4.25277099219285e-18
4.4103843978372264e-18
4.515460001600144e-18
4.620535605363062e-18
4.7256112091259796e-18
4.830686812888897e-18
5.093375822296204e-18
5.198451426059122e-18
5.356064831703498e-18
5.566216039229346e-18
5.671291642992264e-18
5.7763672467551814e-18
5.933980652399558e-18
6.039056256162476e-18
6.196669661806865e-18
6.354283067451241e-18
6.511896473095618e-18
6.879661086265842e-18
6.98473669002876e-18
7.142350095673136e-18
7.405039105080443e-18
7.772803718250655e-18
8.08803052953942e-18
8.245643935183797e-18
8.403257340828174e-18
8.508332944591091e-18
8.613408548354009e-18
8.71848415211694e-18
8.876097557761316e-18
8.981173161524234e-18
9.086248765287151e-18
9.243862170931528e-18
9.611626784101752e-18
9.769240189746116e-18
1.0031929199153448e-17
1.0189542604797812e-17
1.029461820856073e-17
1.0557307217968012e-17
1.0767458425493872e-17
1.087253402925679e-17
1.1187760840545543e-17
1.1345374246189932e-17
1.145044984995285e-17
1.1555525453715767e-17
1.1660601057478685e-17
1.1923290066885991e-17
1.2185979076293298e-17
1.2291054680056191e-17
1.2553743689463498e-17
1.2711357095107887e-17
1.2921508302633722e-17
1.302658390639664e-17
1.3184197312041029e-17
1.3499424123329782e-17
1.36044997270927e-17
1.3814650934618535e-17
1.3972264340262924e-17
1.418241554778876e-17
1.4340028953433148e-17
1.4550180160958984e-17
1.46552557647219e-17
1.476033136848482e-17
1.5075558179773572e-17
1.518063378353649e-17
1.5548398396706714e-17
1.5706011802351103e-17
1.5863625207995492e-17
1.617885201928422e-17
1.633646542492861e-17
1.6441541028691552e-17
1.6546616632454445e-17
1.6651692236217388e-17
1.6809305641861752e-17
1.7124532453150505e-17
1.733468366067634e-17
1.7754986075728036e-17
1.796513728325387e-17
1.807021288701679e-17
1.8280364094542625e-17
1.854305310394993e-17
1.8753204311475767e-17
1.8963355519001602e-17
1.906843112276452e-17
1.922604452840891e-17
1.9436195735934744e-17
1.964634694346058e-17
1.9751422547223522e-17
1.9961573754749357e-17
2.0119187160393722e-17
2.0329338367919582e-17
2.0434413971682475e-17
2.0539489575445417e-17
2.069710298108978e-17
2.08021785848527e-17
2.0959791990497088e-17
2.1064867594260006e-17
2.1169943198022923e-17
2.127501880178584e-17
2.138009440554876e-17
2.1485170009311677e-17
2.1590245613074594e-17
2.1747859018718983e-17
2.195801022624482e-17
2.2063085830007736e-17
2.237831264129649e-17
2.253592604694088e-17
2.2746077254466714e-17
2.2903690660111103e-17
2.300876626387402e-17
2.3113841867636938e-17
2.3323993075162774e-17
2.3481606480807163e-17
2.358668208457008e-17
2.3691757688332998e-17
2.3849371093977387e-17
2.400698449962175e-17
2.416459790526614e-17
2.4322211310910504e-17
2.4479824716554893e-17
2.458490032031781e-17
2.4742513725962175e-17
2.4847589329725118e-17
2.51102783391324e-17
2.526789174477679e-17
2.5478042952302624e-17
2.5583118556065566e-17
2.5793269763591402e-17
2.6003420971117237e-17
2.6108496574880155e-17
2.631864778240599e-17
2.6476261188050355e-17
2.6581336791813297e-17
2.668641239557619e-17
2.689656360310205e-17
2.7106714810627886e-17
2.726432821627225e-17
2.742194162191664e-17
2.7632092829442474e-17
2.789478183884978e-17
2.805239524449417e-17
2.8210008650138534e-17
2.847269765954584e-17
2.86828488670717e-17
2.8840462272716065e-17
2.894553787647898e-17
2.9418378093412125e-17
2.952345369717504e-17
2.968106710281943e-17
2.9786142706582325e-17
2.9943756112226714e-17
3.020644512163402e-17
3.0364058527278384e-17
3.0521671932922773e-17
3.073182314044861e-17
3.083689874421155e-17
3.0994512149855915e-17
3.1099587753618833e-17
3.120466335738175e-17
3.130973896114467e-17
3.141481456490761e-17
3.1572427970551975e-17
3.173004137619634e-17
3.19401925837222e-17
3.2097805989366564e-17
3.2202881593129506e-17
3.23079571968924e-17
3.241303280065534e-17
3.251810840441826e-17
3.2675721810062624e-17
3.288587301758846e-17
3.29909486213514e-17
3.3148562026995766e-17
3.3306175432640155e-17
3.346378883828452e-17
3.3673940045810354e-17
3.3831553451454743e-17
3.404170465898058e-17
3.414678026274352e-17
3.4251855866506414e-17
3.4356931470269356e-17
3.4462007074032274e-17
3.461962047967664e-17
3.472469608343958e-17
3.4829771687202474e-17
3.498738509284686e-17
3.514499849849125e-17
3.525007410225417e-17
3.535514970601709e-17
3.5512763111661476e-17
3.567037651730584e-17
3.577545212106876e-17
3.5985603328594593e-17
3.614321673423898e-17
3.635336794176482e-17
3.6563519149290653e-17
3.6668594753053596e-17
3.682620815869796e-17
3.7088897168105267e-17
3.7246510573749655e-17
3.7561737385038384e-17
3.771935079068277e-17
3.792950199820861e-17
3.803457760197155e-17
3.8192191007615915e-17
3.829726661137883e-17
3.845488001702322e-17
3.855995562078614e-17
3.8717569026430504e-17
3.8822644630193446e-17
3.898025803583781e-17
3.908533363960073e-17
3.9242947045245117e-17
3.945309825277095e-17
3.955817385653387e-17
3.971578726217826e-17
3.9873400667822623e-17
4.003101407346701e-17
4.024116528099285e-17
4.045131648851868e-17
4.0556392092281625e-17
4.081908110168891e-17
4.0976694507333296e-17
4.1081770111096214e-17
4.123938351674058e-17
4.134445912050352e-17
4.1502072526147885e-17
4.176476153555519e-17
4.1974912743081027e-17
4.2132526148725416e-17
4.2290139554369805e-17
4.244775296001417e-17
4.2710441969421476e-17
4.2815517573184393e-17
4.302566878071023e-17
4.334089559199898e-17
4.365612240328776e-17
4.376119800705065e-17
4.391881141269504e-17
4.402388701645796e-17
4.412896262022088e-17
4.423403822398382e-17
4.4391651629628184e-17
4.44967272333911e-17
4.460180283715402e-17
4.470687844091694e-17
4.481195404467988e-17
4.4969567450324244e-17
4.517971865785008e-17
4.5337332063494443e-17
4.5547483271020303e-17
4.575763447854614e-17
4.59152478841905e-17
4.6020323487953445e-17
4.6177936893597834e-17
4.638808810112367e-17
4.6545701506768034e-17
4.6755852714293894e-17
4.691346611993826e-17
4.707107952558262e-17
4.7176155129345565e-17
4.73863063368714e-17
4.754391974251579e-17
4.7754070950041625e-17
4.791168435568599e-17
4.806929776133038e-17
4.8279448968856213e-17
4.843706237450058e-17
4.864721358202644e-17
4.8752289185789355e-17
4.8857364789552273e-17
4.896244039331519e-17
4.9172591600841026e-17
4.9330205006485415e-17
4.95928940158927e-17
4.980304522341853e-17
4.996065862906292e-17
5.011827203470731e-17
5.022334763847023e-17
5.0328423242233146e-17
5.0433498845996064e-17
5.069618785540337e-17
5.0906339062929206e-17
5.1011414666692123e-17
5.122156587421796e-17
