4.877816265020988e-19
5.730560952424947e-19
6.583305639828659e-19
8.288795014636207e-19
9.141539702040043e-19
9.994284389443756e-19
1.1273401420549324e-18
1.255251845165514e-18
1.3831635482760708e-18
1.553712485756838e-18
1.6389869544972092e-18
1.766898657607766e-18
1.852173126348162e-18
2.06535929819909e-18
2.1932710013096717e-18
2.3211827044202285e-18
2.4064571731605998e-18
2.4917316419009957e-18
2.662280579381738e-18
2.8328295168625053e-18
2.9607412199730622e-18
3.0886529230836314e-18
3.2165646261942006e-18
3.4297507980451534e-18
3.515025266785525e-18
3.600299735525896e-18
3.770848673006663e-18
3.89876037611722e-18
3.984034844857591e-18
4.111946547968173e-18
4.367769954189299e-18
4.453044422929682e-18
4.580956126040239e-18
4.708867829150821e-18
4.836779532261378e-18
5.0073284697421324e-18
5.092602938482516e-18
5.2631518759632585e-18
5.3484263447036544e-18
5.433700813444026e-18
5.518975282184397e-18
5.689524219665164e-18
5.774798688405535e-18
5.8600731571459066e-18
6.030622094626674e-18
6.115896563367045e-18
6.201171032107416e-18
6.2864455008478e-18
6.414357203958369e-18
6.49963167269874e-18
6.584906141439124e-18
6.712817844549693e-18
6.798092313290064e-18
6.8833667820304355e-18
7.011278485141017e-18
7.139190188251574e-18
7.267101891362155e-18
7.352376360102527e-18
7.522925297583269e-18
7.608199766323665e-18
7.736111469434222e-18
7.821385938174593e-18
7.949297641285175e-18
8.162483813136103e-18
8.247758281876499e-18
8.418307219357241e-18
8.546218922467823e-18
8.67413062557838e-18
8.759405094318751e-18
8.887316797429332e-18
9.01522850053989e-18
9.143140203650459e-18
9.313689141131213e-18
9.44160084424177e-18
9.569512547352352e-18
9.697424250462909e-18
9.82533595357349e-18
9.953247656684047e-18
1.0038522125424418e-17
1.0166433828535e-17
1.0294345531645557e-17
1.0464894469126324e-17
1.0635443406607066e-17
1.0720717875347438e-17
1.0805992344087833e-17
1.0891266812828205e-17
1.0976541281568576e-17
1.1147090219049343e-17
1.12750019221599e-17
1.1360276390900271e-17
1.1445550859640667e-17
1.1573462562751224e-17
1.1658737031491595e-17
1.1786648734602177e-17
1.195719767208292e-17
1.2085109375193501e-17
1.2170383843933872e-17
1.2298295547044429e-17
1.242620725015501e-17
1.2554118953265567e-17
1.2639393422005939e-17
1.2809942359486706e-17
1.2895216828227077e-17
1.3023128531337659e-17
1.310840300007803e-17
1.3236314703188587e-17
1.353477534377991e-17
1.3620049812520294e-17
1.3790598750001049e-17
1.4089059390592373e-17
1.421697109370293e-17
1.4302245562443326e-17
1.4515431734294254e-17
1.468598067177502e-17
1.4813892374885578e-17
1.494180407799616e-17
1.502707854673653e-17
1.5112353015476902e-17
1.5197627484217273e-17
1.536817642169804e-17
1.5453450890438412e-17
1.562399982791918e-17
1.5751911531029736e-17
1.5837185999770107e-17
1.5922460468510503e-17
1.6007734937250874e-17
1.6093009405991245e-17
1.6220921109101827e-17
1.6306195577842198e-17
1.639147004658257e-17
1.647674451532294e-17
1.6689930687173893e-17
1.6817842390284463e-17
1.6903116859024846e-17
1.6988391327765217e-17
1.707366579650559e-17
1.728685196835654e-17
1.7414763671467098e-17
1.754267537457768e-17
1.762794984331805e-17
1.7713224312058422e-17
1.7841136015169004e-17
1.796904771827956e-17
1.809695942139013e-17
1.82248711245007e-17
1.831014559324107e-17
1.856596899946221e-17
1.865124346820258e-17
1.8736517936942964e-17
1.8864429640053533e-17
1.9034978577534275e-17
1.9205527515015043e-17
1.9418713686865995e-17
1.9503988155606367e-17
1.967453709308711e-17
1.9845086030567876e-17
2.001563496804863e-17
2.0100909436789015e-17
2.022882113989957e-17
2.0314095608639943e-17
2.039937007738034e-17
2.048464454612071e-17
2.056991901486108e-17
2.0655193483601465e-17
2.0783105186712034e-17
2.0996291358562974e-17
2.1124203061673544e-17
2.1380026467894682e-17
2.150793817100524e-17
2.159321263974561e-17
2.1763761577226377e-17
2.184903604596675e-17
2.197694774907733e-17
2.20622222178177e-17
2.231804562403884e-17
2.2445957327149397e-17
2.2573869030259966e-17
2.265914349900035e-17
2.274441796774072e-17
2.2829692436481092e-17
2.300024137396186e-17
2.3128153077072416e-17
2.32134275458128e-17
2.3298702014553183e-17
2.3469250952033926e-17
2.3725074358255064e-17
2.3852986061365633e-17
2.3938260530106017e-17
2.410880946758676e-17
2.4321995639437712e-17
2.444990734254827e-17
2.457781904565885e-17
2.4663093514399222e-17
2.479100521750978e-17
2.4961554154990546e-17
2.5046828623730917e-17
2.51321030924713e-17
2.526001479558187e-17
2.5430563733062612e-17
2.5515838201803008e-17
2.560111267054338e-17
2.568638713928375e-17
2.5814298842394332e-17
2.594221054550489e-17
2.6112759482985644e-17
2.6240671186096213e-17
2.6325945654836584e-17
2.6453857357947166e-17
2.6539131826687537e-17
2.6624406295427908e-17
2.670968076416828e-17
2.683759246727886e-17
2.70507786391298e-17
2.7221327576610556e-17
2.7306602045350928e-17
2.743451374846151e-17
2.7562425451572066e-17
2.7732974389052833e-17
2.7818248857793204e-17
2.794616056090376e-17
2.8159346732754714e-17
2.828725843586527e-17
2.845780737334604e-17
2.862835631082678e-17
2.875626801393736e-17
2.888417971704792e-17
2.89694541857883e-17
2.9054728654528686e-17
2.9267914826379614e-17
2.948110099823057e-17
2.969428717008152e-17
2.9822198873192077e-17
2.990747334193245e-17
3.0078022279413215e-17
3.020593398252377e-17
3.0333845685634353e-17
3.0419120154374725e-17
3.054703185748528e-17
3.071758079496605e-17
3.0888129732446804e-17
3.097340420118719e-17
3.105867866992756e-17
3.114395313866793e-17
3.1229227607408313e-17
3.1314502076148697e-17
3.148505101362944e-17
3.1570325482369835e-17
3.1655599951110206e-17
3.182614888859095e-17
3.195406059170153e-17
3.208197229481209e-17
3.2252521232292854e-17
3.238043293540341e-17
3.250834463851398e-17
3.263625634162455e-17
3.272153081036492e-17
3.2806805279105305e-17
3.2934716982215874e-17
3.3105265919696616e-17
3.319054038843701e-17
3.331845209154757e-17
3.340372656028794e-17
3.3489001029028336e-17
3.365954996650908e-17
3.374482443524945e-17
3.391537337273022e-17
3.4171196778951356e-17
3.4256471247691727e-17
3.43417457164321e-17
3.464020635702342e-17
3.4768118060134004e-17
3.4853392528874375e-17
3.4938666997614746e-17
3.502394146635512e-17
3.5194490403835884e-17
3.545031381005702e-17
3.557822551316758e-17
3.570613721627815e-17
3.579141168501853e-17
3.5876686153758904e-17
3.604723509123967e-17
3.613250955998004e-17
3.62604212630906e-17
3.634569573183098e-17
3.6430970200571366e-17
3.6558881903681923e-17
3.6644156372422307e-17
3.672943084116269e-17
3.689997977864343e-17
3.7027891481754014e-17
3.7113165950494386e-17
3.741162659108571e-17
3.7539538294196266e-17
3.762481276293665e-17
3.775272446604722e-17
3.7923273403527974e-17
3.800854787226836e-17
3.809382234100873e-17
3.834964574722987e-17
3.8477557450340424e-17
3.856283191908081e-17
3.8690743622191377e-17
3.877601809093175e-17
3.9031841497152887e-17
3.911711596589326e-17
3.924502766900384e-17
3.9372939372114396e-17
3.945821384085477e-17
3.954348830959515e-17
3.9714037247075906e-17
3.979931171581628e-17
3.992722341892686e-17
4.0055135122037416e-17
4.0140409590777787e-17
4.022568405951818e-17
4.0396232996998925e-17
4.056678193447969e-17
4.069469363759025e-17
4.077996810633062e-17
4.09078798094412e-17
4.0993154278181573e-17
4.112106598129214e-17
4.12916149187729e-17
4.137688938751327e-17
4.150480109062385e-17
4.171798726247478e-17
4.1803261731215174e-17
4.193117343432573e-17
4.20164479030661e-17
4.2144359606176684e-17
4.240018301239781e-17
4.2570731949878565e-17
4.269864365298912e-17
4.286919259046989e-17
4.295446705921026e-17
4.3039741527950643e-17
4.316765323106121e-17
4.329556493417177e-17
4.363666280913328e-17
4.376457451224386e-17
4.4020397918464987e-17
4.410567238720537e-17
4.436149579342651e-17
4.4489407496537066e-17
4.4745230902758204e-17
4.4915779840238947e-17
4.500105430897934e-17
4.5086328777719714e-17
4.5256877715200456e-17
4.5427426652681223e-17
4.5512701121421595e-17
4.559797559016198e-17
4.576852452764273e-17
4.606698516823406e-17
4.6194896871344614e-17
4.6408083043195567e-17
4.662126921504652e-17
4.679181815252726e-17
4.6919729855637843e-17
4.713291602748877e-17
4.730346496496954e-17
4.747401390245028e-17
4.760192560556086e-17
4.7687200074301234e-17
4.7900386246152187e-17
4.8113572418003115e-17
4.819884688674351e-17
4.832675858985407e-17
4.8454670292964625e-17
4.853994476170502e-17
4.866785646481558e-17
4.8838405402296344e-17
4.900895433977709e-17
4.909422880851746e-17
4.9264777745998225e-17
4.9350052214738597e-17
4.947796391784918e-17
4.956323838658955e-17
4.9691150089700106e-17
4.977642455844049e-17
5.0032247964661616e-17
5.011752243340201e-17
5.0288071370882754e-17
5.0373345839623126e-17
5.045862030836352e-17
5.067180648021445e-17
5.0757080948954846e-17
5.08849926520654e-17
5.0970267120805774e-17
5.114081605828654e-17
5.12687277613971e-17
