3.8278728901644837e-19
5.286863021535006e-19
6.745853152905529e-19
9.663833415646697e-19
1.0636493503226881e-18
1.2095483634597527e-18
1.3068143722177835e-18
1.5013463897338573e-18
1.6472454028708972e-18
1.8417774203869833e-18
1.939043429145014e-18
2.133575446661088e-18
2.2308414554191186e-18
2.376740468556171e-18
2.522639481693223e-18
2.6685384948302753e-18
2.81443750796734e-18
2.9117035167253583e-18
3.0089695254834014e-18
3.1062355342414444e-18
3.3494005561365274e-18
3.495299569273567e-18
3.738464591168675e-18
3.884363604305715e-18
4.0302626174427795e-18
4.127528626200798e-18
4.2734276393378625e-18
4.467959656853924e-18
4.6138586699909886e-18
4.7597576831280285e-18
4.905656696265093e-18
5.002922705023124e-18
5.294720731297228e-18
5.489252748813302e-18
5.6837847663293636e-18
5.829683779466428e-18
5.975582792603468e-18
6.072848801361511e-18
6.2187478144985635e-18
6.461912836393659e-18
6.607811849530699e-18
6.705077858288742e-18
6.802343867046785e-18
6.948242880183825e-18
7.09414189332089e-18
7.191407902078908e-18
7.288673910836951e-18
7.385939919594994e-18
7.531838932732034e-18
7.72637095024812e-18
7.87226996338516e-18
7.969535972143203e-18
8.164067989659264e-18
8.40723301155436e-18
8.796297046586495e-18
8.893563055344538e-18
9.039462068481578e-18
9.136728077239621e-18
9.282627090376686e-18
9.428526103513726e-18
9.525792112271769e-18
9.6230581210298e-18
9.866223142924895e-18
1.0012122156061935e-17
1.020665417357802e-17
1.035255318671506e-17
1.0547085204231134e-17
1.0692984217368187e-17
1.079025022612623e-17
1.093614923926327e-17
1.1033415248021313e-17
1.1179314261158365e-17
1.1373846278674439e-17
1.1519745291811479e-17
1.1665644304948543e-17
1.1762910313706574e-17
1.1908809326843626e-17
1.21033413443597e-17
1.2200607353117731e-17
1.2346506366254795e-17
1.2443772375012814e-17
1.2589671388149878e-17
1.2832836410044961e-17
1.3076001431940044e-17
1.3221900445077109e-17
1.3659597484488253e-17
1.3756863493246296e-17
1.395139551076237e-17
1.40486615195204e-17
1.4340459545794506e-17
1.4680890576447632e-17
1.4826789589584696e-17
1.4924055598342715e-17
1.5021321607100758e-17
1.51185876158588e-17
1.521585362461682e-17
1.5361752637753884e-17
1.5507651650890924e-17
1.579944967716504e-17
1.6042614699060136e-17
1.6188513712197176e-17
1.633441272533424e-17
1.648031173847128e-17
1.6577577747229323e-17
1.6869375773503428e-17
1.706390779101949e-17
1.7161173799777532e-17
1.7307072812914585e-17
1.7501604830430658e-17
1.769613684794672e-17
1.7793402856704763e-17
1.8036567878599846e-17
1.823109989611592e-17
1.8376998909252972e-17
1.8522897922390037e-17
1.8668796935527076e-17
1.876606294428512e-17
1.891196195742216e-17
1.9009227966180202e-17
1.9106493974938246e-17
1.9252392988075285e-17
1.939829200121235e-17
1.949555800997038e-17
1.9787356036244485e-17
1.9933255049381538e-17
2.007915406251859e-17
2.0322319084413685e-17
2.0468218097550725e-17
2.0565484106308768e-17
2.066275011506681e-17
2.0857282132582873e-17
2.0954548141340916e-17
2.1197713163236e-17
2.139224518075206e-17
2.1586777198268146e-17
2.1684043207026165e-17
2.1781309215784208e-17
2.192720822892126e-17
2.2073107242058312e-17
2.2219006255195377e-17
2.2316272263953395e-17
2.246217127709046e-17
2.265670329460652e-17
2.2851235312122595e-17
2.304576732963867e-17
2.319166634277572e-17
2.3337565355912773e-17
2.3434831364670816e-17
2.3629363382186878e-17
2.372662939094492e-17
2.387252840408196e-17
2.3969794412840004e-17
2.4067060421598047e-17
2.4164326430356065e-17
2.4358858447872152e-17
2.445612445663017e-17
2.4553390465388213e-17
2.4650656474146256e-17
2.4796555487283296e-17
2.489382149604134e-17
2.4991087504799382e-17
2.5234252526694465e-17
2.5380151539831505e-17
2.552605055296857e-17
2.572058257048463e-17
2.5915114588000717e-17
2.6206912614274822e-17
2.630417862303284e-17
2.6401444631790883e-17
2.6693242658064988e-17
2.679050866682303e-17
2.6887774675581062e-17
2.6985040684339092e-17
2.7276838710613197e-17
2.737410471937124e-17
2.747137072812927e-17
2.75686367368873e-17
2.776316875440339e-17
2.7860434763161406e-17
2.795770077191945e-17
2.805496678067749e-17
2.8249498798193553e-17
2.8346764806951596e-17
2.8444030815709615e-17
2.858992982884668e-17
2.868719583760472e-17
2.883309485074176e-17
2.9027626868257836e-17
2.912489287701587e-17
2.927079189015293e-17
2.936805789891095e-17
2.946532390766899e-17
2.9708488929564076e-17
2.980575493832212e-17
2.990302094708016e-17
3.0097552964596224e-17
3.0194818973354267e-17
3.038935099087033e-17
3.048661699962837e-17
3.068114901714443e-17
3.08270480302815e-17
3.0924314039039516e-17
3.107021305217658e-17
3.121611206531362e-17
3.1459277087208715e-17
3.165380910472479e-17
3.175107511348283e-17
3.2042873139756937e-17
3.2188772152893977e-17
3.228603816165202e-17
3.238330417041005e-17
3.248057017916808e-17
3.267510219668417e-17
3.291826721857924e-17
3.301553322733728e-17
3.316143224047432e-17
3.335596425799041e-17
3.359912927988549e-17
3.3745028293022555e-17
3.3890927306159595e-17
3.403682631929666e-17
3.427999134119174e-17
3.442589035432878e-17
3.462042237184487e-17
3.481495438936093e-17
3.4960853402497994e-17
3.5106752415635034e-17
3.52526514287721e-17
3.534991743753012e-17
3.544718344628816e-17
3.5593082459425225e-17
3.5690348468183243e-17
3.583624748132031e-17
3.5933513490078326e-17
3.607941250321539e-17
3.6225311516352456e-17
3.641984353386852e-17
3.656574254700558e-17
3.66630085557636e-17
3.6808907568900665e-17
3.6954806582037705e-17
3.705207259079575e-17
3.719797160393279e-17
3.734387061706985e-17
3.7489769630206917e-17
3.7635668643343957e-17
3.7781567656480997e-17
3.787883366523904e-17
3.8073365682755126e-17
3.8219264695892166e-17
3.836516370902923e-17
3.851106272216627e-17
3.8608328730924313e-17
3.8802860748440375e-17
3.894875976157744e-17
3.909465877471448e-17
3.9240557787851544e-17
3.9337823796609587e-17
3.9483722809746627e-17
3.9629621822883667e-17
3.972688783164171e-17
3.982415384039975e-17
3.9921419849157796e-17
4.0067318862294836e-17
4.016458487105288e-17
4.031048388418992e-17
4.0505015901706005e-17
4.0602281910464023e-17
4.0699547919222066e-17
4.079681392798011e-17
4.094271294111715e-17
4.103997894987519e-17
4.1137244958633236e-17
4.1234510967391254e-17
4.138040998052832e-17
4.147767598928634e-17
4.16235750024234e-17
4.1720841011181445e-17
4.1866740024318485e-17
4.196400603307653e-17
4.215853805059259e-17
4.2353070068108675e-17
4.2450336076866694e-17
4.2547602085624737e-17
4.27421341031408e-17
4.288803311627786e-17
4.303393212941493e-17
4.3131198138172946e-17
4.327709715131001e-17
4.347162916882607e-17
4.3568895177584115e-17
4.3666161186342133e-17
4.38120601994792e-17
4.395795921261626e-17
4.405522522137428e-17
4.4201124234511345e-17
4.444428925640643e-17
4.459018826954347e-17
4.473608728268053e-17
4.4833353291438576e-17
4.4930619300196594e-17
4.507651831333366e-17
4.531968333522874e-17
4.5465582348365806e-17
4.5611481361502846e-17
4.570874737026089e-17
4.580601337901893e-17
4.590327938777695e-17
4.6000545396534994e-17
4.6195077414051055e-17
4.62923434228091e-17
4.648687544032516e-17
4.6632774453462225e-17
4.673004046222027e-17
4.6827306470978286e-17
4.697320548411535e-17
4.7216370506010434e-17
4.7313636514768477e-17
4.7410902523526495e-17
4.760543454104258e-17
4.775133355417962e-17
4.7897232567316686e-17
4.818903059359079e-17
4.838356261110685e-17
4.8480828619864895e-17
4.8626727633001935e-17
4.882125965051802e-17
4.901579166803408e-17
4.9210323685550144e-17
4.940485570306623e-17
4.959938772058229e-17
4.979391973809835e-17
4.993981875123542e-17
5.003708475999346e-17
5.023161677750952e-17
5.042614879502561e-17
5.057204780816265e-17
5.066931381692069e-17
5.081521283005773e-17
5.0961111843194796e-17
5.1058377851952814e-17
5.120427686508988e-17
