4.878192085579736e-19
6.810990058452227e-19
1.0676586004197086e-18
1.2126184483851424e-18
1.3092583470287608e-18
1.4058982456723916e-18
1.5508580936378253e-18
1.6474979922814437e-18
1.79245784024689e-18
1.9374176882123236e-18
2.1306974854995604e-18
2.275657333464994e-18
2.372297232108625e-18
2.4689371307522433e-18
2.5655770293958617e-18
2.758856826683111e-18
2.8554967253267293e-18
2.95213662397036e-18
3.0487765226139784e-18
3.193736370579412e-18
3.2903762692230306e-18
3.4353361171884644e-18
3.628615914475726e-18
3.821895711762963e-18
4.015175509050212e-18
4.208455306337461e-18
4.353415154302895e-18
4.450055052946513e-18
4.595014900911947e-18
4.691654799555565e-18
4.981574495486433e-18
5.0782143941300636e-18
5.223174242095497e-18
5.368134090060931e-18
5.706373735313614e-18
5.851333583279048e-18
6.189573228531731e-18
6.431172975140783e-18
6.527812873784401e-18
6.769412620393466e-18
6.962692417680703e-18
7.107652265646136e-18
7.445891910898832e-18
7.54253180954245e-18
7.639171708186068e-18
7.880771454795133e-18
8.07405125208237e-18
8.219011100047804e-18
8.363970948013237e-18
8.508930795978671e-18
8.653890643944105e-18
8.847170441231354e-18
9.088770187840418e-18
9.233730035805852e-18
9.33036993444947e-18
9.427009833093101e-18
9.668609579702154e-18
9.765249478345772e-18
9.910209326311206e-18
1.005516917427664e-17
1.0200129022242073e-17
1.0345088870207507e-17
1.0586688616816572e-17
1.068332851546019e-17
1.077996841410382e-17
1.0876608312747439e-17
1.1069888110034688e-17
1.1166528008678307e-17
1.1263167907321937e-17
1.1456447704609174e-17
1.1553087603252805e-17
1.1746367400540042e-17
1.1843007299183672e-17
1.2084607045792725e-17
1.2181246944436343e-17
1.2277886843079974e-17
1.2519486589689026e-17
1.2616126488332657e-17
1.2712766386976275e-17
1.2809406285619906e-17
1.2906046184263524e-17
1.3002686082907143e-17
1.3099325981550773e-17
1.3244285829516207e-17
1.3340925728159826e-17
1.3437565626803444e-17
1.3679165373412508e-17
1.3775805272056127e-17
1.3969085069343376e-17
1.4065724967986994e-17
1.4210684815952428e-17
1.4307324714596047e-17
1.454892446120511e-17
1.4645564359848742e-17
1.493548405577961e-17
1.5032123954423228e-17
1.5225403751710477e-17
1.537036359967591e-17
1.5563643396963148e-17
1.5756923194250397e-17
1.590188304221583e-17
1.599852294085945e-17
1.6143482788824895e-17
1.628844263679033e-17
1.6481722434077578e-17
1.6675002231364815e-17
1.6868282028652064e-17
1.7013241876617498e-17
1.7109881775261116e-17
1.7206521673904747e-17
1.735148152187018e-17
1.7496441369835614e-17
1.7641401217801048e-17
1.78830009644101e-17
1.8027960812375546e-17
1.817292066034098e-17
1.82695605589846e-17
1.851116030559365e-17
1.860780020423728e-17
1.87044401028809e-17
1.8801080001524518e-17
1.889771990016815e-17
1.8994359798811767e-17
1.9090999697455386e-17
1.9187639596099016e-17
1.9574199190673502e-17
1.9719159038638936e-17
1.9864118886604382e-17
1.9960758785248e-17
2.005739868389162e-17
2.0202358531857053e-17
2.0347318379822487e-17
2.049227822778792e-17
2.0733877974396985e-17
2.1023797670327852e-17
2.112043756897147e-17
2.1265397416936905e-17
2.1458677214224154e-17
2.1555317112867772e-17
2.1651957011511403e-17
2.174859691015502e-17
2.1845236808798652e-17
2.194187670744227e-17
2.203851660608589e-17
2.2183476454051323e-17
2.2280116352694953e-17
2.2521716099304006e-17
2.2714995896591255e-17
2.2811635795234873e-17
2.290827569387849e-17
2.3149875440487556e-17
2.3439795136418424e-17
2.3584754984383857e-17
2.3681394883027488e-17
2.3778034781671106e-17
2.4067954477601974e-17
2.4309554224211026e-17
2.4406194122854657e-17
2.464779386946371e-17
2.4744433768107327e-17
2.488939361607276e-17
2.4986033514716392e-17
2.5130993362681826e-17
2.527595321064726e-17
2.5420913058612693e-17
2.5517552957256324e-17
2.5662512805221758e-17
2.5759152703865376e-17
2.5855792602508995e-17
2.6000752450474428e-17
2.609739234911806e-17
2.6242352197083493e-17
2.633899209572711e-17
2.6483951943692545e-17
2.6677231740979794e-17
2.6773871639623413e-17
2.687051153826703e-17
2.6967151436910662e-17
2.7112111284876096e-17
2.7208751183519726e-17
2.735371103148516e-17
2.7498670879450594e-17
2.7643630727416028e-17
2.778859057538146e-17
2.7933550423346895e-17
2.817515016995595e-17
2.8271790068599566e-17
2.8465069865886815e-17
2.8658349663174064e-17
2.875498956181768e-17
2.8851629460461313e-17
2.904490925774856e-17
2.9189869105713996e-17
2.9479788801644864e-17
2.96247486496103e-17
2.9721388548253916e-17
2.9914668345541165e-17
3.015626809215022e-17
3.0349547889437466e-17
3.04945077374029e-17
3.0639467585368334e-17
3.0736107484011965e-17
3.083274738265558e-17
3.09293872812992e-17
3.112266707858645e-17
3.1267626926551884e-17
3.13642668251955e-17
3.155754662248275e-17
3.1702506470448186e-17
3.184746631841362e-17
3.194410621705724e-17
3.204074611570087e-17
3.2234025912988105e-17
3.237898576095355e-17
3.25722655582408e-17
3.2717225406206234e-17
3.281386530484985e-17
3.2958825152815286e-17
3.3152104950102536e-17
3.329706479806797e-17
3.3442024646033403e-17
3.363530444332064e-17
3.373194434196427e-17
3.3876904189929704e-17
3.402186403789514e-17
3.4118503936538757e-17
3.436010368314782e-17
3.4505063531113255e-17
3.4601703429756873e-17
3.479498322704412e-17
3.498826302433137e-17
3.508490292297499e-17
3.5229862770940424e-17
3.5471462517549476e-17
3.571306226415854e-17
3.5858022112123974e-17
3.609962185873304e-17
3.619626175737666e-17
3.6292901656020276e-17
3.6389541554663906e-17
3.6486181453307525e-17
3.663114130127296e-17
3.6727781199916577e-17
3.682442109856021e-17
3.6921060997203826e-17
3.706602084516926e-17
3.7210980693134694e-17
3.735594054110013e-17
3.750090038906556e-17
3.759754028770918e-17
3.7742500135674626e-17
3.7935779932961875e-17
3.808073978092731e-17
3.8177379679570927e-17
3.8274019578214545e-17
3.851561932482361e-17
3.861225922346723e-17
3.880553902075448e-17
3.8902178919398096e-17
3.8998818818041714e-17
3.914377866600715e-17
3.924041856465078e-17
3.953033826058166e-17
3.9723618057868895e-17
3.9820257956512526e-17
3.991689785515613e-17
4.0110177652443394e-17
4.0206817551087e-17
4.0448417297696064e-17
4.0545057196339695e-17
4.073833699362693e-17
4.0979936740235996e-17
4.10765766388796e-17
4.1173216537523233e-17
4.1269856436166864e-17
4.14148162841323e-17
4.1511456182775904e-17
4.165641603074134e-17
4.180137587870677e-17
4.18980157773504e-17
4.209129557463764e-17
4.218793547328127e-17
4.233289532124673e-17
4.2429535219890334e-17
4.2526175118533965e-17
4.2622815017177595e-17
4.27194549158212e-17
4.281609481446483e-17
4.291273471310846e-17
4.320265440903933e-17
4.3347614257004764e-17
4.34925741049702e-17
4.3685853902257435e-17
4.39757735981883e-17
4.416905339547554e-17
4.4410653142084604e-17
4.4507293040728234e-17
4.460393293937184e-17
4.4942172584624536e-17
4.5183772331233576e-17
4.5280412229877206e-17
4.5473692027164443e-17
4.561865187512988e-17
4.571529177377351e-17
4.5860251621738966e-17
4.6101851368348006e-17
4.6198491266991637e-17
4.6391771064278874e-17
4.6585050861566135e-17
4.6826650608175175e-17
4.6923290506818806e-17
4.711657030410604e-17
4.7213210202749673e-17
4.7358170050715107e-17
4.745480994935874e-17
4.7551449848002344e-17
4.7648089746645974e-17
4.793800944257684e-17
4.8179609189185906e-17
4.832456903715134e-17
4.8469528885116774e-17
4.861448873308221e-17
4.8807768530369445e-17
4.8904408429013075e-17
4.909768822630031e-17
4.919432812494394e-17
4.938760792223118e-17
4.953256777019664e-17
4.967752761816207e-17
4.977416751680568e-17
4.996744731409294e-17
5.0064087212736546e-17
5.020904706070198e-17
5.030568695934561e-17
5.0547286705954675e-17
5.074056650324191e-17
5.093384630052915e-17
5.107880614849458e-17
5.1223765996460016e-17
5.136872584442545e-17
