4.814731355007528e-19
6.467350975647556e-19
8.670843803167595e-19
1.0323463423807747e-18
1.1976083044447776e-18
1.3628702665087804e-18
1.4730449078847824e-18
1.5832195492607843e-18
1.8586561527008014e-18
2.0239181147648043e-18
2.2993547182048214e-18
2.4095293595808233e-18
2.5747913216448262e-18
2.684965963020828e-18
2.79514060439683e-18
2.9053152457728443e-18
3.0154898871488462e-18
3.125664528524848e-18
3.290926490588851e-18
3.4561884526528662e-18
3.566363094028868e-18
3.786712376780872e-18
4.007061659532876e-18
4.11723630090889e-18
4.282498262972893e-18
4.447760225036896e-18
4.557934866412898e-18
4.778284149164914e-18
4.943546111228917e-18
5.053720752604919e-18
5.1638953939809206e-18
5.2740700353569225e-18
5.439331997420938e-18
5.6596812801729415e-18
5.8249432422369444e-18
5.99020520430096e-18
6.2656418077409644e-18
6.375816449116966e-18
6.816515014620986e-18
6.926689655996988e-18
7.03686429737299e-18
7.202126259437005e-18
7.367388221501008e-18
7.587737504253012e-18
7.752999466317015e-18
7.863174107693029e-18
8.028436069757032e-18
8.138610711133034e-18
8.303872673197037e-18
8.689483918013056e-18
8.90983320076506e-18
9.075095162829075e-18
9.185269804205077e-18
9.35053176626908e-18
9.460706407645082e-18
9.570881049021084e-18
9.8463176524611e-18
1.0066666935213105e-17
1.0176841576589106e-17
1.0452278180029124e-17
1.0617540142093126e-17
1.0727714783469128e-17
1.0892976745533131e-17
1.1168413348973148e-17
1.127858799034915e-17
1.1554024593789167e-17
1.1774373876541171e-17
1.2049810479981176e-17
1.2325247083421193e-17
1.2435421724797195e-17
1.27108583282372e-17
1.3261731535117222e-17
1.3371906176493236e-17
1.3702430100621242e-17
1.3812604741997244e-17
1.4143128666125262e-17
1.4308390628189265e-17
1.452873991094127e-17
1.4749089193693285e-17
1.4859263835069287e-17
1.496943847644529e-17
1.507961311782129e-17
1.5299962400573307e-17
1.557539900401331e-17
1.5795748286765315e-17
1.596101024882933e-17
1.6126272210893333e-17
1.6346621493645337e-17
1.6566970776397353e-17
1.6677145417773355e-17
1.6787320059149357e-17
1.689749470052536e-17
1.7117843983277375e-17
1.7228018624653377e-17
1.739328058671738e-17
1.7558542548781383e-17
1.7723804510845398e-17
1.799924111428539e-17
1.8109415755661417e-17
1.8274677717725408e-17
1.8439939679789423e-17
1.8605201641853438e-17
1.877046360391743e-17
1.893572556598142e-17
1.926624949010945e-17
1.9376424131485452e-17
1.9706948055613457e-17
1.9982384659053474e-17
2.0147646621117465e-17
2.0423083224557482e-17
2.0588345186621497e-17
2.0753607148685513e-17
2.0863781790061514e-17
2.0973956431437516e-17
2.1139218393501507e-17
2.1249393034877533e-17
2.1469742317629537e-17
2.1635004279693528e-17
2.1910440883133545e-17
2.2020615524509547e-17
2.213079016588555e-17
2.2406226769325566e-17
2.2516401410701568e-17
2.262657605207757e-17
2.2736750693453596e-17
2.2846925334829574e-17
2.29570999762056e-17
2.3067274617581577e-17
2.3232536579645593e-17
2.3342711221021595e-17
2.350797318308561e-17
2.3618147824461612e-17
2.3838497107213616e-17
2.400375906927763e-17
2.4169021031341646e-17
2.4444457634781638e-17
2.455463227615764e-17
2.4719894238221656e-17
2.4995330841661648e-17
2.5105505483037675e-17
2.5215680124413677e-17
2.5325854765789678e-17
2.543602940716568e-17
2.5546204048541682e-17
2.5711466010605673e-17
2.58216406519817e-17
2.59318152933577e-17
2.6041989934733703e-17
2.6427601179549698e-17
2.6537775820925724e-17
2.6703037782989715e-17
2.681321242436574e-17
2.7033561707117745e-17
2.7143736348493747e-17
2.7308998310557762e-17
2.7474260272621753e-17
2.7639522234685743e-17
2.774969687606177e-17
2.785987151743777e-17
2.7970046158813774e-17
2.8135308120877764e-17
2.841074472431778e-17
2.852091936569381e-17
2.874126864844581e-17
2.901670525188583e-17
2.923705453463783e-17
2.934722917601381e-17
2.951249113807785e-17
2.967775310014184e-17
2.9898102382893844e-17
3.0008277024269846e-17
3.011845166564585e-17
3.0283713627709863e-17
3.044897558977388e-17
3.0559150231149856e-17
3.0724412193213896e-17
3.0889674155277886e-17
3.099984879665389e-17
3.122019807940589e-17
3.138546004146991e-17
3.149563468284591e-17
3.1660896644909924e-17
3.188124592766193e-17
3.210159521041393e-17
3.2321944493165936e-17
3.2762643058669944e-17
3.298299234142195e-17
3.3093166982797974e-17
3.3258428944861964e-17
3.336860358623799e-17
3.347877822761397e-17
3.369912751036597e-17
3.3919476793118e-17
3.4084738755182016e-17
3.4250000717246006e-17
3.436017535862201e-17
3.4525437320686024e-17
3.4635611962062025e-17
3.480087392412604e-17
3.491104856550202e-17
3.507631052756606e-17
3.529665981031806e-17
3.540683445169404e-17
3.5517009093070065e-17
3.562718373444604e-17
3.573735837582207e-17
3.590262033788606e-17
3.6122969620638064e-17
3.623314426201409e-17
3.6453493544766094e-17
3.672893014820611e-17
3.68941921102701e-17
3.705945407233412e-17
3.733489067577411e-17
3.7445065317150136e-17
3.7555239958526113e-17
3.7720501920590153e-17
3.7885763882654144e-17
3.7995938524030146e-17
3.810611316540615e-17
3.827137512747016e-17
3.8381549768846165e-17
3.8491724410222167e-17
3.865698637228618e-17
3.8877335655038186e-17
3.9042597617102176e-17
3.91527722584782e-17
3.9318034220542193e-17
3.948329618260621e-17
3.959347082398221e-17
3.970364546535821e-17
3.9813820106734214e-17
3.9979082068798205e-17
4.008925671017423e-17
4.025451867223822e-17
4.041978063430224e-17
4.052995527567824e-17
4.075030455843024e-17
4.091556652049426e-17
4.1080828482558273e-17
4.1246090444622264e-17
4.135626508599829e-17
4.146643972737427e-17
4.163170168943828e-17
4.1852050972190287e-17
4.2072400254942315e-17
4.229274953769432e-17
4.2568186141134336e-17
4.2678360782510313e-17
4.295379738595033e-17
4.322923398939035e-17
4.333940863076635e-17
4.3504670592830365e-17
4.372501987558237e-17
4.383519451695837e-17
4.394536915833437e-17
4.4055543799710374e-17
4.427589308246238e-17
4.4441155044526393e-17
4.46615043272784e-17
4.47716789686544e-17
4.48818536100304e-17
4.5047115572094416e-17
4.515729021347042e-17
4.537763949622242e-17
4.5487814137598424e-17
4.5597988778974426e-17
4.576325074103844e-17
4.5983600023790445e-17
4.6093774665166447e-17
4.631412394791845e-17
4.6479385909982466e-17
4.664464787204648e-17
4.680990983411047e-17
4.6975171796174487e-17
4.708534643755049e-17
4.730569572030249e-17
4.7415870361678494e-17
4.7526045003054496e-17
4.763621964443052e-17
4.77463942858065e-17
4.7911656247870515e-17
4.802183088924652e-17
4.8132005530622544e-17
4.8297267492686534e-17
4.857270409612655e-17
4.8793053378878555e-17
4.8958315340942546e-17
4.912357730300656e-17
4.9288839265070576e-17
4.945410122713457e-17
4.961936318919858e-17
4.9894799792638575e-17
5.0060061754702614e-17
5.0225323716766605e-17
5.044567299951861e-17
5.0555847640894635e-17
5.0886371565022617e-17
5.0996546206398643e-17
5.110672084777462e-17
5.132707013052665e-17
