4.511037052838494e-19
6.602200937446724e-19
7.647782879750901e-19
8.693364822054954e-19
1.026173773551122e-18
1.1830110648967361e-18
1.3398483562423626e-18
1.4966856475879768e-18
1.6535229389336033e-18
1.8103602302792175e-18
1.914918424509635e-18
2.0194766187400405e-18
2.124034812970458e-18
2.228593007200876e-18
2.437709395661699e-18
2.646825784122522e-18
2.855942172583345e-18
3.117337658159389e-18
3.2218958523897944e-18
3.326454046620212e-18
3.483291337965826e-18
3.587849532196244e-18
3.796965920657067e-18
3.9015241148874846e-18
4.1106405033483076e-18
4.215198697578725e-18
4.3720359889243394e-18
4.581152377385175e-18
4.737989668730789e-18
4.947106057191612e-18
5.0516642514220296e-18
5.156222445652435e-18
5.3130597369980615e-18
5.417617931228479e-18
5.574455222574093e-18
5.835850708150125e-18
5.992687999495752e-18
6.149525290841366e-18
6.6723162619934295e-18
6.829153553339056e-18
7.038269941799879e-18
7.142828136030297e-18
7.299665427375911e-18
7.456502718721537e-18
7.561060912951943e-18
7.66561910718236e-18
7.979293689873601e-18
8.136130981219215e-18
8.240689175449633e-18
8.397526466795247e-18
8.502084661025665e-18
8.868038340832114e-18
8.97259653506252e-18
9.233992020638551e-18
9.338550214868969e-18
9.443108409099387e-18
9.599945700445001e-18
9.704503894675419e-18
9.913620283136242e-18
1.001817847736666e-17
1.03318530600579e-17
1.0540969448518723e-17
1.0959202225440381e-17
1.1116039516785996e-17
1.1220597711016413e-17
1.1534272293707642e-17
1.163883048793806e-17
1.1795667779283686e-17
1.1900225973514091e-17
1.2370737847550958e-17
1.2475296041781364e-17
1.2579854236011781e-17
1.2736691527357395e-17
1.2945807915818231e-17
1.3050366110048636e-17
1.3259482498509471e-17
1.3520877984085503e-17
1.388683166389194e-17
1.4148227149467985e-17
1.43050644408136e-17
1.456645992638963e-17
1.4671018120620048e-17
1.4827855411965663e-17
1.5193809091772112e-17
1.529836728600253e-17
1.5559762771578562e-17
1.5821158257154593e-17
1.5977995548500208e-17
1.623939103407624e-17
1.660534471388269e-17
1.6762182005228303e-17
1.686674019945872e-17
1.697129839368914e-17
1.723269387926517e-17
1.7494089364841202e-17
1.7703205753302025e-17
1.7807763947532443e-17
1.8016880335993266e-17
1.817371762733888e-17
1.8382834015799715e-17
1.853967130714533e-17
1.8644229501375747e-17
1.880106679272136e-17
1.9010183181182197e-17
1.916702047252781e-17
1.927157866675824e-17
1.9376136860988634e-17
1.9532974152334248e-17
1.9742090540795083e-17
1.98466487350255e-17
1.995120692925592e-17
2.0160323317716754e-17
2.0264881511947147e-17
2.042171880329276e-17
2.0630835191753597e-17
2.078767248309921e-17
2.0996788871560046e-17
2.1101347065790464e-17
2.120590526002088e-17
2.1310463454251275e-17
2.151957984271211e-17
2.1676417134057724e-17
2.1780975328288142e-17
2.188553352251856e-17
2.2094649910979395e-17
2.225148720232501e-17
2.2408324493670623e-17
2.251288268790104e-17
2.272199907636185e-17
2.2931115464822687e-17
2.3035673659053104e-17
2.3140231853283522e-17
2.3297069144629136e-17
2.345390643597475e-17
2.3558464630205168e-17
2.3663022824435586e-17
2.38198601157812e-17
2.3976697407126814e-17
2.4081255601357232e-17
2.4290371989818067e-17
2.4499488378278878e-17
2.4604046572509295e-17
2.4708604766739713e-17
2.481316296097013e-17
2.4970000252315745e-17
2.512683754366136e-17
2.5231395737891777e-17
2.5335953932122195e-17
2.549279122346781e-17
2.5649628514813448e-17
2.5806465806159062e-17
2.5963303097504676e-17
2.606786129173507e-17
2.6224698583080708e-17
2.6329256777311125e-17
2.6433814971541518e-17
2.6590652262887157e-17
2.6695210457117575e-17
2.6799768651347968e-17
2.6904326845578386e-17
2.7061164136924024e-17
2.7322559622500032e-17
2.742711781673045e-17
2.7636234205191285e-17
2.77930714965369e-17
2.8002187884997734e-17
2.8263583370573766e-17
2.85249788561498e-17
2.8629537050380215e-17
2.878637434172583e-17
2.889093253595625e-17
2.8995490730186665e-17
2.915232802153228e-17
2.941372350710831e-17
2.951828170133873e-17
2.962283989556912e-17
2.983195628402996e-17
2.998879357537557e-17
3.009335176960599e-17
3.045930544941244e-17
3.066842183787325e-17
3.0877538226334084e-17
3.10343755176797e-17
3.119121280902534e-17
3.134805010037095e-17
3.1504887391716566e-17
3.1661724683062205e-17
3.17662828772926e-17
3.2027678362868654e-17
3.218451565421427e-17
3.239363204267508e-17
3.2602748431135914e-17
3.2811864819596725e-17
3.302098120805756e-17
3.312553940228798e-17
3.3230097596518396e-17
3.343921398497923e-17
3.3543772179209624e-17
3.370060947055524e-17
3.385744676190085e-17
3.401428405324649e-17
3.42234004417073e-17
3.4327958635937744e-17
3.448479592728336e-17
3.458935412151375e-17
3.4798470509974587e-17
3.500758689843542e-17
3.5112145092665815e-17
3.5268982384011454e-17
3.542581967535707e-17
3.56872151609331e-17
3.5896331549393935e-17
3.605316884073955e-17
3.615772703496997e-17
3.6262285229200385e-17
3.6471401617661196e-17
3.6628238909006834e-17
3.6837355297467645e-17
3.7046471685928456e-17
3.725558807438929e-17
3.7412425365734905e-17
3.767382085131096e-17
3.788293723977177e-17
3.8196611822463025e-17
3.835344911380864e-17
3.8562565502269475e-17
3.8771681890730286e-17
3.8876240084960703e-17
3.908535647342154e-17
3.924219376476715e-17
3.939903105611277e-17
3.955586834745838e-17
3.96604265416888e-17
3.992182202726483e-17
4.0078659318610445e-17
4.03400548041865e-17
4.0496892095532116e-17
4.0810566678223344e-17
4.091512487245376e-17
4.1176520358029793e-17
4.133335764937541e-17
4.1437915843605825e-17
4.1594753134951464e-17
4.175159042629708e-17
4.185614862052747e-17
4.196070681475789e-17
4.211754410610353e-17
4.222210230033392e-17
4.2378939591679535e-17
4.253577688302515e-17
4.28494514657164e-17
4.295400965994682e-17
4.3110846951292434e-17
4.321540514552285e-17
4.331996333975327e-17
4.35813588253293e-17
4.384275431090533e-17
4.399959160225095e-17
4.4104149796481365e-17
4.426098708782698e-17
4.441782437917262e-17
4.452238257340301e-17
4.462694076763343e-17
4.494061535032468e-17
4.5097452641670296e-17
4.520201083590069e-17
4.530656903013113e-17
4.551568541859194e-17
4.562024361282236e-17
4.5829360001283195e-17
4.598619729262881e-17
4.6143034583974423e-17
4.624759277820484e-17
4.635215097243526e-17
4.645670916666565e-17
4.656126736089607e-17
4.671810465224171e-17
4.68226628464721e-17
4.692722104070252e-17
4.718861652627855e-17
4.7345453817624165e-17
4.7554570206085e-17
4.765912840031542e-17
4.781596569166103e-17
4.7972802983006646e-17
4.8077361177237064e-17
4.82864775656979e-17
4.839103575992829e-17
4.860015214838913e-17
4.880926853684996e-17
4.917522221665641e-17
4.9332059508002026e-17
4.9436617702232444e-17
4.959345499357806e-17
4.985485047915409e-17
5.011624596473012e-17
5.027308325607576e-17
5.0377641450306154e-17
5.053447874165177e-17
5.069131603299738e-17
5.0795874227227824e-17
5.090043242145822e-17
5.116182790703425e-17
5.126638610126467e-17
