5.091309205309645e-19
6.720774296090315e-19
7.8070843566107205e-19
9.43654944739139e-19
1.1609169568432448e-18
1.3781789689473259e-18
1.4868099749993541e-18
1.6497564840774458e-18
1.8127029931555127e-18
1.9756495022335797e-18
2.1385960113116467e-18
2.2472270173636996e-18
2.410173526441742e-18
2.6274355385458477e-18
2.736066544597876e-18
2.9533285567019817e-18
3.1705905688060874e-18
3.3878525809101685e-18
3.5507990899882355e-18
3.768061102092341e-18
4.093954120248475e-18
4.2569006293265176e-18
4.474162641430623e-18
4.63710915050869e-18
4.800055659586757e-18
4.9086866656387855e-18
5.071633174716877e-18
5.397526192873011e-18
5.5061571989250394e-18
5.669103708003131e-18
5.777734714055159e-18
5.886365720107212e-18
5.994996726159265e-18
6.103627732211293e-18
6.266574241289385e-18
6.483836253393441e-18
6.646782762471533e-18
6.918360277601653e-18
7.026991283653681e-18
7.298568798783801e-18
7.515830810887907e-18
7.678777319965949e-18
7.896039332070055e-18
8.004670338122083e-18
8.167616847200175e-18
8.330563356278217e-18
8.493509865356309e-18
8.656456374434351e-18
8.819402883512443e-18
9.145295901668577e-18
9.308242410746619e-18
9.579819925876739e-18
9.74276643495483e-18
9.851397441006859e-18
1.0122974956136979e-17
1.0231605962189007e-17
1.0340236968241084e-17
1.0503183477319127e-17
1.082907649547526e-17
1.0992023004553352e-17
1.110065401060538e-17
1.1209285016657409e-17
1.1426547028761514e-17
1.1535178034813567e-17
1.1698124543891634e-17
1.1806755549943663e-17
1.1969702059021754e-17
1.2132648568099796e-17
1.2241279574151874e-17
1.2404226083229916e-17
1.251285708928197e-17
1.2675803598360036e-17
1.2784434604412064e-17
1.2947381113490156e-17
1.3056012119542184e-17
1.327327413164629e-17
1.3381905137698318e-17
1.3490536143750396e-17
1.3707798155854452e-17
1.381642916190653e-17
1.3979375670984572e-17
1.4088006677036625e-17
1.4250953186114692e-17
1.4413899695192784e-17
1.4522530701244812e-17
1.4739792713348918e-17
1.4848423719400946e-17
1.5011370228479013e-17
1.5120001234531066e-17
1.5228632240583094e-17
1.5337263246635147e-17
1.54458942526872e-17
1.5608840761765242e-17
1.571747176781732e-17
1.5826102773869348e-17
1.6043364785973454e-17
1.6151995792025482e-17
1.6423573307155602e-17
1.653220431320763e-17
1.6640835319259707e-17
1.6749466325311736e-17
1.6912412834389803e-17
1.707535934346787e-17
1.7183990349519922e-17
1.7292621355571975e-17
1.7509883367676056e-17
1.7727145379780138e-17
1.7944407391884243e-17
1.8161669403988324e-17
1.8270300410040377e-17
1.8378931416092405e-17
1.8541877925170497e-17
1.8650508931222525e-17
1.8922086446352645e-17
1.9193663961482765e-17
1.9302294967534793e-17
1.9410925973586846e-17
1.95195569796389e-17
1.9628187985690927e-17
1.979113449476902e-17
1.9899765500821047e-17
2.006271200989914e-17
2.0171343015951167e-17
2.0388605028055273e-17
2.04972360341073e-17
2.0660182543185368e-17
2.076881354923742e-17
2.0931760058315463e-17
2.104039106436754e-17
2.114902207041957e-17
2.142059958554969e-17
2.1529230591601717e-17
2.169217710067981e-17
2.185512360975785e-17
2.2018070118835943e-17
2.212670112488797e-17
2.2343963136992077e-17
2.2615540652122197e-17
2.2832802664226278e-17
2.2995749173304345e-17
2.3158695682382412e-17
2.3267326688434464e-17
2.3375957694486493e-17
2.3593219706590598e-17
2.3701850712642627e-17
2.381048171869468e-17
2.4082059233824775e-17
2.4190690239876852e-17
2.4516583258032986e-17
2.467952976711103e-17
2.4788160773163106e-17
2.4896791779215134e-17
2.5005422785267163e-17
2.5222684797371268e-17
2.5385631306449335e-17
2.5494262312501388e-17
2.5711524324605494e-17
2.598310183973559e-17
2.6146048348813656e-17
2.6417625863943776e-17
2.6580572373021818e-17
2.674351888209991e-17
2.6906465391177952e-17
2.7069411900256044e-17
2.723235840933411e-17
2.7340989415386164e-17
2.7612566930516284e-17
2.7721197936568312e-17
2.799277545169843e-17
2.821003746380251e-17
2.837298397288058e-17
2.848161497893263e-17
2.8590245984984686e-17
2.8698876991036714e-17
2.8970454506166834e-17
2.907908551221886e-17
2.918771651827094e-17
2.935066302734898e-17
2.9459294033401035e-17
2.956792503945309e-17
2.973087154853113e-17
2.983950255458321e-17
2.9948133560635236e-17
3.005676456668729e-17
3.016539557273934e-17
3.027402657879137e-17
3.043697308786946e-17
3.065423509997352e-17
3.0871497112077624e-17
3.098012811812965e-17
3.108875912418173e-17
3.130602113628581e-17
3.146896764536388e-17
3.1686229657467983e-17
3.1849176166546025e-17
3.201212267562412e-17
3.217506918470216e-17
3.244664669983228e-17
3.2609593208910346e-17
3.27182242149624e-17
3.2881170724040466e-17
3.298980173009252e-17
3.326137924522264e-17
3.337001025127467e-17
3.3532956760352734e-17
3.364158776640479e-17
3.380453427548283e-17
3.3913165281534907e-17
3.413042729363899e-17
3.4293373802717055e-17
3.4402004808769083e-17
3.451063581482116e-17
3.46735823238992e-17
3.4782213329951256e-17
3.489084433600331e-17
3.521673735415944e-17
3.532536836021147e-17
3.559694587534159e-17
3.586852339047171e-17
3.624873191165386e-17
3.635736291770591e-17
3.657462492980999e-17
3.6683255935862046e-17
3.67918869419141e-17
3.7009148954018204e-17
3.7172095463096247e-17
3.733504197217434e-17
3.7552303984278395e-17
3.7823881499408515e-17
3.793251250546057e-17
3.804114351151262e-17
3.82584055236167e-17
3.8367036529668754e-17
3.852998303874682e-17
3.8801560553876917e-17
3.901882256598102e-17
3.912745357203305e-17
3.923608457808513e-17
3.9453346590189184e-17
3.9616293099267276e-17
3.9724924105319304e-17
3.994218611742341e-17
4.021376363255353e-17
4.037671014163157e-17
4.0539656650709664e-17
4.0756918662813745e-17
4.0974180674917826e-17
4.108281168096988e-17
4.119144268702193e-17
4.130007369307396e-17
4.140870469912604e-17
4.157165120820408e-17
4.18432287233342e-17
4.2006175232412267e-17
4.2440699256620454e-17
4.260364576569852e-17
4.2712276771750574e-17
4.28209077778026e-17
4.2929538783854655e-17
4.303816978990671e-17
4.320111629898475e-17
4.336406280806284e-17
4.363564032319296e-17
4.374427132924499e-17
4.3907217838323057e-17
4.412447985042714e-17
4.439605736555726e-17
4.455900387463535e-17
4.466763488068738e-17
4.4830581389765444e-17
4.499352789884351e-17
4.515647440792158e-17
4.526510541397363e-17
4.54280519230517e-17
4.553668292910375e-17
4.564531393515578e-17
4.580826044423387e-17
4.59168914502859e-17
4.602552245633793e-17
4.6134153462390005e-17
4.6242784468442033e-17
4.646004648054614e-17
4.6731623995676234e-17
4.6948886007780315e-17
4.705751701383239e-17
4.7220463522910435e-17
4.743772553501454e-17
4.754635654106657e-17
4.770930305014466e-17
4.808951157132681e-17
4.836108908645693e-17
4.852403559553497e-17
4.863266660158705e-17
4.8741297607639077e-17
4.8849928613691105e-17
4.906719062579521e-17
4.917582163184724e-17
4.9284452637899317e-17
4.9393083643951345e-17
4.961034565605545e-17
4.982760766815953e-17
4.9936238674211585e-17
5.0207816189341704e-17
5.042507820144576e-17
5.053370920749784e-17
5.085960222565397e-17
5.1185495243810106e-17
5.1294126249862135e-17
