4.3332213805638756e-19
5.923106572528407e-19
9.102876956457348e-19
1.1222723879076641e-18
1.2282647340386411e-18
1.3872532532350943e-18
1.493245599366059e-18
1.6522341185624999e-18
1.758226464693477e-18
1.8642188108244416e-18
1.9702111569554062e-18
2.1291996761518594e-18
2.235192022282824e-18
2.3411843684137888e-18
2.4471767145447658e-18
2.553169060675718e-18
2.659161406806695e-18
2.76515375293766e-18
2.8711460990686245e-18
3.083130791330554e-18
3.242119310527007e-18
3.4011078297234602e-18
3.6130925219853896e-18
3.825077214247319e-18
3.931069560378296e-18
4.249046598771202e-18
4.408035117967643e-18
4.514027464098608e-18
4.726012156360537e-18
4.9909930216879674e-18
5.096985367818932e-18
5.255973887015373e-18
5.414962406211826e-18
5.573950925408279e-18
5.679943271539244e-18
5.838931790735697e-18
5.997920309932138e-18
6.156908829128591e-18
6.3158973483250444e-18
6.4218896944560214e-18
6.527882040586974e-18
6.686870559783427e-18
6.792862905914404e-18
7.216832290438263e-18
7.428816982700192e-18
7.640801674962134e-18
7.905782540289552e-18
8.117767232551481e-18
8.276755751747934e-18
8.488740444009863e-18
8.59473279014084e-18
8.753721309337281e-18
8.859713655468246e-18
8.965706001599223e-18
9.177690693861152e-18
9.283683039992117e-18
9.44267155918857e-18
9.760648597581464e-18
1.0025629462908894e-17
1.0184617982105335e-17
1.0396602674367277e-17
1.0608587366629206e-17
1.0714579712760171e-17
1.0873568231956624e-17
1.0979560578087589e-17
1.1085552924218554e-17
1.1244541443415007e-17
1.1403529962611448e-17
1.1668510827938878e-17
1.1774503174069843e-17
1.1933491693266283e-17
1.2092480212462737e-17
1.225146873165919e-17
1.2357461077790154e-17
1.2622441943117572e-17
1.2781430462314025e-17
1.288742280844499e-17
1.2993415154575955e-17
1.3152403673772408e-17
1.3258396019903373e-17
1.3364388366034337e-17
1.3470380712165314e-17
1.373536157749272e-17
1.3894350096689173e-17
1.400034244282015e-17
1.415933096201659e-17
1.4371315654278508e-17
1.4583300346540462e-17
1.4689292692671414e-17
1.4901277384933368e-17
1.500726973106432e-17
1.5113262077195298e-17
1.527225059639175e-17
1.5378242942522703e-17
1.548423528865368e-17
1.5643223807850133e-17
1.5802212327046562e-17
1.596120084624304e-17
1.6120189365439468e-17
1.6279177884635946e-17
1.6438166403832375e-17
1.6544158749963327e-17
1.675614344222528e-17
1.696812813448721e-17
1.7074120480618187e-17
1.7233108999814616e-17
1.744509369207657e-17
1.7604082211273e-17
1.7763070730469476e-17
1.797505542273138e-17
1.824003628805881e-17
1.8399024807255264e-17
1.8558013326451718e-17
1.866400567258267e-17
1.8822994191779148e-17
1.8981982710975576e-17
1.9140971230172054e-17
1.935295592243396e-17
1.9511944441630437e-17
1.972392913389234e-17
1.988291765308882e-17
2.0041906172285248e-17
2.01478985184162e-17
2.0306887037612678e-17
2.041287938374363e-17
2.0518871729874583e-17
2.067786024907106e-17
2.0783852595202013e-17
2.0995837287463967e-17
2.1207821979725872e-17
2.1525799018118778e-17
2.1631791364249755e-17
2.1790779883446208e-17
2.189677222957716e-17
2.2214749267970067e-17
2.2479730133297497e-17
2.258572247942845e-17
2.2691714825559426e-17
2.2797707171690403e-17
2.2903699517821356e-17
2.3009691863952308e-17
2.3221676556214262e-17
2.3327668902345215e-17
2.343366124847619e-17
2.364564594073812e-17
2.3804634459934574e-17
2.4016619152196503e-17
2.4122611498327456e-17
2.4228603844458457e-17
2.4493584709785838e-17
2.4705569402047792e-17
2.4864557921244246e-17
2.50235464404407e-17
2.5235531132702628e-17
2.5341523478833605e-17
2.555350817109551e-17
2.5765492863357464e-17
2.5871485209488416e-17
2.5977477555619393e-17
2.608346990175037e-17
2.62424584209468e-17
2.6348450767077776e-17
2.661343163240518e-17
2.677242015160166e-17
2.687841249773261e-17
2.7090397189994565e-17
2.7196389536125518e-17
2.7461370401452948e-17
2.7620358920649377e-17
2.772635126678033e-17
2.7885339785976807e-17
2.799133213210776e-17
2.815032065130421e-17
2.825631299743519e-17
2.846829768969712e-17
2.8574290035828096e-17
2.878627472809e-17
2.894526324728648e-17
2.905125559341743e-17
2.9210244112613884e-17
2.931623645874486e-17
2.942222880487581e-17
2.9528221151006765e-17
2.963421349713777e-17
2.984619818939967e-17
3.000518670859615e-17
3.016417522779258e-17
3.0270167573923555e-17
3.037615992005453e-17
3.053514843925096e-17
3.069413695844744e-17
3.080012930457839e-17
3.095911782377482e-17
3.11181063429713e-17
3.13300910352332e-17
3.148907955442968e-17
3.159507190056063e-17
3.1701064246691584e-17
3.186005276588806e-17
3.201904128508449e-17
3.2231025977346445e-17
3.2390014496542873e-17
3.254900301573935e-17
3.2654995361870304e-17
3.2760987708001256e-17
3.297297240026321e-17
3.307896474639416e-17
3.339694178478707e-17
3.3714918823179975e-17
3.382091116931093e-17
3.403289586157288e-17
3.4138888207703834e-17
3.424488055383481e-17
3.4403869073031264e-17
3.4668849938358694e-17
3.4774842284489646e-17
3.48808346306206e-17
3.4986826976751576e-17
3.509281932288255e-17
3.5198811669013505e-17
3.535780018820996e-17
3.5463792534340935e-17
3.556978488047189e-17
3.578176957273384e-17
3.604675043806125e-17
3.631173130338865e-17
3.6523715995650607e-17
3.6682704514847035e-17
3.678869686097801e-17
3.6947685380174466e-17
3.705367772630542e-17
3.726566241856737e-17
3.7371654764698324e-17
3.7477647110829277e-17
3.758363945696028e-17
3.7901616495353185e-17
3.800760884148414e-17
3.811360118761509e-17
3.8325585879877043e-17
3.848457439907347e-17
3.864356291826995e-17
3.896153995666283e-17
3.9120528475859285e-17
3.922652082199024e-17
3.9332513168121214e-17
3.949150168731767e-17
3.9650490206514096e-17
3.97564825526451e-17
3.986247489877605e-17
4.0180451937168956e-17
4.028644428329991e-17
4.0392436629430885e-17
4.0604421321692815e-17
4.0869402187020245e-17
4.09753945331512e-17
4.108138687928215e-17
4.118737922541315e-17
4.145236009074053e-17
4.1558352436871534e-17
4.177033712913344e-17
4.198232182139539e-17
4.219430651365732e-17
4.2353295032853775e-17
4.2565279725115705e-17
4.267127207124668e-17
4.283026059044311e-17
4.293625293657409e-17
4.3148237628836016e-17
4.336022232109797e-17
4.35192108402944e-17
4.3678199359490877e-17
4.3837187878687305e-17
4.415516491708021e-17
4.447314195547312e-17
4.457913430160407e-17
4.468512664773502e-17
4.4791118993866024e-17
4.4897111339996977e-17
4.516209220532441e-17
4.526808455145536e-17
4.537407689758631e-17
4.5480069243717313e-17
4.5586061589848266e-17
4.5798046282110195e-17
4.595703480130665e-17
4.6116023320503077e-17
4.622201566663408e-17
4.638100418583051e-17
4.653999270502696e-17
4.6698981224223413e-17
4.6804973570354366e-17
4.691096591648534e-17
4.712295060874727e-17
4.7281939127943725e-17
4.7493923820205655e-17
4.759991616633663e-17
4.770590851246761e-17
4.786489703166404e-17
4.7970889377795014e-17
4.823587024312242e-17
4.8341862589253397e-17
4.8553847281515326e-17
4.865983962764628e-17
4.8818828146842756e-17
4.892482049297371e-17
4.903081283910466e-17
4.913680518523566e-17
4.929579370443209e-17
4.940178605056307e-17
4.956077456975952e-17
4.971976308895595e-17
4.987875160815243e-17
5.0037740127348856e-17
5.0143732473479833e-17
5.035571716574176e-17
5.0567701858003717e-17
5.08856788963966e-17
5.1150659761724004e-17
5.130964828092048e-17
