3.911208658326403e-19
5.544744569554863e-19
6.633768510373918e-19
8.2673044216023785e-19
9.356328362421434e-19
1.044535230324049e-18
1.26234001848786e-18
1.534596003692587e-18
1.6979495948154576e-18
1.915754382979244e-18
2.0246567770611496e-18
2.1880103681840203e-18
2.3513639593068663e-18
2.460266353388747e-18
2.5691687474706774e-18
2.6780711415525583e-18
2.786973535634464e-18
2.8958759297163694e-18
3.0592295208392154e-18
3.168131914921121e-18
3.331485506043967e-18
3.549290294207778e-18
3.712643885330624e-18
3.8215462794125296e-18
3.9848998705353756e-18
4.1482534616582216e-18
4.366058249822033e-18
4.583863037985844e-18
4.692765432067725e-18
4.856119023190595e-18
5.019472614313441e-18
5.128375008395347e-18
5.4006309936000985e-18
5.6184357817639096e-18
5.727338175845815e-18
5.890691766968661e-18
6.054045358091507e-18
6.217398949214353e-18
6.326301343296259e-18
6.435203737378164e-18
6.54410613146007e-18
6.707459722582916e-18
6.8708133137057864e-18
6.979715707787667e-18
7.197520495951478e-18
7.306422890033384e-18
7.578678875238136e-18
7.742032466360982e-18
7.905386057483828e-18
8.014288451565733e-18
8.232093239729544e-18
8.34099563381145e-18
8.44989802789333e-18
8.613251619016201e-18
8.722154013098107e-18
8.831056407179988e-18
8.939958801261893e-18
9.157763589425704e-18
9.26666598350761e-18
9.375568377589491e-18
9.484470771671421e-18
9.593373165753302e-18
9.702275559835208e-18
9.974531545039959e-18
1.0083433939121865e-17
1.024678753024471e-17
1.0410141121367581e-17
1.0573494712490427e-17
1.0682397106572308e-17
1.0845750697695179e-17
1.0954653091777084e-17
1.111800668289993e-17
1.1226909076981836e-17
1.1444713865145622e-17
1.1662518653309433e-17
1.1771421047391339e-17
1.1989225835555125e-17
1.2261481820759902e-17
1.2424835411882748e-17
1.2533737805964653e-17
1.26970913970875e-17
1.286044498821037e-17
1.3023798579333216e-17
1.3132700973415097e-17
1.3241603367497002e-17
1.3350505761578908e-17
1.3513859352701754e-17
1.36772129438246e-17
1.3949468929029376e-17
1.4276176111275068e-17
1.4385078505356974e-17
1.460288329352076e-17
1.476623688464363e-17
1.4875139278725536e-17
1.5038492869848382e-17
1.5201846460971228e-17
1.5310748855053134e-17
1.541965124913504e-17
1.563745603729885e-17
1.5800809628421697e-17
1.5909712022503577e-17
1.6073065613626448e-17
1.6236419204749294e-17
1.6454223992913105e-17
1.661757758403595e-17
1.6780931175158822e-17
1.6889833569240703e-17
1.705318716036355e-17
1.727099194852736e-17
1.7379894342609265e-17
1.754324793373211e-17
1.7652150327814017e-17
1.7761052721895923e-17
1.797885751005971e-17
1.808775990414164e-17
1.819666229822352e-17
1.8305564692305426e-17
1.8468918283428296e-17
1.8741174268633023e-17
1.890452785975587e-17
1.906788145087874e-17
1.934013743608349e-17
1.9449039830165397e-17
1.9612393421288243e-17
1.9775747012411114e-17
2.004800299761584e-17
2.0265807785779652e-17
2.0483612573943463e-17
2.0701417362107274e-17
2.0810319756189155e-17
2.1028124544352966e-17
2.113702693843487e-17
2.1300380529557717e-17
2.1463734120680563e-17
2.1681538908844374e-17
2.189934369700816e-17
2.2117148485171972e-17
2.2280502076294818e-17
2.2389404470376748e-17
2.2661660455581475e-17
2.2770562849663405e-17
2.293391644078625e-17
2.3042818834868132e-17
2.3206172425990978e-17
2.336952601711385e-17
2.3587330805277635e-17
2.3696233199359566e-17
2.3968489184564292e-17
2.4186293972728104e-17
2.429519636681001e-17
2.4404098760891915e-17
2.4513001154973796e-17
2.4621903549055726e-17
2.4730805943137607e-17
2.4839708337219512e-17
2.4948610731301418e-17
2.5057513125383323e-17
2.516641551946523e-17
2.527531791354711e-17
2.538422030762904e-17
2.5602025095792826e-17
2.5928732278038543e-17
2.620098826324327e-17
2.6527695445488987e-17
2.6636597839570892e-17
2.6799951430693738e-17
2.6908853824775644e-17
2.707220741589849e-17
2.723556100702136e-17
2.734446340110324e-17
2.7507816992226087e-17
2.7616719386308017e-17
2.7834524174471804e-17
2.7997877765594675e-17
2.816123135671752e-17
2.8324584947840367e-17
2.848793853896321e-17
2.859684093304512e-17
2.8760194524167964e-17
2.886909691824987e-17
2.8977999312331775e-17
2.914135290345462e-17
2.941360888865937e-17
2.952251128274128e-17
2.9631413676823184e-17
2.9958120859068876e-17
3.012147445019172e-17
3.023037684427365e-17
3.03937304353965e-17
3.0557084026519344e-17
3.066598642060125e-17
3.0883791208765036e-17
3.0992693602846966e-17
3.142830317917454e-17
3.164610796733835e-17
3.1755010361420256e-17
3.186391275550216e-17
3.197281514958407e-17
3.208171754366597e-17
3.224507113478882e-17
3.2408424725911665e-17
3.251732711999357e-17
3.2680680711116416e-17
3.2844034302239287e-17
3.3116290287444014e-17
3.3279643878566884e-17
3.349744866673067e-17
3.366080225785354e-17
3.387860704601733e-17
3.40419606371402e-17
3.4205314228263045e-17
3.436866781938589e-17
3.4477570213467796e-17
3.469537500163161e-17
3.4858728592754453e-17
3.496763098683636e-17
3.5130984577959205e-17
3.523988697204111e-17
3.5348789366123016e-17
3.551214295724586e-17
3.572994774540965e-17
3.589330133653252e-17
3.6002203730614425e-17
3.6111106124696305e-17
3.638336210990108e-17
3.654671570102393e-17
3.6710069292146774e-17
3.681897168622868e-17
3.6982325277351525e-17
3.709122767143343e-17
3.7200130065515336e-17
3.736348365663818e-17
3.747238605072009e-17
3.7581288444801993e-17
3.7853544430006745e-17
3.796244682408865e-17
3.8125800415211496e-17
3.828915400633434e-17
3.8452507597457213e-17
3.861586118858006e-17
3.872476358266194e-17
3.888811717378481e-17
3.9051470764907657e-17
3.916037315898956e-17
3.9432629144194314e-17
3.954153153827622e-17
3.9704885129399065e-17
4.003159231164476e-17
4.0303848296849534e-17
4.046720188797238e-17
4.0576104282054285e-17
4.079390907021807e-17
4.09028114643e-17
4.117506744950473e-17
4.139287223766854e-17
4.1501774631750445e-17
4.161067702583235e-17
4.171957941991423e-17
4.18829330110371e-17
4.220964019328282e-17
4.23185425873647e-17
4.2427444981446606e-17
4.253634737552851e-17
4.269970096665136e-17
4.2863054557774203e-17
4.302640814889705e-17
4.313531054297898e-17
4.324421293706086e-17
4.3516468922265636e-17
4.362537131634752e-17
4.389762730155227e-17
4.406098089267514e-17
4.4224334483797986e-17
4.4333236877879866e-17
4.4442139271961797e-17
4.465994406012558e-17
4.4877748848289394e-17
4.49866512423713e-17
4.509555363645318e-17
4.5367809621657957e-17
4.55311632127808e-17
4.5748968000944614e-17
4.5857870395026495e-17
4.613012638023127e-17
4.623902877431315e-17
4.6402382365436e-17
4.656573595655887e-17
4.69468943358455e-17
4.705579672992743e-17
4.721915032105028e-17
4.732805271513216e-17
4.743695510921409e-17
4.754585750329597e-17
4.7654759897377875e-17
4.7872564685541686e-17
4.803591827666453e-17
4.814482067074644e-17
4.8308174261869283e-17
4.847152785299213e-17
4.8580430247074035e-17
4.8743783838196906e-17
4.890713742931975e-17
4.9179393414524503e-17
4.934274700564735e-17
4.9506100596770195e-17
4.9669454187893066e-17
4.9778356581974947e-17
4.994171017309779e-17
5.005061256717972e-17
5.0159514961261604e-17
5.0377319749425415e-17
5.054067334054826e-17
5.0649575734630167e-17
5.086738052279398e-17
5.0976282916875883e-17
5.1085185310957764e-17
5.124853890208061e-17
