4.1116296737065543e-19
6.9456189231990655e-19
9.2128103227931e-19
1.0913203872488532e-18
1.3180395272082442e-18
1.4880788821777875e-18
1.6581182371473308e-18
1.7714778071270263e-18
1.884837377106734e-18
2.1115565170661375e-18
2.224916087045833e-18
2.3382756570255286e-18
2.451635227005224e-18
2.5649947969849196e-18
2.7917139369443106e-18
2.961753291913854e-18
3.1884724318732696e-18
3.301832001852965e-18
3.4151915718326606e-18
3.585230926802204e-18
3.755270281771747e-18
3.9253096367412905e-18
4.095348991710834e-18
4.208708561690529e-18
4.3220681316702495e-18
4.435427701649945e-18
4.605467056619488e-18
4.7755064115890315e-18
4.945545766558575e-18
5.115585121528118e-18
5.285624476497661e-18
5.569023401446925e-18
5.852422326396164e-18
6.022461681365707e-18
6.19250103633525e-18
6.419220176294641e-18
6.5892595312641845e-18
6.8159786712236e-18
7.042697811182991e-18
7.212737166152535e-18
7.32609673613223e-18
7.552815876091621e-18
7.666175446071317e-18
7.83621480104086e-18
7.94957437102058e-18
8.119613725990123e-18
8.403012650939362e-18
8.573052005908905e-18
8.686411575888601e-18
8.96981050083784e-18
9.196529640797255e-18
9.366568995766799e-18
9.536608350736342e-18
9.649967920716037e-18
9.82000727568558e-18
9.933366845665276e-18
1.0273445555604375e-17
1.0443484910573931e-17
1.0556844480553626e-17
1.0783563620513017e-17
1.095360297548256e-17
1.1180322115441952e-17
1.1293681685421647e-17
1.1407041255401343e-17
1.1747119965340454e-17
1.186047953532015e-17
1.1973839105299845e-17
1.2143878460269388e-17
1.2257238030249084e-17
1.237059760022878e-17
1.259731674018817e-17
1.271067631016789e-17
1.299407523511713e-17
1.3164114590086673e-17
1.3334153945056216e-17
1.3560873085015607e-17
1.3844272009964858e-17
1.3957631579944566e-17
1.407099114992426e-17
1.4241030504893805e-17
1.4411069859863348e-17
1.4524429429843043e-17
1.463778899982274e-17
1.4751148569802434e-17
1.5091227279741546e-17
1.520458684972124e-17
1.5374626204690784e-17
1.5544665559660328e-17
1.599810383957911e-17
1.6168143194548653e-17
1.6508221904487764e-17
1.6678261259457308e-17
1.6791620829437003e-17
1.6961660184406546e-17
1.7301738894345633e-17
1.741509846432534e-17
1.7585137819294896e-17
1.7698497389274592e-17
1.7811856959254287e-17
1.798189631422383e-17
1.8208615454183222e-17
1.849201437913246e-17
1.8718733519091876e-17
1.8945452659051267e-17
1.9172171799010658e-17
1.939889093897005e-17
1.962561007892944e-17
1.9795649433898984e-17
2.0305767498807638e-17
2.047580685377718e-17
2.0589166423756877e-17
2.0929245133695964e-17
2.104260470367567e-17
2.115596427365538e-17
2.1326003628624923e-17
2.1496042983594466e-17
2.166608233856401e-17
2.2006161048503096e-17
2.217620040347264e-17
2.2402919543432055e-17
2.251627911341175e-17
2.2629638683391446e-17
2.2856357823350837e-17
2.325311631827977e-17
2.3423155673249327e-17
2.3593195028218882e-17
2.3819914168178273e-17
2.393327373815797e-17
2.4046633308137664e-17
2.4216672663107208e-17
2.4500071588056446e-17
2.4726790728015837e-17
2.489683008298538e-17
2.5010189652965076e-17
2.518022900793462e-17
2.5350268362904212e-17
2.5576987502863603e-17
2.56903470728433e-17
2.5803706642822994e-17
2.591706621280269e-17
2.6030425782782385e-17
2.6257144922741776e-17
2.642718427771132e-17
2.6710583202660558e-17
2.6880622557630102e-17
2.6993982127609797e-17
2.7107341697589493e-17
2.7504100192518427e-17
2.767413954748802e-17
2.7787499117467715e-17
2.790085868744741e-17
2.8070898042416954e-17
2.82409373973865e-17
2.835429696736619e-17
2.846765653734589e-17
2.8581016107325584e-17
2.875105546229513e-17
2.9034454387244366e-17
2.9261173527203757e-17
2.94312128821733e-17
2.9601252237142843e-17
2.9827971377102234e-17
3.011137030205152e-17
3.022472987203122e-17
3.039476922700076e-17
3.062148836696015e-17
3.0791527721929696e-17
3.1018246861889087e-17
3.113160643186878e-17
3.1358325571828173e-17
3.147168514180787e-17
3.164172449677741e-17
3.175508406675711e-17
3.18684436367368e-17
3.2038482991706346e-17
3.220852234667589e-17
3.2321881916655585e-17
3.243524148663533e-17
3.2605280841604873e-17
3.288867976655411e-17
3.31153989065135e-17
3.339879783146274e-17
3.3795556326391676e-17
3.396559568136122e-17
3.4078955251340915e-17
3.4305674391300306e-17
3.4589073316249545e-17
3.475911267121909e-17
3.487247224119883e-17
3.5042511596168376e-17
3.515587116614807e-17
3.526923073612777e-17
3.538259030610746e-17
3.5609309446066854e-17
3.572266901604655e-17
3.600606794099579e-17
3.617610729596533e-17
3.6572865790894266e-17
3.668622536087396e-17
3.6799584930853657e-17
3.691294450083335e-17
3.702630407081305e-17
3.7196343425782616e-17
3.7309702995762336e-17
3.742306256574203e-17
3.753642213572173e-17
3.764978170570142e-17
3.7819821060670966e-17
3.798986041564051e-17
3.8103219985620205e-17
3.82165795555999e-17
3.8329939125579596e-17
3.849997848054914e-17
3.8613338050528834e-17
3.878337740549838e-17
3.8896736975478073e-17
3.9066776330447616e-17
3.929349547040701e-17
3.94068550403867e-17
3.957689439535627e-17
3.9803613535315687e-17
3.991697310529538e-17
4.003033267527508e-17
4.0143692245254773e-17
4.025705181523447e-17
4.042709117020401e-17
4.054045074018371e-17
4.06538103101634e-17
4.0880529450122794e-17
4.099388902010249e-17
4.116392837507203e-17
4.1390647515031424e-17
4.167404643998066e-17
4.1957445364929926e-17
4.2070804934909646e-17
4.218416450488934e-17
4.241088364484873e-17
4.2580922999818276e-17
4.269428256979797e-17
4.297768149474721e-17
4.32044006347066e-17
4.343111977466599e-17
4.377119848460508e-17
4.3884558054584775e-17
4.4167956979534013e-17
4.428131654951371e-17
4.439467611949343e-17
4.4564715474463e-17
4.467807504444269e-17
4.4848114399412236e-17
4.5074833539371627e-17
4.5358232464320866e-17
4.552827181929041e-17
4.5641631389270105e-17
4.598171009920919e-17
4.6151749454178734e-17
4.632178880914828e-17
4.649182816411782e-17
4.6661867519087364e-17
4.6888586659046805e-17
4.705862601401635e-17
4.7171985583996043e-17
4.7398704723955434e-17
4.751206429393513e-17
4.7625423863914825e-17
4.7852143003874216e-17
4.802218235884376e-17
4.8135541928823455e-17
4.8418940853772694e-17
4.858898020874224e-17
4.875901956371178e-17
4.904241848866102e-17
4.926913762862046e-17
4.9382497198600155e-17
4.9665896123549394e-17
4.9892615263508785e-17
5.000597483348848e-17
5.0119334403468176e-17
5.023269397344787e-17
5.034605354342757e-17
5.051609289839711e-17
5.0629452468376806e-17
5.07428120383565e-17
5.0912851393326045e-17
5.108289074829559e-17
5.125293010326513e-17
