3.669485475301231e-19
5.161892763255578e-19
6.654300051210049e-19
8.14670733916452e-19
1.0634052819088514e-18
1.2126460107042985e-18
1.3121398299012509e-18
1.461380558696698e-18
1.5608743778936627e-18
1.7101151066891097e-18
1.809608925886062e-18
1.909102745083027e-18
2.0085965642799915e-18
2.1578372930754386e-18
2.257331112272391e-18
2.406571841067838e-18
2.6553063890602375e-18
2.7548002082572022e-18
2.9537878466511316e-18
3.0532816658480964e-18
3.1527754850450487e-18
3.2522693042420135e-18
3.4015100330374605e-18
3.550750761832895e-18
3.749738400226825e-18
3.948726038620742e-18
4.147713677014671e-18
4.396448225007071e-18
4.595435863401e-18
4.794423501794917e-18
4.893917320991882e-18
4.9934111401888466e-18
5.142651868984294e-18
5.242145688181246e-18
5.341639507378211e-18
5.4411333265751755e-18
5.5903740553706226e-18
5.689867874567575e-18
5.839108603363022e-18
6.0380962417569514e-18
6.187336970552386e-18
6.286830789749351e-18
6.436071518544798e-18
6.535565337741763e-18
6.6848060665371974e-18
6.883793704931127e-18
7.033034433726562e-18
7.132528252923526e-18
7.232022072120491e-18
7.331515891317456e-18
7.43100971051442e-18
7.530503529711373e-18
7.629997348908338e-18
7.779238077703785e-18
7.87873189690075e-18
7.978225716097702e-18
8.077719535294666e-18
8.177213354491631e-18
8.326454083287078e-18
8.475694812082513e-18
8.62493554087796e-18
8.774176269673407e-18
8.973163908067324e-18
9.122404636862771e-18
9.221898456059736e-18
9.420886094453653e-18
9.520379913650618e-18
9.619873732847582e-18
9.719367552044535e-18
9.918355190438464e-18
1.0017849009635429e-17
1.0117342828832394e-17
1.0316330467226311e-17
1.0415824286423275e-17
1.0515318105620228e-17
1.0614811924817193e-17
1.0963040292006557e-17
1.1062534111203521e-17
1.1162027930400486e-17
1.1261521749597451e-17
1.1361015568794416e-17
1.1609750116786815e-17
1.170924393598378e-17
1.1858484664779215e-17
1.1957978483976179e-17
1.2057472303173144e-17
1.2156966122370109e-17
1.2306206851165543e-17
1.245544757996099e-17
1.265443521835492e-17
1.2753929037551872e-17
1.2853422856748837e-17
1.3151904314339731e-17
1.3350891952733648e-17
1.3549879591127578e-17
1.3748867229521495e-17
1.384836104871846e-17
1.3947854867915424e-17
1.4196589415907824e-17
1.434583014470327e-17
1.4495070873498718e-17
1.4743805421491117e-17
1.4843299240688082e-17
1.4992539969483517e-17
1.5141780698278964e-17
1.529102142707441e-17
1.5440262155869846e-17
1.5589502884665293e-17
1.5688996703862257e-17
1.5838237432657704e-17
1.598747816145314e-17
1.6086971980650104e-17
1.6385453438240986e-17
1.6534694167036433e-17
1.6783428715028832e-17
1.693266944382428e-17
1.7032163263021244e-17
1.7131657082218196e-17
1.7280897811013643e-17
1.7380391630210608e-17
1.767887308780149e-17
1.787786072619542e-17
1.7977354545392384e-17
1.81763421837863e-17
1.8325582912581748e-17
1.8474823641377183e-17
1.862406437017263e-17
1.8773305098968077e-17
1.8972292737361994e-17
1.9221027285354406e-17
1.9519508742945288e-17
1.97682432909377e-17
1.9867737110134652e-17
2.00169778389301e-17
2.0116471658127064e-17
2.0215965477324028e-17
2.0365206206119463e-17
2.0564193844513393e-17
2.076318148290731e-17
2.0862675302104274e-17
2.096216912130124e-17
2.1061662940498204e-17
2.121090366929364e-17
2.1409891307687568e-17
2.1758119674876932e-17
2.1857613494073897e-17
2.2006854222869344e-17
2.215609495166478e-17
2.2255588770861743e-17
2.2355082590058708e-17
2.2504323318854143e-17
2.265356404764959e-17
2.2802804776445037e-17
2.2902298595642002e-17
2.310128623403592e-17
2.3250526962831366e-17
2.335002078202833e-17
2.3499261510823765e-17
2.3648502239619212e-17
2.3747996058816165e-17
2.384748987801313e-17
2.3996730606808577e-17
2.409622442600554e-17
2.4245465154800976e-17
2.4394705883596423e-17
2.454394661239187e-17
2.4693187341187305e-17
2.479268116038427e-17
2.4941921889179717e-17
2.509116261797515e-17
2.5389644075566046e-17
2.553888480436148e-17
2.573787244275541e-17
2.5887113171550857e-17
2.603635390034629e-17
2.623534153874022e-17
2.6434329177134138e-17
2.6633316815528067e-17
2.6732810634725032e-17
2.6832304453921997e-17
2.693179827311895e-17
2.7031292092315914e-17
2.713078591151288e-17
2.7280026640308326e-17
2.742926736910376e-17
2.762825500749769e-17
2.7727748826694655e-17
2.787698955549009e-17
2.8026230284285536e-17
2.8225217922679454e-17
2.862319319946731e-17
2.882218083786123e-17
2.8971421566656677e-17
2.912066229545211e-17
2.926990302424756e-17
2.9419143753043005e-17
2.956838448183844e-17
2.9667878301035405e-17
2.976737212023237e-17
2.99663597586263e-17
3.0115600487421734e-17
3.026484121621718e-17
3.04638288546111e-17
3.0613069583406545e-17
3.076231031220199e-17
3.101104486019439e-17
3.1110538679391356e-17
3.1309526317785273e-17
3.145876704658072e-17
3.165775468497465e-17
3.17572485041716e-17
3.185674232336857e-17
3.2005983052164014e-17
3.215522378095945e-17
3.2254717600156413e-17
3.240395832895186e-17
3.255319905774731e-17
3.265269287694426e-17
3.2752186696141225e-17
3.2951174334535154e-17
3.3050668153732106e-17
3.315016197292907e-17
3.329940270172452e-17
3.3448643430519965e-17
3.354813724971692e-17
3.3697377978512365e-17
3.3946112526504764e-17
3.404560634570173e-17
3.4145100164898694e-17
3.4393834712891093e-17
3.454307544168654e-17
3.479180998967895e-17
3.4891303808875904e-17
3.504054453767135e-17
3.5140038356868316e-17
3.523953217606528e-17
3.5388772904860716e-17
3.553801363365616e-17
3.568725436245161e-17
3.5836495091247044e-17
3.598573582004249e-17
3.613497654883794e-17
3.623447036803489e-17
3.643345800642882e-17
3.6532951825625785e-17
3.67319394640197e-17
3.688118019281515e-17
3.69806740120121e-17
3.7080167831209066e-17
3.717966165040603e-17
3.732890237920148e-17
3.742839619839843e-17
3.757763692719388e-17
3.767713074639084e-17
3.792586529438324e-17
3.807510602317869e-17
3.827409366157262e-17
3.837358748076957e-17
3.852282820956502e-17
3.877156275755742e-17
3.887105657675438e-17
3.902029730554983e-17
3.9169538034345276e-17
3.9368525672739193e-17
3.951776640153464e-17
3.9667007130330075e-17
3.976650094952704e-17
3.9865994768724004e-17
4.001523549751945e-17
4.0313716955110333e-17
4.051270459350426e-17
4.0612198412701215e-17
4.076143914149666e-17
4.096042677989059e-17
4.1109667508686026e-17
4.1258908237481473e-17
4.140814896627692e-17
4.165688351426932e-17
4.180612424306477e-17
4.2005111881458684e-17
4.215435261025413e-17
4.230359333904958e-17
4.240308715824653e-17
4.2502580977443495e-17
4.280106243503438e-17
4.290055625423134e-17
4.3000050073428307e-17
4.3149290802223754e-17
4.3248784621420706e-17
4.339802535021615e-17
4.349751916941312e-17
4.359701298861007e-17
4.374625371740552e-17
4.3945241355799447e-17
4.409448208459488e-17
4.424372281339033e-17
4.4343216632587293e-17
4.444271045178426e-17
4.459195118057969e-17
4.474119190937514e-17
4.4840685728572104e-17
4.4940179547769057e-17
4.503967336696602e-17
4.518891409576147e-17
4.5288407914958433e-17
4.5387901734155386e-17
4.5586889372549315e-17
4.5785877010943244e-17
4.5885370830140197e-17
4.598486464933716e-17
4.613410537813261e-17
4.6283346106928043e-17
4.643258683572349e-17
4.6532080654920455e-17
4.673106829331437e-17
4.688030902210982e-17
4.712904357010223e-17
4.737777811809463e-17
4.767625957568551e-17
4.787524721407944e-17
4.7974741033276407e-17
4.8173728671670324e-17
4.827322249086729e-17
4.837271631006425e-17
4.857170394845817e-17
4.872094467725362e-17
4.8870185406049064e-17
4.90194261348445e-17
4.921841377323843e-17
4.951689523082931e-17
4.9616389050026275e-17
4.971588286922324e-17
4.9914870507617157e-17
5.001436432681412e-17
5.016360505560957e-17
5.0312845784405003e-17
5.041233960360197e-17
5.0561580332397415e-17
5.076056797079133e-17
5.0860061789988297e-17
5.1059049428382226e-17
5.120829015717766e-17
5.1307783976374626e-17
