4.231857158397696e-19
6.539048641812093e-19
7.461925235177876e-19
9.307678421909442e-19
1.0691993311958302e-18
1.1614869905323962e-18
1.2537746498689869e-18
1.3460623092055529e-18
1.4844937982104389e-18
1.6229252872153002e-18
1.761356776220174e-18
1.8997882652250475e-18
2.038219754229909e-18
2.1766512432347825e-18
2.2689389025713608e-18
2.361226561907939e-18
2.545801880581108e-18
2.638089539917674e-18
2.77652102892256e-18
2.868808688259126e-18
3.0072401772639997e-18
3.1456716662688734e-18
3.4225346442786207e-18
3.560966133283482e-18
3.699397622288343e-18
3.930116770629795e-18
4.068548259634681e-18
4.253123578307838e-18
4.391555067312699e-18
4.48384272664929e-18
4.622274215654151e-18
4.760705704659025e-18
4.8991371936638986e-18
5.083712512337055e-18
5.314431660678507e-18
5.4528631496833685e-18
5.775869957361411e-18
5.868157616697977e-18
6.006589105702863e-18
6.1450205947077245e-18
6.283452083712586e-18
6.3757397430491765e-18
6.6064588913906284e-18
6.74489038039549e-18
6.8371780397320804e-18
6.9294656990686464e-18
7.114041017741815e-18
7.252472506746689e-18
7.437047825419846e-18
7.575479314424707e-18
7.713910803429593e-18
7.806198462766159e-18
7.89848612210275e-18
7.990773781439316e-18
8.083061440775906e-18
8.221492929780768e-18
8.359924418785654e-18
8.498355907790515e-18
8.590643567127093e-18
8.775218885800262e-18
8.867506545136828e-18
9.005938034141714e-18
9.09822569347828e-18
9.236657182483154e-18
9.328944841819732e-18
9.513520160492889e-18
9.60580781982948e-18
9.698095479166058e-18
9.790383138502636e-18
9.928814627507497e-18
1.0021102286844088e-17
1.0113389946180666e-17
1.025182143518554e-17
1.0390252924190401e-17
1.0528684413195275e-17
1.0620972072531853e-17
1.080554739120501e-17
1.0943978880209884e-17
1.1036266539546462e-17
1.1266985687887914e-17
1.1405417176892788e-17
1.1497704836229366e-17
1.1636136325234227e-17
1.1774567814239113e-17
1.1912999303243975e-17
1.2143718451585427e-17
1.2282149940590288e-17
1.2374437599926879e-17
1.2559012918600035e-17
1.2697444407604909e-17
1.2835875896609783e-17
1.302045121528294e-17
1.3112738874619518e-17
1.3205026533956096e-17
1.3297314193292687e-17
1.3389601852629253e-17
1.3528033341634126e-17
1.3620321000970705e-17
1.3851040149312156e-17
1.3943327808648747e-17
1.408175929765361e-17
1.4358622275663356e-17
1.4543197594336512e-17
1.4681629083341374e-17
1.4820060572346247e-17
1.495849206135112e-17
1.50507797206877e-17
1.5143067380024278e-17
1.528149886902914e-17
1.5419930358034025e-17
1.5604505676707182e-17
1.5742937165712043e-17
1.5881368654716917e-17
1.5973656314053495e-17
1.6158231632726652e-17
1.634280695139982e-17
1.657352609974126e-17
1.666581375907785e-17
1.675810141841443e-17
1.6942676737087598e-17
1.7034964396424164e-17
1.7127252055760755e-17
1.7265683544765616e-17
1.7496402693107068e-17
1.7680978011780225e-17
1.7773265671116815e-17
1.7911697160121677e-17
1.805012864912655e-17
1.814241630846313e-17
1.8326991627136285e-17
1.846542311614116e-17
1.8557710775477737e-17
1.8742286094150894e-17
1.8880717583155768e-17
1.8973005242492346e-17
1.9065292901828937e-17
1.9157580561165503e-17
1.929601205017039e-17
1.943444353917525e-17
1.9619018857848407e-17
1.984973800618986e-17
1.994202566552645e-17
2.0034313324863015e-17
2.0311176302872763e-17
2.0449607791877624e-17
2.0541895451214215e-17
2.0680326940219076e-17
2.0911046088560528e-17
2.114176523690198e-17
2.123405289623857e-17
2.1326340555575137e-17
2.1510915874248293e-17
2.1695491192921462e-17
2.1926210341262914e-17
2.211078565993607e-17
2.220307331927265e-17
2.229536097860924e-17
2.2387648637945806e-17
2.2572223956618975e-17
2.2710655445623848e-17
2.2895230764297005e-17
2.2987518423633583e-17
2.3264381401643318e-17
2.335666906097991e-17
2.3448956720316475e-17
2.3541244379653066e-17
2.3725819698326222e-17
2.38181073576628e-17
2.391039501699938e-17
2.4048826506004253e-17
2.4187257995009126e-17
2.4325689484013988e-17
2.4417977143350578e-17
2.4510264802687144e-17
2.4694840121360313e-17
2.4833271610365187e-17
2.4925559269701765e-17
2.506399075870664e-17
2.52024222477115e-17
2.529470990704809e-17
2.5433141396052952e-17
2.5525429055389543e-17
2.561771671472611e-17
2.5802292033399266e-17
2.594072352240415e-17
2.6079155011409013e-17
2.6217586500413886e-17
2.635601798941876e-17
2.6448305648755326e-17
2.6540593308091917e-17
2.6679024797096778e-17
2.6863600115769947e-17
2.700203160477482e-17
2.7140463093779682e-17
2.7232750753116273e-17
2.741732607178943e-17
2.7509613731125995e-17
2.7601901390462586e-17
2.7694189049799164e-17
2.783262053880404e-17
2.79710520278089e-17
2.806333968714549e-17
2.820177117615035e-17
2.8340202665155225e-17
2.8524777983828394e-17
2.8663209472833255e-17
2.8755497132169834e-17
2.884778479150641e-17
2.8940072450843e-17
2.912464776951616e-17
2.921693542885274e-17
2.9309223088189316e-17
2.949379840686247e-17
2.9632229895867346e-17
2.977066138487222e-17
2.9955236703545376e-17
3.0047524362881955e-17
3.0139812022218533e-17
3.0232099681555124e-17
3.041667500022828e-17
3.055510648923314e-17
3.064739414856973e-17
3.07396818079063e-17
3.083196946724289e-17
3.106268861558434e-17
3.115497627492091e-17
3.129340776392579e-17
3.147798308259895e-17
3.1662558401272106e-17
3.180098989027697e-17
3.189327754961356e-17
3.1985565208950137e-17
3.212399669795501e-17
3.226242818695987e-17
3.235471584629646e-17
3.253929116496962e-17
3.277001031331107e-17
3.290844180231593e-17
3.300072946165252e-17
3.3231448609993975e-17
3.3369880098998836e-17
3.355445541767199e-17
3.373903073634515e-17
3.3877462225350035e-17
3.39697498846866e-17
3.410818137369149e-17
3.4200469033028053e-17
3.433890052203293e-17
3.4523475840706096e-17
3.461576350004266e-17
3.4846482648384114e-17
3.498491413738899e-17
3.5077201796725566e-17
3.5169489456062157e-17
3.526177711539872e-17
3.5400208604403596e-17
3.5492496263740175e-17
3.5584783923076765e-17
3.576935924174992e-17
3.595393456042308e-17
3.618465370876453e-17
3.627694136810111e-17
3.636922902743769e-17
3.646151668677428e-17
3.6876811153788887e-17
3.715367413179862e-17
3.72459617911352e-17
3.738439328014006e-17
3.7615112428481513e-17
3.77535439174864e-17
3.7845831576822965e-17
3.803040689549612e-17
3.821498221416929e-17
3.830726987350587e-17
3.839955753284246e-17
3.8491845192179026e-17
3.8584132851515616e-17
3.867642051085218e-17
3.881485199985707e-17
3.895328348886193e-17
3.904557114819852e-17
3.923014646687168e-17
3.936857795587654e-17
3.950700944488141e-17
3.969158476355457e-17
3.9876160082227725e-17
4.001459157123261e-17
4.015302306023747e-17
4.0291454549242334e-17
4.0476029867915515e-17
4.066060518658865e-17
4.08913243349301e-17
4.1029755823934985e-17
4.112204348327155e-17
4.126047497227644e-17
4.13989064612813e-17
4.1583481779954455e-17
4.1675769439291046e-17
4.18603447579642e-17
4.1998776246969064e-17
4.213720773597395e-17
4.227563922497881e-17
4.23679268843154e-17
4.2506358373320263e-17
4.2644789862325124e-17
4.2737077521661715e-17
4.292165284033487e-17
4.306008432933976e-17
4.319851581834462e-17
4.333694730734948e-17
4.342923496668607e-17
4.356766645569093e-17
4.375224177436409e-17
4.384452943370068e-17
4.398296092270554e-17
4.425982390071529e-17
4.449054304905674e-17
4.46289745380616e-17
4.472126219739819e-17
4.481354985673476e-17
4.490583751607135e-17
4.4998125175407915e-17
4.5182700494081096e-17
4.536727581275425e-17
4.559799496109568e-17
4.582871410943713e-17
4.6013289428110313e-17
4.619786474678347e-17
4.6290152406120036e-17
4.6382440065456627e-17
4.647472772479322e-17
4.661315921379808e-17
4.6797734532471235e-17
4.702845368081269e-17
4.7120741340149253e-17
4.725917282915414e-17
4.7397604318159e-17
4.748989197749559e-17
4.762832346650045e-17
4.7720611125837043e-17
4.7859042614841905e-17
4.8089761763183357e-17
4.818204942251992e-17
4.8274337081856513e-17
4.8505056230197965e-17
4.8597343889534556e-17
4.873577537853942e-17
4.905878218621746e-17
4.919721367522232e-17
4.928950133455889e-17
4.938178899389548e-17
4.952022048290034e-17
4.9704795801573496e-17
4.984322729057838e-17
4.993551494991495e-17
5.002780260925154e-17
5.012009026858813e-17
5.039695324659785e-17
5.048924090593444e-17
5.0766103883944165e-17
5.090453537294905e-17
5.11352545212905e-17
5.1273686010295364e-17
