4.075309605171903e-19
5.112174799505554e-19
7.185905188173103e-19
8.74120297967358e-19
9.778068174007354e-19
1.1851798562674779e-18
1.288866375700843e-18
1.444396154850903e-18
1.6517691937176455e-18
1.7554557131510106e-18
1.9628287520177655e-18
2.0665152714511306e-18
2.3257315700345557e-18
2.4294180894679208e-18
2.5331046089012982e-18
2.6367911283346757e-18
2.7404776477680408e-18
2.844164167201406e-18
2.999693946351466e-18
3.1033804657848433e-18
3.258910244934891e-18
3.414440024084951e-18
3.569969803235011e-18
3.673656322668376e-18
3.881029361535131e-18
4.0365591406851786e-18
4.140245660118556e-18
4.3476186989852985e-18
4.658678257285406e-18
4.762364776718771e-18
4.969737815585526e-18
5.125267594735574e-18
5.280797373885634e-18
5.436327153035694e-18
5.643700191902436e-18
5.799229971052496e-18
5.954759750202544e-18
6.0584462696359214e-18
6.1621327890692865e-18
6.369505827936029e-18
6.5768788668027716e-18
6.7324086459528316e-18
6.8879384251028916e-18
6.991624944536257e-18
7.095311463969634e-18
7.250841243119682e-18
7.406371022269742e-18
7.561900801419802e-18
7.769273840286544e-18
7.924803619436592e-18
8.080333398586652e-18
8.287706437453394e-18
8.443236216603454e-18
8.598765995753514e-18
8.70245251518688e-18
8.909825554053622e-18
9.065355333203682e-18
9.169041852637047e-18
9.272728372070425e-18
9.480101410937167e-18
9.635631190087227e-18
9.998534008104017e-18
1.0309593566404137e-17
1.0465123345554197e-17
1.0620653124704245e-17
1.0879869423287682e-17
1.103539920243773e-17
1.1242772241304473e-17
1.134645876073785e-17
1.1450145280171215e-17
1.1761204838471335e-17
1.18648913579047e-17
1.2124107656488125e-17
1.2227794175921503e-17
1.2435167214788245e-17
1.2642540253654988e-17
1.284991329252173e-17
1.2953599811955095e-17
1.3160972850821838e-17
1.3316502629971898e-17
1.352387566883864e-17
1.3834935227138748e-17
1.4042308266005503e-17
1.4145994785438868e-17
1.435336782430561e-17
1.4457054343738976e-17
1.4612584122889036e-17
1.4819957161755778e-17
1.502733020062252e-17
1.5131016720055898e-17
1.5234703239489263e-17
1.5545762797789383e-17
1.564944931722275e-17
1.5804979096372808e-17
1.5908665615806174e-17
1.6064195394956234e-17
1.61678819143896e-17
1.632341169353966e-17
1.647894147268972e-17
1.663447125183978e-17
1.6738157771273144e-17
1.684184429070651e-17
1.6945530810139886e-17
1.715290384900663e-17
1.730843362815669e-17
1.746396340730675e-17
1.7619493186456796e-17
1.7723179705890174e-17
1.782686622532354e-17
1.818976904334034e-17
1.8448985341923767e-17
1.8604515121073827e-17
1.8708201640507204e-17
1.881188815994057e-17
1.8915574679373934e-17
1.9071104458523994e-17
1.9174790977957372e-17
1.933032075710742e-17
1.948585053625748e-17
1.964138031540754e-17
1.9848753354274282e-17
2.0056126393141024e-17
2.0263499432007767e-17
2.0419029211157815e-17
2.062640225002457e-17
2.0730088769457935e-17
2.08337752888913e-17
2.1092991587474737e-17
2.1196678106908102e-17
2.130036462634148e-17
2.1404051145774845e-17
2.16114241846416e-17
2.1766953963791647e-17
2.1974327002658402e-17
2.2129856781808437e-17
2.2285386560958497e-17
2.2440916340108557e-17
2.2596446119258617e-17
2.2803819158125372e-17
2.2907505677558713e-17
2.3063035456708773e-17
2.3166721976142162e-17
2.3322251755292222e-17
2.3529624794158953e-17
2.3633311313592342e-17
2.3736997833025683e-17
2.3840684352459073e-17
2.4048057391325803e-17
2.4151743910759193e-17
2.4255430430192558e-17
2.4462803469059288e-17
2.4566489988492653e-17
2.4773863027359408e-17
2.4929392806509468e-17
2.5033079325942833e-17
2.5447825403676318e-17
2.5655198442543073e-17
2.5914414741126498e-17
2.6173631039709923e-17
2.6381004078576653e-17
2.6536533857726713e-17
2.6795750156310138e-17
2.6951279935460198e-17
2.7158652974326953e-17
2.7314182753477013e-17
2.7469712532627073e-17
2.762524231177711e-17
2.7728928831210474e-17
2.7884458610360534e-17
2.7988145129793923e-17
2.809183164922729e-17
2.8195518168660654e-17
2.8351047947810714e-17
2.8506577726960774e-17
2.861026424639414e-17
2.87657940255442e-17
2.8869480544977564e-17
2.8973167064410954e-17
2.9180540103277684e-17
2.928422662271105e-17
2.9543442921294474e-17
2.9647129440727864e-17
2.975081596016123e-17
2.9854502479594594e-17
3.0010032258744654e-17
3.0165562037894714e-17
3.026924855732808e-17
3.042477833647814e-17
3.0632151375344894e-17
3.078768115449493e-17
3.0995054193361684e-17
3.109874071279505e-17
3.125427049194511e-17
3.1357957011378474e-17
3.146164353081184e-17
3.1565330050245204e-17
3.1669016569678594e-17
3.1824546348828654e-17
3.2135605907128774e-17
3.229113568627881e-17
3.2394822205712175e-17
3.2550351984862235e-17
3.2654038504295624e-17
3.291325480287905e-17
3.3068784582029085e-17
3.3224314361179145e-17
3.3328000880612535e-17
3.3535373919479265e-17
3.3639060438912655e-17
3.379459021806269e-17
3.395011999721275e-17
3.4053806516646115e-17
3.4157493036079505e-17
3.4313022815229565e-17
3.4520395854096295e-17
3.4675925633246355e-17
3.4831455412396415e-17
3.4986985191546475e-17
3.509067171097984e-17
3.5298044749846595e-17
3.5401731269279935e-17
3.5557261048429995e-17
3.5816477347013445e-17
3.592016386644681e-17
3.6023850385880175e-17
3.612753690531354e-17
3.62830666844636e-17
3.6386753203896965e-17
3.6490439723330355e-17
3.659412624276372e-17
3.6853342541347145e-17
3.7164402099647265e-17
3.7319931878797325e-17
3.7475461657947385e-17
3.7630991437097445e-17
3.778652121624748e-17
3.7993894255114236e-17
3.8149424034264296e-17
3.8304953813414356e-17
3.840864033284772e-17
3.861601337171445e-17
3.892707293001457e-17
3.908260270916463e-17
3.9341819007748056e-17
3.9497348786898116e-17
3.9652878566048176e-17
3.9860251604914906e-17
4.0067624643781636e-17
4.0223154422931696e-17
4.0326840942365086e-17
4.058605724094851e-17
4.0689743760381876e-17
4.0793430279815266e-17
4.09489600589653e-17
4.1156333097832056e-17
4.1311862876982116e-17
4.1519235915848846e-17
4.177845221443227e-17
4.193398199358233e-17
4.2141355032449086e-17
4.2296884811599146e-17
4.245241459074918e-17
4.260794436989924e-17
4.27634741490493e-17
4.2867160668482667e-17
4.3022690447632727e-17
4.3126376967066116e-17
4.323006348649946e-17
4.3333750005932847e-17
4.343743652536621e-17
4.3696652823949637e-17
4.395586912253306e-17
4.405955564196643e-17
4.421508542111649e-17
4.4318771940549877e-17
4.442245845998324e-17
4.452614497941661e-17
4.4629831498849997e-17
4.478536127800003e-17
4.48890477974334e-17
4.504457757658346e-17
4.514826409601685e-17
4.525195061545021e-17
4.535563713488358e-17
4.5614853433467e-17
4.571853995290037e-17
4.582222647233376e-17
4.597775625148382e-17
4.608144277091718e-17
4.618512929035055e-17
4.628881580978391e-17
4.639250232921728e-17
4.654803210836734e-17
4.665171862780073e-17
4.680724840695079e-17
4.701462144581752e-17
4.732568100411764e-17
4.753305404298437e-17
4.763674056241776e-17
4.779227034156782e-17
4.799964338043455e-17
4.810332989986791e-17
4.820701641930128e-17
4.831070293873467e-17
4.841438945816803e-17
4.862176249703476e-17
4.872544901646813e-17
4.898466531505158e-17
4.914019509420164e-17
4.9243881613635e-17
4.9451254652501733e-17
4.95549411719351e-17
4.971047095108516e-17
4.986600073023522e-17
5.022890354825201e-17
5.048811984683546e-17
5.064364962598552e-17
5.079917940513558e-17
5.100655244400231e-17
5.121392548286904e-17
5.131761200230243e-17
