4.724320086952752e-19
6.055812619405372e-19
8.274966840159862e-19
9.606459372612482e-19
1.0937951905065225e-18
1.1825613593366971e-18
1.2713275281668718e-18
1.4932429502423208e-18
1.67077528790267e-18
1.759541456732857e-18
1.892690709978119e-18
1.9814568788082937e-18
2.1146061320535557e-18
2.2033723008837427e-18
2.2921384697139173e-18
2.4252877229591793e-18
2.514053891789354e-18
2.602820060619541e-18
2.6915862294497156e-18
2.8247354826949776e-18
3.0022678203553392e-18
3.091033989185514e-18
3.1798001580156885e-18
3.2685663268458755e-18
3.35733249567605e-18
3.490481748921312e-18
3.623631002166574e-18
3.7567802554118484e-18
3.845546424242023e-18
3.978695677487285e-18
4.111844930732559e-18
4.289377268392909e-18
4.378143437223083e-18
4.46690960605327e-18
4.555675774883445e-18
4.688825028128707e-18
4.821974281373969e-18
4.910740450204156e-18
4.9995066190343306e-18
5.088272787864505e-18
5.177038956694692e-18
5.3545712943550415e-18
5.443337463185216e-18
5.5764867164304905e-18
5.8427852229210145e-18
5.931551391751189e-18
6.020317560581376e-18
6.109083729411551e-18
6.2866160670719e-18
6.552914573562436e-18
6.774829995637885e-18
6.907979248883147e-18
6.996745417713322e-18
7.085511586543509e-18
7.174277755373684e-18
7.263043924203858e-18
7.39619317744912e-18
7.484959346279307e-18
7.618108599524569e-18
7.706874768354744e-18
7.840024021600006e-18
7.928790190430193e-18
8.061939443675455e-18
8.195088696920717e-18
8.283854865750904e-18
8.50577028782634e-18
8.816451878731964e-18
8.905218047562139e-18
9.127133469637588e-18
9.215899638467762e-18
9.349048891713024e-18
9.482198144958299e-18
9.61534739820356e-18
9.704113567033735e-18
9.792879735863922e-18
9.926028989109184e-18
1.0014795157939359e-17
1.0236710580014808e-17
1.0325476748844982e-17
1.0503009086505332e-17
1.0591775255335519e-17
1.0724924508580781e-17
1.0813690677410955e-17
1.0946839930656217e-17
1.1035606099486404e-17
1.1168755352731666e-17
1.130190460597694e-17
1.1435053859222203e-17
1.1523820028052377e-17
1.1612586196882552e-17
1.1701352365712739e-17
1.1790118534542914e-17
1.1923267787788176e-17
1.201203395661835e-17
1.2100800125448537e-17
1.2322715547523974e-17
1.2633397138429598e-17
1.276654639167486e-17
1.2855312560505034e-17
1.2944078729335221e-17
1.3032844898165396e-17
1.3165994151410658e-17
1.3299143404655932e-17
1.3432292657901194e-17
1.3521058826731369e-17
1.3654208079976643e-17
1.3742974248806818e-17
1.3964889670882254e-17
1.409803892412753e-17
1.423118817737279e-17
1.4319954346202965e-17
1.4408720515033152e-17
1.4497486683863327e-17
1.4675019021523676e-17
1.4896934443599125e-17
1.5118849865674574e-17
1.520761603450475e-17
1.534076528775001e-17
1.5518297625410372e-17
1.5695829963070722e-17
1.5828979216315984e-17
1.6006511553976345e-17
1.609527772280652e-17
1.631719314488197e-17
1.6583491651372493e-17
1.6805407073447942e-17
1.6894173242278117e-17
1.698293941110829e-17
1.7116088664353566e-17
1.7249237917598828e-17
1.738238717084409e-17
1.7471153339674276e-17
1.755991950850445e-17
1.7648685677334626e-17
1.77374518461648e-17
1.795936726824025e-17
1.809251652148551e-17
1.8225665774730786e-17
1.8403198112391135e-17
1.8536347365636397e-17
1.866949661888167e-17
1.8802645872126933e-17
1.8891412040957108e-17
1.9024561294202382e-17
1.9113327463032557e-17
1.924647671627782e-17
1.942400905393818e-17
1.9557158307183443e-17
1.977907372925889e-17
2.0045372235749415e-17
2.0311670742239952e-17
2.05335861643154e-17
2.071111850197575e-17
2.0888650839636112e-17
2.106618317729646e-17
2.1154949346126636e-17
2.128809859937191e-17
2.1376864768202085e-17
2.1554397105862434e-17
2.182069561235297e-17
2.1909461781183145e-17
2.2086994118843506e-17
2.217576028767368e-17
2.2308909540918943e-17
2.2442058794164217e-17
2.2619591131824567e-17
2.270835730065474e-17
2.293027272273019e-17
2.310780506039054e-17
2.3196571229220727e-17
2.32853373980509e-17
2.3374103566881076e-17
2.3551635904541438e-17
2.3773551326616874e-17
2.3951083664277236e-17
2.4084232917522498e-17
2.421738217076776e-17
2.4306148339597935e-17
2.443929759284321e-17
2.457244684608847e-17
2.4749979183748832e-17
2.4838745352579007e-17
2.4927511521409182e-17
2.5193810027899718e-17
2.5460108534390254e-17
2.554887470322043e-17
2.5637640872050604e-17
2.5726407040880778e-17
2.5859556294126053e-17
2.5992705547371315e-17
2.608147171620149e-17
2.6170237885031664e-17
2.625900405386185e-17
2.64365363915222e-17
2.6525302560352375e-17
2.665845181359765e-17
2.6747217982427824e-17
2.6835984151258e-17
2.6924750320088173e-17
2.701351648891836e-17
2.7146665742163622e-17
2.736858116423907e-17
2.7501730417484333e-17
2.7634879670729595e-17
2.7856795092805044e-17
2.794556126163522e-17
2.812309359929557e-17
2.8211859768125755e-17
2.830062593695593e-17
2.8389392105786104e-17
2.847815827461629e-17
2.8611307527861553e-17
2.87888398655219e-17
2.887760603435209e-17
2.905513837201244e-17
2.927705379408789e-17
2.941020304733315e-17
2.9498969216163324e-17
2.95877353849935e-17
2.9854033891484035e-17
2.994280006031421e-17
3.0031566229144385e-17
3.0209098566804746e-17
3.034224782005001e-17
3.051978015771037e-17
3.065292941095563e-17
3.0741695579785807e-17
3.091922791744617e-17
3.105237717069143e-17
3.1185526423936705e-17
3.127429259276688e-17
3.1363058761597054e-17
3.145182493042723e-17
3.15849741836725e-17
3.167374035250268e-17
3.176250652133285e-17
3.19400388589932e-17
3.202880502782339e-17
3.211757119665356e-17
3.2250720449898825e-17
3.233948661872901e-17
3.2472635871974274e-17
3.2605785125219536e-17
3.273893437846481e-17
3.296084980054025e-17
3.304961596937042e-17
3.3182765222615696e-17
3.3360297560276045e-17
3.3582212982351494e-17
3.3715362235596756e-17
3.380412840442693e-17
3.389289457325712e-17
3.4114809995332554e-17
3.420357616416274e-17
3.442549158623818e-17
3.460302392389854e-17
3.478055626155889e-17
3.4869322430389064e-17
3.495808859921924e-17
3.509123785246451e-17
3.5224387105709775e-17
3.5357536358955037e-17
3.5446302527785224e-17
3.5579451781030486e-17
3.5756984118690835e-17
3.589013337193611e-17
3.5978899540766284e-17
3.6156431878426645e-17
3.6333964216086995e-17
3.6467113469332257e-17
3.6555879638162444e-17
3.664464580699262e-17
3.673341197582279e-17
3.682217814465297e-17
3.695532739789824e-17
3.7044093566728417e-17
3.717724281997368e-17
3.731039207321895e-17
3.739915824204913e-17
3.753230749529439e-17
3.766545674853965e-17
3.7842989086200013e-17
3.8020521423860375e-17
3.824243684593581e-17
3.8375586099181073e-17
3.8553118436841435e-17
3.864188460567161e-17
3.8730650774501784e-17
3.881941694333197e-17
3.8952566196577233e-17
3.921886470306777e-17
3.935201395631303e-17
3.961831246280357e-17
3.9840227884879005e-17
4.0017760222539366e-17
4.028405872902989e-17
4.037282489786008e-17
4.0550357235520427e-17
4.06391234043506e-17
4.072788957318079e-17
4.081665574201096e-17
4.099418807967131e-17
4.1082954248501487e-17
4.121610350174676e-17
4.1482402008237285e-17
4.157116817706747e-17
4.1659934345897647e-17
4.174870051472782e-17
4.1837466683557996e-17
4.210376519004853e-17
4.2236914443293807e-17
4.237006369653907e-17
4.250321294978433e-17
4.2591979118614505e-17
4.272512837185978e-17
4.2991426878350304e-17
4.308019304718049e-17
4.321334230042575e-17
4.330210846925593e-17
4.34352577225012e-17
4.3524023891331376e-17
4.3701556228991725e-17
4.37903223978219e-17
4.401223781989735e-17
4.418977015755771e-17
4.432291941080297e-17
4.441168557963315e-17
4.450045174846332e-17
4.4633601001708596e-17
4.476675025495386e-17
4.485551642378403e-17
4.494428259261422e-17
4.5033048761444395e-17
4.525496418351983e-17
4.547687960559528e-17
4.5565645774425455e-17
4.5698795027670717e-17
4.587632736533108e-17
4.600947661857634e-17
4.623139204065179e-17
4.636454129389705e-17
4.6497690547142326e-17
4.65864567159725e-17
4.671960596921776e-17
4.680837213804794e-17
4.694152139129321e-17
4.7074670644538473e-17
4.7207819897783735e-17
4.729658606661392e-17
4.7429735319859184e-17
4.751850148868936e-17
4.7607267657519534e-17
4.774041691076481e-17
4.7962332332840257e-17
4.805109850167043e-17
4.8184247754915693e-17
4.8317397008160955e-17
4.845054626140623e-17
4.858369551465149e-17
4.8672461683481666e-17
4.884999402114203e-17
4.89387601899722e-17
4.902752635880238e-17
4.920505869646274e-17
4.9293824865292914e-17
4.9426974118538176e-17
4.951574028736835e-17
4.960450645619854e-17
4.969327262502871e-17
4.9782038793858887e-17
4.991518804710416e-17
5.004833730034942e-17
5.0181486553594685e-17
5.031463580683996e-17
5.049216814450031e-17
5.0758466650990845e-17
5.084723281982102e-17
5.102476515748137e-17
5.115791441072664e-17
5.124668057955682e-17
5.133544674838699e-17
