4.3329040091879745e-19
5.965741142949065e-19
8.14285732129702e-19
9.231415410470998e-19
1.0319973499644976e-18
1.1408531588818954e-18
1.2497089677992932e-18
1.5218484900928e-18
2.0116996302211023e-18
2.2838391525145845e-18
2.3926949614319823e-18
2.5559786748080666e-18
2.8281181971015734e-18
2.936974006018971e-18
3.045829814936369e-18
3.209113528312478e-18
3.372397241688587e-18
3.535680955064671e-18
3.644536763982069e-18
3.753392572899467e-18
3.862248381816865e-18
3.9711041907342625e-18
4.2976716174864805e-18
4.569811139779963e-18
4.787522757614758e-18
4.896378566532156e-18
5.005234375449554e-18
5.222945993284349e-18
5.331801802201747e-18
5.658369228953965e-18
5.930508751247447e-18
6.093792464623556e-18
6.2026482735409294e-18
6.3659319869170384e-18
6.474787795834436e-18
6.583643604751834e-18
6.692499413669232e-18
6.801355222586654e-18
7.073494744880136e-18
7.291206362714932e-18
7.40006217163233e-18
7.508917980549727e-18
7.617773789467125e-18
7.78105750284321e-18
7.944341216219343e-18
8.107624929595428e-18
8.216480738512825e-18
8.434192356347621e-18
8.543048165265019e-18
8.651903974182417e-18
8.869615592017212e-18
9.196183018769406e-18
9.305038827686828e-18
9.468322541062912e-18
9.740462063356419e-18
9.849317872273792e-18
9.958173681191215e-18
1.0230313203484697e-17
1.0339169012402095e-17
1.0502452725778204e-17
1.0665736439154313e-17
1.0774592248071686e-17
1.0992303865906481e-17
1.1101159674823904e-17
1.1210015483741277e-17
1.13188712926587e-17
1.1536582910493495e-17
1.169986662386958e-17
1.1863150337245688e-17
1.213528985953917e-17
1.2244145668456593e-17
1.2461857286291388e-17
1.2570713095208762e-17
1.2679568904126184e-17
1.289728052196098e-17
1.3114992139795775e-17
1.3223847948713173e-17
1.3387131662089282e-17
1.3495987471006655e-17
1.3659271184382764e-17
1.387698280221756e-17
1.404026651559367e-17
1.4203550228969753e-17
1.4366833942345862e-17
1.453011765572197e-17
1.4638973464639344e-17
1.4965540891391562e-17
1.5128824604767646e-17
1.523768041368507e-17
1.5400964127061153e-17
1.550981993597855e-17
1.5890815267189456e-17
1.605409898056554e-17
1.6217382693941624e-17
1.6326238502859047e-17
1.6435094311776445e-17
1.665280592961124e-17
1.6761661738528638e-17
1.6870517547446036e-17
1.7033801260822145e-17
1.7305940783115627e-17
1.7523652400950422e-17
1.768693611432653e-17
1.779579192324393e-17
1.7904647732161327e-17
1.823121515891352e-17
1.8340070967830918e-17
1.8612210490124425e-17
1.8884350012417932e-17
1.9102061630252727e-17
1.92109174391701e-17
1.9319773248087523e-17
1.9483056961463607e-17
1.9700768579298403e-17
1.9918480197133198e-17
2.0081763910509307e-17
2.0245047623885416e-17
2.04083313372615e-17
2.05171871461789e-17
2.0680470859555008e-17
2.0843754572931092e-17
2.095261038184849e-17
2.1224749904141996e-17
2.1333605713059394e-17
2.1442461521976792e-17
2.16057452353529e-17
2.1714601044270274e-17
2.1877884757646383e-17
2.2041168471022492e-17
2.2313307993315974e-17
2.2531019611150795e-17
2.274873122898559e-17
2.2857587037902963e-17
2.307529865573776e-17
2.318415446465518e-17
2.3347438178031266e-17
2.351072189140735e-17
2.3619577700324772e-17
2.3837289318159568e-17
2.4000573031535652e-17
2.4109428840453075e-17
2.432714045828787e-17
2.4490424171663955e-17
2.4599279980581352e-17
2.476256369395746e-17
2.4925847407333546e-17
2.5034703216250968e-17
2.514355902516834e-17
2.5361270643003137e-17
2.5524554356379246e-17
2.5687838069755355e-17
2.5796693878672728e-17
2.5959977592048837e-17
2.6232117114342344e-17
2.6340972923259742e-17
2.644982873217714e-17
2.6667540350011935e-17
2.6939679872305417e-17
2.704853568122284e-17
2.7157391490140213e-17
2.7266247299057635e-17
2.748395891689243e-17
2.759281472580983e-17
2.7701670534727226e-17
2.791938215256202e-17
2.813709377039682e-17
2.8245949579314215e-17
2.8409233292690324e-17
2.857251700606641e-17
2.868137281498383e-17
2.8899084432818627e-17
2.917122395511211e-17
2.933450766848822e-17
2.94977913818643e-17
2.9661075095240386e-17
2.976993090415781e-17
2.9878786713075207e-17
3.0042070426451316e-17
3.015092623536869e-17
3.03142099487448e-17
3.0477493662120907e-17
3.064077737549699e-17
3.074963318441439e-17
3.09129168977905e-17
3.107620061116658e-17
3.1185056420084005e-17
3.129391222900138e-17
3.1511623846836174e-17
3.1620479655753596e-17
3.183819127358839e-17
3.21103307958819e-17
3.227361450925798e-17
3.238247031817538e-17
3.254575403155149e-17
3.281789355384497e-17
3.325331678951456e-17
3.352545631180807e-17
3.385202373856026e-17
3.401530745193635e-17
3.4178591165312456e-17
3.439630278314725e-17
3.455958649652336e-17
3.466844230544076e-17
3.483172601881687e-17
3.499500973219295e-17
3.5158293445569036e-17
3.5430432967862543e-17
3.553928877677994e-17
3.570257249015605e-17
3.5865856203532134e-17
3.5974712012449557e-17
3.6301279439201725e-17
3.641013524811915e-17
3.651899105703652e-17
3.6627846865953943e-17
3.6736702674871317e-17
3.684555848378874e-17
3.695441429270611e-17
3.7063270101623535e-17
3.722655381499962e-17
3.738983752837573e-17
3.766197705066921e-17
3.782526076404532e-17
3.798854447742143e-17
3.80974002863388e-17
3.8206256095256224e-17
3.842396771309102e-17
3.853282352200842e-17
3.88049630443019e-17
3.891381885321932e-17
3.9077102566595406e-17
3.9185958375512804e-17
3.934924208888891e-17
3.945809789780631e-17
3.962138161118242e-17
3.9784665324558504e-17
3.994794903793459e-17
4.01112327513107e-17
4.0274516464686806e-17
4.04922280825216e-17
4.076436760481511e-17
4.087322341373248e-17
4.0982079222649904e-17
4.109093503156728e-17
4.1254218744943386e-17
4.147193036277818e-17
4.1744069885071664e-17
4.1852925693989086e-17
4.207063731182388e-17
4.217949312074128e-17
4.228834892965868e-17
4.245163264303476e-17
4.261491635641087e-17
4.272377216532827e-17
4.2941483783163064e-17
4.321362330545657e-17
4.3376907018832655e-17
4.348576282775008e-17
4.364904654112616e-17
4.375790235004356e-17
4.392118606341967e-17
4.4084469776795753e-17
4.430218139463055e-17
4.446546510800666e-17
4.4574320916924056e-17
4.479203253475885e-17
4.4955316248134936e-17
4.517302786596973e-17
4.533631157934584e-17
4.549959529272195e-17
4.560845110163935e-17
4.5771734815015456e-17
4.604387433730894e-17
4.6152730146226336e-17
4.6261585955143734e-17
4.647929757297853e-17
4.664258128635464e-17
4.680586499973072e-17
4.702357661756552e-17
4.718686033094163e-17
4.7350144044317736e-17
4.756785566215253e-17
4.7676711471069905e-17
4.783999518444604e-17
4.800327889782212e-17
4.811213470673952e-17
4.822099051565692e-17
4.8384274229033e-17
4.854755794240911e-17
4.865641375132651e-17
4.8819697464702594e-17
4.89829811780787e-17
4.925512070037221e-17
4.9472832318207005e-17
4.9636116031583114e-17
4.974497184050049e-17
4.985382764941791e-17
5.0017111362793994e-17
5.012596717171139e-17
5.023482298062879e-17
5.03981066940049e-17
5.0506962502922297e-17
5.067024621629838e-17
5.0887957834133177e-17
5.1051241547509286e-17
5.1214525260885395e-17
5.132338106980277e-17
