3.8103820661904116e-19
4.861623991518219e-19
6.438486879509931e-19
7.489728804837739e-19
8.5409707301655465e-19
1.0117833618157258e-18
1.169469650614897e-18
1.3271559394140681e-18
1.432280131946849e-18
1.6950906132788008e-18
1.9579010946107528e-18
2.1681494796763143e-18
2.3258357684754855e-18
2.4309599610082663e-18
2.5886462498074374e-18
2.7463325386066086e-18
2.8514567311393894e-18
3.0091430199385605e-18
3.1142672124713413e-18
3.2719535012705125e-18
3.3770776938032932e-18
3.534763982602452e-18
3.745012367668014e-18
3.8501365602007944e-18
3.955260752733575e-18
4.112947041532746e-18
4.218071234065527e-18
4.428319619131089e-18
4.63856800419665e-18
4.743692196729431e-18
5.006502678061383e-18
5.164188966860554e-18
5.321875255659725e-18
5.426999448192506e-18
5.532123640725287e-18
5.689809929524458e-18
5.794934122057239e-18
5.9000583145900195e-18
6.057744603389166e-18
6.320555084721118e-18
6.478241373520289e-18
6.58336556605307e-18
6.688489758585851e-18
6.898738143651412e-18
7.266672817516145e-18
7.371797010048926e-18
7.582045395114487e-18
7.739731683913658e-18
8.00254216524561e-18
8.160228454044781e-18
8.317914742843953e-18
8.423038935376733e-18
8.633287320442295e-18
8.738411512975076e-18
9.053784090573418e-18
9.31659457190537e-18
9.526842956970932e-18
9.684529245770103e-18
9.789653438302884e-18
9.894777630835664e-18
9.999901823368445e-18
1.0105026015901226e-17
1.0262712304700397e-17
1.0525522786032349e-17
1.0735771171097886e-17
1.0893457459897057e-17
1.0998581652429838e-17
1.12088300374954e-17
1.136651632629457e-17
1.1471640518827351e-17
1.1681888903892913e-17
1.1892137288958474e-17
1.2049823577757646e-17
1.2207509866556817e-17
1.2417758251622378e-17
1.2522882444155159e-17
1.273313082922072e-17
1.2943379214286282e-17
1.3206189695618234e-17
1.3311313888151015e-17
1.3521562273216576e-17
1.3679248562015748e-17
1.404718323588048e-17
1.4257431620946042e-17
1.4362555813478823e-17
1.4520242102277994e-17
1.4835614679876336e-17
1.4993300968675507e-17
1.525611145000746e-17
1.5571484027605777e-17
1.59919807977369e-17
1.609710499026968e-17
1.6254791279068852e-17
1.6517601760400804e-17
1.6780412241732756e-17
1.6938098530531927e-17
1.7095784819331098e-17
1.720090901186388e-17
1.735859530066305e-17
1.746371949319583e-17
1.756884368572861e-17
1.7673967878261392e-17
1.7779092070794173e-17
1.7989340455859735e-17
1.8094464648392515e-17
1.8199588840925296e-17
1.8357275129724467e-17
1.8462399322257248e-17
1.856752351479003e-17
1.87252098035892e-17
1.8935458188654762e-17
1.9040582381187542e-17
1.9250830766253104e-17
1.9408517055052275e-17
1.9566203343851446e-17
1.9776451728917008e-17
2.0091824306515325e-17
2.0196948499048106e-17
2.0302072691580887e-17
2.0407196884113668e-17
2.056488317291284e-17
2.072256946171201e-17
2.0932817846777572e-17
2.1037942039310352e-17
2.1143066231843133e-17
2.1353314616908695e-17
2.1458438809441476e-17
2.1616125098240647e-17
2.1721249290773427e-17
2.1826373483306208e-17
2.193149767583899e-17
2.203662186837177e-17
2.214174606090455e-17
2.2299432349703722e-17
2.2509680734769283e-17
2.2614804927302064e-17
2.2719929119834845e-17
2.2930177504900406e-17
2.3192987986232358e-17
2.340323637129792e-17
2.3771171045162653e-17
2.3928857333961824e-17
2.4086543622760995e-17
2.4244229911560166e-17
2.4401916200359337e-17
2.4507040392892118e-17
2.466472668169129e-17
2.4874975066756826e-17
2.4980099259289607e-17
2.5137785548088778e-17
2.540059602942073e-17
2.55582823182199e-17
2.5715968607019072e-17
2.5873654895818243e-17
2.5978779088351024e-17
2.6083903280883805e-17
2.6294151665949366e-17
2.6399275858482147e-17
2.660952424354771e-17
2.676721053234688e-17
2.692489682114605e-17
2.7135145206211613e-17
2.7240269398744393e-17
2.7397955687543565e-17
2.7503079880076345e-17
2.7660766168875517e-17
2.77658903614083e-17
2.787101455394108e-17
2.797613874647386e-17
2.818638713153942e-17
2.82915113240722e-17
2.839663551660498e-17
2.8554321805404153e-17
2.8712008094203324e-17
2.8869694383002495e-17
2.8974818575535276e-17
2.913250486433445e-17
2.923762905686723e-17
2.934275324940001e-17
2.9447877441932765e-17
2.9553001634465546e-17
2.971068792326472e-17
2.992093630833028e-17
3.007862259712945e-17
3.018374678966223e-17
3.044655727099418e-17
3.0656805656059744e-17
3.0761929848592525e-17
3.0919616137391696e-17
3.1024740329924477e-17
3.112986452245726e-17
3.123498871499004e-17
3.139267500378921e-17
3.155036129258838e-17
3.170804758138755e-17
3.1918295966453113e-17
3.2075982255252284e-17
3.2181106447785065e-17
3.2338792736584236e-17
3.25490411216498e-17
3.265416531418258e-17
3.281185160298175e-17
3.30746620843137e-17
3.3337472565645654e-17
3.3495158854444825e-17
3.3705407239510386e-17
3.391565562457595e-17
3.402077981710873e-17
3.4178466105907875e-17
3.4283590298440656e-17
3.444127658723983e-17
3.4598962876039e-17
3.475664916483817e-17
3.486177335737095e-17
3.507202174243651e-17
3.522970803123568e-17
3.5334832223768464e-17
3.5597642705100416e-17
3.580789109016598e-17
3.591301528269876e-17
3.607070157149793e-17
3.633351205282988e-17
3.643863624536266e-17
3.6754008822961004e-17
3.6859133015493785e-17
3.7016819304292956e-17
3.717450559309213e-17
3.73321918818913e-17
3.754244026695686e-17
3.764756445948964e-17
3.78578128445552e-17
3.8068061229620764e-17
3.8173185422153545e-17
3.8278309614686325e-17
3.8383433807219106e-17
3.864624428855106e-17
3.8803930577350205e-17
3.8961616866149376e-17
3.9066741058682157e-17
3.927698944374772e-17
3.953979992507967e-17
3.964492411761245e-17
3.975004831014523e-17
3.985517250267801e-17
4.0012858791477184e-17
4.0223107176542745e-17
4.0380793465341916e-17
4.04859176578747e-17
4.059104185040748e-17
4.074872813920665e-17
4.10115386205386e-17
4.127434910187055e-17
4.1379473294403334e-17
4.1537159583202505e-17
4.1747407968268066e-17
4.206278054586641e-17
4.232559102719836e-17
4.248327731599753e-17
4.258840150853031e-17
4.2798649893595874e-17
4.2956336182395045e-17
4.3114022471194216e-17
4.3219146663727e-17
4.332427085625978e-17
4.3481957145058925e-17
4.3639643433858096e-17
4.384989181892366e-17
4.406014020398922e-17
4.427038858905478e-17
4.442807487785395e-17
4.453319907038673e-17
4.463832326291951e-17
4.4796009551718684e-17
4.4953695840517855e-17
4.5163944225583417e-17
4.532163051438259e-17
4.542675470691537e-17
4.568956518824732e-17
4.57946893807801e-17
4.595237566957927e-17
4.6110061958378444e-17
4.6215186150911225e-17
4.6320310343444005e-17
4.6477996632243177e-17
4.658312082477596e-17
4.668824501730874e-17
4.684593130610791e-17
4.695105549864069e-17
4.705617969117347e-17
4.726642807623903e-17
4.7371552268771813e-17
4.7529238557570984e-17
4.7686924846370155e-17
4.7792049038902936e-17
4.805485952023489e-17
4.8265107905300425e-17
4.852791838663238e-17
4.863304257916516e-17
4.873816677169794e-17
4.89484151567635e-17
4.910610144556267e-17
4.926378773436184e-17
4.9421474023161014e-17
4.9526598215693794e-17
4.9736846600759356e-17
4.9841970793292137e-17
4.994709498582492e-17
5.010478127462409e-17
5.031502965968965e-17
5.047271594848882e-17
5.068296433355438e-17
5.0788088526087164e-17
5.0998336911152725e-17
5.126114739248468e-17
