5.291799364935471e-19
7.758300563083823e-19
9.238201281972934e-19
1.071810200086192e-18
1.1704702480121286e-18
1.3184603199010273e-18
1.4171203678269639e-18
1.5157804157529005e-18
1.614440463678837e-18
1.7624305355677357e-18
1.9104206074566344e-18
2.0584106793455454e-18
2.157070727271482e-18
2.3050607991603807e-18
2.4037208470863296e-18
2.502380895012254e-18
2.6010409429381904e-18
2.699700990864127e-18
2.8476910627530257e-18
2.9956811346419367e-18
3.0943411825678733e-18
3.1930012304937975e-18
3.2916612784197464e-18
3.439651350308645e-18
3.636971446160518e-18
3.784961518049417e-18
3.932951589938316e-18
4.080941661827227e-18
4.228931733716125e-18
4.3769218056050364e-18
4.475581853530961e-18
4.5742419014569095e-18
4.672901949382834e-18
4.8208920212717325e-18
4.9688820931606435e-18
5.1168721650495545e-18
5.3635222848643775e-18
5.5115123567532885e-18
5.6595024286421995e-18
5.807492500531098e-18
6.0541426203459335e-18
6.15280266827187e-18
6.399452788086705e-18
6.5967728839385785e-18
6.7940929797904516e-18
6.94208305167935e-18
7.090073123568261e-18
7.188733171494186e-18
7.287393219420134e-18
7.386053267346059e-18
7.534043339234957e-18
7.682033411123868e-18
7.780693459049805e-18
7.978013554901678e-18
8.126003626790577e-18
8.224663674716513e-18
8.32332372264245e-18
8.61930386642026e-18
8.865953986235095e-18
9.161934130012905e-18
9.260594177938841e-18
9.40858424982774e-18
9.556574321716639e-18
9.852554465494448e-18
9.951214513420385e-18
1.0099204585309284e-17
1.0197864633235233e-17
1.0296524681161157e-17
1.0444514753050055e-17
1.0592504824938966e-17
1.0740494896827878e-17
1.0937814992679738e-17
1.1233795136457548e-17
1.1381785208346447e-17
1.1529775280235345e-17
1.1628435328161294e-17
1.1825755424013167e-17
1.1924415471939092e-17
1.2121735567790965e-17
1.2269725639679864e-17
1.2368385687605812e-17
1.2516375759494711e-17
1.2615035807420635e-17
1.2713695855346584e-17
1.2911015951198457e-17
1.3206996094976255e-17
1.3305656142902191e-17
1.3453646214791102e-17
1.3552306262717027e-17
1.3700296334605925e-17
1.38976164304578e-17
1.404560650234671e-17
1.4144266550272646e-17
1.4292256622161545e-17
1.4440246694050444e-17
1.4736226837828266e-17
1.498287695764309e-17
1.5081537005569037e-17
1.5180197053494962e-17
1.542684717330981e-17
1.5574837245198708e-17
1.577215734105058e-17
1.592014741293948e-17
1.6018807460865416e-17
1.6413447652569163e-17
1.656143772445806e-17
1.6758757820309934e-17
1.685741786823587e-17
1.6956077916161808e-17
1.7054737964087744e-17
1.7202728035976643e-17
1.730138808390258e-17
1.7400048131828516e-17
1.759736822768039e-17
1.7745358299569288e-17
1.7893348371458187e-17
1.8041338443347098e-17
1.8139998491273034e-17
1.8337318587124907e-17
1.8485308659013806e-17
1.8583968706939743e-17
1.873195877882864e-17
1.8830618826754578e-17
1.8929278874680514e-17
1.902793892260645e-17
1.917592899449535e-17
1.9274589042421286e-17
1.947190913827316e-17
1.976788928205097e-17
1.9915879353939868e-17
2.0014539401865804e-17
2.0162529473754715e-17
2.026118952168064e-17
2.035984956960659e-17
2.055716966545845e-17
2.070515973734736e-17
2.085314980923626e-17
2.1099799929051094e-17
2.119845997697703e-17
2.1297120024902967e-17
2.1395780072828904e-17
2.1593100168680777e-17
2.16917602166067e-17
2.1839750288495612e-17
2.1987740360384523e-17
2.2135730432273422e-17
2.2234390480199346e-17
2.243171057605122e-17
2.257970064794013e-17
2.272769071982903e-17
2.287568079171794e-17
2.3073000887569813e-17
2.3220990959458712e-17
2.3467641079273547e-17
2.366496117512542e-17
2.381295124701432e-17
2.396094131890323e-17
2.4059601366829155e-17
2.4158261414755103e-17
2.4256921462681028e-17
2.44542415585329e-17
2.4552901606458837e-17
2.475022170231071e-17
2.489821177419961e-17
2.504620184608852e-17
2.5144861894014444e-17
2.5292851965903368e-17
2.5391512013829292e-17
2.5490172061755216e-17
2.5786152205533014e-17
2.6082132349310836e-17
2.6328782469125683e-17
2.6427442517051632e-17
2.672342266082943e-17
2.6920742756681278e-17
2.7216722900459076e-17
2.7364712972348e-17
2.7562033068199872e-17
2.7660693116125796e-17
2.7907343235940644e-17
2.800600328386657e-17
2.815399335575549e-17
2.8252653403681416e-17
2.844997349953329e-17
2.854863354745924e-17
2.864729359538516e-17
2.879528366727406e-17
2.8943273739162984e-17
2.909126381105186e-17
2.923925388294078e-17
2.938724395482968e-17
2.953523402671858e-17
2.97818841465334e-17
2.99792042423853e-17
3.0127194314274174e-17
3.022585436220012e-17
3.032451441012607e-17
3.047250448201497e-17
3.062049455390387e-17
3.086714467371869e-17
3.096580472164464e-17
3.1113794793533564e-17
3.1212454841459464e-17
3.1360444913348387e-17
3.1459104961274336e-17
3.160709503316321e-17
3.185374515297808e-17
3.195240520090398e-17
3.2199055320718854e-17
3.234704539260773e-17
3.2544365488459626e-17
3.264302553638555e-17
3.279101560827445e-17
3.293900568016337e-17
3.313632577601522e-17
3.323498582394117e-17
3.3333645871867094e-17
3.348163594375599e-17
3.367895603960789e-17
3.397493618338569e-17
3.4270916327163485e-17
3.4369576375089434e-17
3.451756644697831e-17
3.481354659075613e-17
3.5010866686608003e-17
3.51588567584969e-17
3.53068468303858e-17
3.5454836902274724e-17
3.565215699812657e-17
3.584947709397847e-17
3.609612721379329e-17
3.629344730964514e-17
3.649076740549704e-17
3.658942745342299e-17
3.673741752531186e-17
3.683607757323781e-17
3.698406764512671e-17
3.7082727693052634e-17
3.723071776494156e-17
3.747736788475638e-17
3.767468798060828e-17
3.782267805249715e-17
3.79213381004231e-17
3.8069328172312e-17
3.826664826816387e-17
3.836530831608982e-17
3.846396836401572e-17
3.866128845986762e-17
3.880927853175652e-17
3.9055928651571366e-17
3.930257877138619e-17
3.949989886723806e-17
3.964788893912696e-17
3.9795879011015884e-17
3.989453905894181e-17
4.009185915479368e-17
4.023984922668258e-17
4.0338509274608504e-17
4.05358293704604e-17
4.06344894183863e-17
4.073314946631225e-17
4.0881139538201174e-17
4.102912961009005e-17
4.117711968197897e-17
4.137443977783082e-17
4.152242984971974e-17
4.1670419921608666e-17
4.191707004142349e-17
4.216372016123831e-17
4.226238020916426e-17
4.236104025709021e-17
4.2509030328979084e-17
4.260769037690503e-17
4.2755680448793956e-17
4.290367052068283e-17
4.3051660592571754e-17
4.319965066446063e-17
4.3396970760312525e-17
4.349563080823845e-17
4.3594290856164374e-17
4.369295090409032e-17
4.379161095201627e-17
4.4038261071831095e-17
4.418625114372002e-17
4.433424121560889e-17
4.443290126353484e-17
4.453156131146079e-17
4.4679551383349664e-17
4.477821143127561e-17
4.4975531527127486e-17
4.517285162297936e-17
4.532084169486826e-17
4.551816179072013e-17
4.561682183864608e-17
4.581414193449793e-17
4.596213200638685e-17
4.6110122078275726e-17
4.625811215016465e-17
4.640610222205355e-17
4.6554092293942446e-17
4.675141238979432e-17
4.694873248564619e-17
4.7096722557535116e-17
4.7195382605461016e-17
4.734337267734994e-17
4.759002279716476e-17
4.778734289301666e-17
4.7886002940942584e-17
4.803399301283148e-17
4.813265306075743e-17
4.8280643132646306e-17
4.8379303180572255e-17
4.852729325246118e-17
4.867528332435005e-17
4.8823273396238975e-17
4.8921933444164924e-17
4.90699235160538e-17
4.916858356397975e-17
4.9365903659831596e-17
4.9464563707757545e-17
4.9563223755683493e-17
4.966188380360942e-17
4.9908533923424265e-17
5.0056523995313164e-17
5.020451406720206e-17
5.0401834163053936e-17
5.050049421097986e-17
5.069781430683176e-17
5.0993794450609555e-17
5.1092454498535504e-17
5.1191114546461404e-17
5.133910461835033e-17
