6.217107319185077e-19
8.188985524915345e-19
1.11468028335105e-18
1.2625711487808138e-18
1.4104620142105777e-18
1.6076498347835921e-18
1.7062437450700932e-18
1.8048376553566065e-18
1.90343156564312e-18
2.002025475929621e-18
2.1006193862161343e-18
2.248510251645886e-18
2.3964011170756498e-18
2.494995027362163e-18
2.5935889376486765e-18
2.6921828479351776e-18
2.8400737133649415e-18
3.037261533937956e-18
3.1851523993677198e-18
3.382340219940734e-18
3.530231085370498e-18
3.628824995656999e-18
3.875309771373276e-18
3.9739036816597774e-18
4.072497591946291e-18
4.220388457376055e-18
4.318982367662556e-18
4.6147640985220835e-18
4.8612488742383484e-18
5.009139739668112e-18
5.107733649954626e-18
5.30492147052764e-18
5.452812335957404e-18
5.551406246243905e-18
5.6500001565304184e-18
5.79789102196017e-18
5.945781887389934e-18
6.142969707962961e-18
6.488048393965727e-18
6.734533169682004e-18
6.882424035111768e-18
6.981017945398269e-18
7.128908810828033e-18
7.326096631401047e-18
7.473987496830811e-18
7.572581407117312e-18
7.769769227690339e-18
7.966957048263353e-18
8.065550958549867e-18
8.213441823979618e-18
8.361332689409382e-18
8.459926599695895e-18
8.60781746512566e-18
8.70641137541216e-18
8.854302240841924e-18
8.952896151128425e-18
9.100787016558189e-18
9.248677881987953e-18
9.396568747417717e-18
9.544459612847481e-18
9.889538298850259e-18
1.0086726119423274e-17
1.0431804805426052e-17
1.0579695670855803e-17
1.0678289581142317e-17
1.0875477401715331e-17
1.1023368267145095e-17
1.1171259132574859e-17
1.126985304286136e-17
1.1467040863434387e-17
1.1664228684007401e-17
1.205860432515343e-17
1.2206495190583194e-17
1.2452979966299459e-17
1.2650167786872473e-17
1.2798058652302237e-17
1.3044543428018502e-17
1.3143137338305015e-17
1.3241731248591529e-17
1.334032515887803e-17
1.3488216024307794e-17
1.3636106889737558e-17
1.3833294710310572e-17
1.4030482530883587e-17
1.417837339631335e-17
1.427696730659985e-17
1.4375561216886365e-17
1.4474155127172878e-17
1.4622045992602642e-17
1.4769936858032394e-17
1.4917827723462158e-17
1.5115015544035172e-17
1.5312203364608186e-17
1.5607985095467714e-17
1.5755875960897478e-17
1.590376682632723e-17
1.6051657691756994e-17
1.6150251602043507e-17
1.629814246747327e-17
1.6446033332903035e-17
1.6593924198332786e-17
1.674181506376255e-17
1.6988299839478827e-17
1.7284081570338343e-17
1.7382675480624856e-17
1.748126939091137e-17
1.7629160256341133e-17
1.7875645032057398e-17
1.79742389423439e-17
1.8072832852630413e-17
1.8220723718060177e-17
1.8467208493776442e-17
1.8565802404062955e-17
1.8664396314349456e-17
1.881228717977922e-17
1.891088109006572e-17
1.9058771955495485e-17
1.920666282092525e-17
1.9354553686355013e-17
1.9453147596641526e-17
1.965033541721454e-17
1.974892932750104e-17
1.9847523237787555e-17
1.999541410321732e-17
2.009400801350382e-17
2.0241898878933584e-17
2.0389789744363348e-17
2.053768060979311e-17
2.0685571475222863e-17
2.0784165385509376e-17
2.098135320608239e-17
2.1129244071512155e-17
2.1227837981798668e-17
2.1425025802371683e-17
2.1523619712658184e-17
2.1622213622944697e-17
2.177010448837446e-17
2.1868698398660962e-17
2.2065886219233976e-17
2.2312370994950254e-17
2.2410964905236767e-17
2.260815272580977e-17
2.2706746636096282e-17
2.2854637501526046e-17
2.300252836695581e-17
2.3150419232385562e-17
2.334760705295859e-17
2.3594091828674853e-17
2.3692685738961354e-17
2.388987355953438e-17
2.3988467469820882e-17
2.4087061380107396e-17
2.418565529039391e-17
2.4432140066110174e-17
2.4580030931539938e-17
2.4727921796969702e-17
2.4826515707256203e-17
2.5023703527829217e-17
2.517159439325898e-17
2.5319485258688745e-17
2.5418079168975246e-17
2.556597003440501e-17
2.5713860899834774e-17
2.5812454810121287e-17
2.596034567555105e-17
2.6157533496124053e-17
2.6256127406410567e-17
2.635472131669708e-17
2.6502612182126844e-17
2.6650503047556595e-17
2.679839391298636e-17
2.6896987823272873e-17
2.6995581733559374e-17
2.7094175643845887e-17
2.724206650927565e-17
2.7389957374705402e-17
2.7488551284991916e-17
2.763644215042168e-17
2.7784333015851444e-17
2.7882926926137945e-17
2.803081779156771e-17
2.812941170185422e-17
2.822800561214072e-17
2.8326599522427236e-17
2.842519343271374e-17
2.852378734300025e-17
2.886886602900303e-17
2.901675689443279e-17
2.9115350804719294e-17
2.926324167014906e-17
2.936183558043557e-17
2.946042949072207e-17
2.9559023401008586e-17
2.970691426643834e-17
2.98548051318681e-17
2.9953399042154615e-17
3.005199295244113e-17
3.015058686272763e-17
3.029847772815739e-17
3.049566554873041e-17
3.059425945901692e-17
3.0791447279589935e-17
3.098863510016295e-17
3.1136525965592713e-17
3.133371378616573e-17
3.143230769645223e-17
3.153090160673874e-17
3.1678792472168506e-17
3.197457420302802e-17
3.2073168113314535e-17
3.2221058978744286e-17
3.236894984417405e-17
3.2467543754460576e-17
3.271402853017684e-17
3.281262244046334e-17
3.291121635074987e-17
3.3009810261036344e-17
3.310840417132287e-17
3.320699808160937e-17
3.3354888947039135e-17
3.35027798124689e-17
3.36013737227554e-17
3.3749264588185164e-17
3.3995749363901453e-17
3.414364022933119e-17
3.4242234139617693e-17
3.434082804990422e-17
3.443942196019072e-17
3.453801587047722e-17
3.4685906735906985e-17
3.478450064619351e-17
3.488309455648001e-17
3.498168846676651e-17
3.517887628733954e-17
3.532676715276928e-17
3.5425361063055805e-17
3.5523954973342306e-17
3.572114279391533e-17
3.5869033659345096e-17
3.59676275696316e-17
3.60662214799181e-17
3.6164815390204624e-17
3.6362003210777626e-17
3.660848798649389e-17
3.680567580706692e-17
3.700286362763992e-17
3.7101457537926446e-17
3.729864535849945e-17
3.7397239268785973e-17
3.7594427089358975e-17
3.774231795478874e-17
3.7890208820218503e-17
3.7988802730505004e-17
3.8087396640791505e-17
3.823528750622127e-17
3.8383178371651033e-17
3.85310692370808e-17
3.8728257057653824e-17
3.887614792308356e-17
3.902403878851333e-17
3.9221226609086354e-17
3.9319820519372855e-17
3.946771138480262e-17
3.971419616051891e-17
3.986208702594867e-17
4.0059274846521674e-17
4.0157868756808175e-17
4.0256462667094676e-17
4.0552244397954204e-17
4.065083830824073e-17
4.0798729173670494e-17
4.0995916994243496e-17
4.114380785967326e-17
4.1291698725103024e-17
4.143958959053279e-17
4.153818350081929e-17
4.1784668276535553e-17
4.188326218682208e-17
4.203115305225184e-17
4.2228340872824845e-17
4.232693478311137e-17
4.242552869339787e-17
4.2622716513970874e-17
4.2721310424257375e-17
4.28199043345439e-17
4.2967795199973665e-17
4.3066389110260166e-17
4.331287388597643e-17
4.3411467796262956e-17
4.351006170654946e-17
4.360865561683596e-17
4.380584343740896e-17
4.400303125798199e-17
4.410162516826849e-17
4.4200219078555014e-17
4.4397406899128016e-17
4.459459471970104e-17
4.4693188629987544e-17
4.479178254027407e-17
4.4890376450560546e-17
4.498897036084707e-17
4.5136861226276835e-17
4.533404904684984e-17
4.5432642957136363e-17
4.567912773285263e-17
4.5876315553425655e-17
4.5974909463712156e-17
4.607350337399866e-17
4.627069119457166e-17
4.6369285104858185e-17
4.6467879015144686e-17
4.671436379086095e-17
4.696084856657724e-17
4.705944247686374e-17
4.715803638715024e-17
4.7355224207723244e-17
4.745381811800977e-17
4.7601708983439534e-17
4.7798896804012536e-17
4.8143975490015327e-17
4.824256940030183e-17
4.839046026573159e-17
4.8587648086304594e-17
4.878483590687762e-17
4.888342981716412e-17
4.898202372745065e-17
4.912991459288041e-17
4.922850850316691e-17
4.9376399368596676e-17
4.952429023402644e-17
4.972147805459944e-17
4.9869368920029206e-17
5.001725978545897e-17
5.0165150650888734e-17
5.0263744561175235e-17
5.036233847146176e-17
5.055952629203476e-17
5.0707417157464527e-17
5.080601106775105e-17
5.1003198888324054e-17
5.1200386708897056e-17
5.134827757432682e-17
