3.7528824335128904e-19
4.770431941895723e-19
5.787981450278309e-19
7.823080467043728e-19
9.858179483809147e-19
1.1893278500574565e-18
1.4945927025722693e-18
1.6472251288296696e-18
1.7489800796679405e-18
1.8507350305062114e-18
2.003367456763624e-18
2.1559998830210242e-18
2.359509784697566e-18
2.5121422109549663e-18
2.664774637212379e-18
2.817407063469779e-18
3.020916965146321e-18
3.2753043422420045e-18
3.4279367684994048e-18
3.580569194756805e-18
3.7332016210142176e-18
3.834956571852476e-18
3.9367115226907594e-18
4.038466473529018e-18
4.2928538506247015e-18
4.445486276882102e-18
4.547241227720385e-18
4.801628604816056e-18
4.9542610310734565e-18
5.106893457330857e-18
5.259525883588269e-18
5.412158309845682e-18
5.564790736103082e-18
5.666545686941353e-18
5.920933064037024e-18
6.226197916551837e-18
6.4805852936475205e-18
6.582340244485779e-18
6.68409519532405e-18
6.887605097000592e-18
6.989360047838863e-18
7.091114998677134e-18
7.243747424934534e-18
7.345502375772817e-18
7.498134802030217e-18
7.650767228287618e-18
7.752522179125889e-18
7.905154605383289e-18
8.057787031640701e-18
8.159541982478972e-18
8.363051884155514e-18
8.464806834993785e-18
8.617439261251198e-18
8.719194212089456e-18
8.973581589185128e-18
9.075336540023411e-18
9.227968966280811e-18
9.32972391711907e-18
9.533233818795636e-18
9.634988769633895e-18
9.838498671310437e-18
1.0143763523825237e-17
1.024551847466352e-17
1.0449028376340062e-17
1.0550783327178321e-17
1.0652538278016604e-17
1.0805170704273992e-17
1.0957803130531405e-17
1.1110435556788817e-17
1.1313945458465359e-17
1.1466577884722747e-17
1.156833283556103e-17
1.1771842737237572e-17
1.1924475163494985e-17
1.2077107589752373e-17
1.2331494966848068e-17
1.2433249917686327e-17
1.2687637294781998e-17
1.2789392245620257e-17
1.289114719645854e-17
1.3094657098135082e-17
1.3298166999811624e-17
1.3450799426069036e-17
1.3552554376907295e-17
1.390869670484125e-17
1.4061329131098662e-17
1.416308408193692e-17
1.4366593983613462e-17
1.4468348934451746e-17
1.4620981360709134e-17
1.4722736311547417e-17
1.4824491262385676e-17
1.5078878639481347e-17
1.5333266016577018e-17
1.54350209674153e-17
1.5536775918253584e-17
1.5638530869091843e-17
1.5791163295349256e-17
1.5892918246187514e-17
1.6147305623283185e-17
1.6299938049540598e-17
1.6706957852893682e-17
1.6859590279151094e-17
1.7012222705408482e-17
1.7164855131665895e-17
1.7317487557923307e-17
1.7419242508761566e-17
1.7571874935018978e-17
1.777538483669552e-17
1.7928017262952933e-17
1.802977221379119e-17
1.813152716462945e-17
1.8233282115467733e-17
1.8335037066306017e-17
1.8436792017144275e-17
1.8589424443401688e-17
1.8691179394239946e-17
1.8894689295916488e-17
1.899644424675477e-17
1.909819919759303e-17
1.93525865746887e-17
1.9556096476365243e-17
1.9708728902622656e-17
1.9810483853460914e-17
2.0013993755137456e-17
2.016662618139487e-17
2.0268381132233127e-17
2.042101355849054e-17
2.0522768509328823e-17
2.0624523460167082e-17
2.0777155886424494e-17
2.0929788312681882e-17
2.113329821435845e-17
2.1285930640615837e-17
2.148944054229238e-17
2.1591195493130662e-17
2.1896460345645462e-17
2.2099970247322004e-17
2.2201725198160287e-17
2.2303480148998546e-17
2.245611257525596e-17
2.26596224769325e-17
2.2914009854028172e-17
2.301576480486643e-17
2.3219274706542972e-17
2.3371907132800385e-17
2.3524539559057797e-17
2.3677171985315185e-17
2.377892693615347e-17
2.408419178866827e-17
2.4389456641183094e-17
2.4491211592021353e-17
2.4643844018278765e-17
2.4745598969117024e-17
2.505086382163185e-17
2.5152618772470108e-17
2.525437372330839e-17
2.535612867414665e-17
2.5457883624984933e-17
2.5712271002080604e-17
2.5915780903757146e-17
2.6017535854595404e-17
2.6170168280852817e-17
2.632280070711023e-17
2.6424555657948488e-17
2.652631060878677e-17
2.667894303504416e-17
2.6780697985882443e-17
2.6984207887558984e-17
2.7085962838397243e-17
2.7187717789235526e-17
2.7391227690912068e-17
2.769649254342687e-17
2.779824749426515e-17
2.795087992052254e-17
2.805263487136082e-17
2.815438982219908e-17
2.8307022248456494e-17
2.840877719929475e-17
2.8510532150133036e-17
2.861228710097132e-17
2.886667447806699e-17
2.896842942890525e-17
2.917193933058179e-17
2.9324571756839204e-17
2.947720418309659e-17
2.9833346511030546e-17
2.998597893728796e-17
3.0138611363545346e-17
3.024036631438363e-17
3.034212126522191e-17
3.04947536914793e-17
3.0647386117736713e-17
3.0952650970251514e-17
3.10544059210898e-17
3.1156160871928056e-17
3.125791582276634e-17
3.13596707736046e-17
3.151230319986201e-17
3.176669057695768e-17
3.202107795405335e-17
3.2122832904891636e-17
3.2224587855729894e-17
3.237722028198731e-17
3.247897523282559e-17
3.258073018366385e-17
3.268248513450211e-17
3.288599503617865e-17
3.298774998701693e-17
3.3140382413274345e-17
3.3242137364112604e-17
3.334389231495086e-17
3.3496524741208275e-17
3.359827969204656e-17
3.3750912118303946e-17
3.390354454456136e-17
3.415793192165703e-17
3.4259686872495313e-17
3.436144182333357e-17
3.4463196774171855e-17
3.461582920042927e-17
3.4717584151267526e-17
3.4819339102105785e-17
3.5022849003782327e-17
3.512460395462061e-17
3.527723638087802e-17
3.537899133171628e-17
3.5531623757973694e-17
3.563337870881195e-17
3.5836888610488494e-17
3.593864356132678e-17
3.6091275987584165e-17
3.629478588926071e-17
3.639654084009899e-17
3.649829579093725e-17
3.660005074177553e-17
3.675268316803292e-17
3.695619306970946e-17
3.7159702971386004e-17
3.7363212873062546e-17
3.746496782390083e-17
3.756672277473909e-17
3.777023267641563e-17
3.80246200535113e-17
3.8126375004349584e-17
3.822812995518784e-17
3.8329884906026126e-17
3.848251733228354e-17
3.85842722831218e-17
3.873690470937921e-17
3.8940414611055727e-17
3.904216956189401e-17
3.924567946357055e-17
3.9601821791504506e-17
3.9754454217761894e-17
3.9957964119438436e-17
4.016147402111498e-17
4.0466738873629803e-17
4.056849382446806e-17
4.0721126250725474e-17
4.082288120156373e-17
4.0975513627821146e-17
4.1077268578659404e-17
4.117902352949769e-17
4.128077848033597e-17
4.153516585743164e-17
4.16369208082699e-17
4.178955323452731e-17
4.1942185660784726e-17
4.2094818087042113e-17
4.2247450513299526e-17
4.240008293955694e-17
4.260359284123348e-17
4.280710274291e-17
4.3010612644586564e-17
4.316324507084395e-17
4.3265000021682235e-17
4.341763244793965e-17
4.3570264874197036e-17
4.372289730045445e-17
4.397728467755012e-17
4.418079457922666e-17
4.428254953006492e-17
4.443518195632233e-17
4.4587814382579745e-17
4.4689569333418004e-17
4.4893079235094546e-17
4.514746661219024e-17
4.52492215630285e-17
4.535097651386676e-17
4.545273146470504e-17
4.5656241366381584e-17
4.575799631721984e-17
4.5910628743477255e-17
4.606326116973467e-17
4.6165016120572926e-17
4.626677107141121e-17
4.64194034976686e-17
4.652115844850688e-17
4.6673790874764293e-17
4.6928178251859964e-17
4.708081067811735e-17
4.728432057979392e-17
4.738607553063218e-17
4.753870795688959e-17
4.7691340383147e-17
4.784397280940439e-17
4.809836018650006e-17
4.8200115137338345e-17
4.8301870088176604e-17
4.8403625039014887e-17
4.860713494069143e-17
4.8759767366948817e-17
4.896327726862536e-17
4.91667871703019e-17
4.9268542121140184e-17
4.937029707197844e-17
4.9573806973654984e-17
4.9879071826169785e-17
5.00317042524272e-17
5.013345920326548e-17
5.028609162952287e-17
5.0591356482037693e-17
5.0794866383714235e-17
5.0896621334552494e-17
5.1100131236229036e-17
5.125276366248645e-17
5.1354518613324707e-17
