3.865615348985411e-19
4.852872924854989e-19
5.840130500724567e-19
6.827388076594269e-19
7.814645652463847e-19
9.789160804203126e-19
1.1270047168007617e-18
1.2257304743877195e-18
1.3738191107681686e-18
1.5219077471486176e-18
1.6699963835290543e-18
1.8674478987029823e-18
2.114262292670389e-18
2.4104395654312873e-18
2.509165323018245e-18
2.706616838192173e-18
2.854705474572622e-18
2.95343123215958e-18
3.05215698974655e-18
3.150882747333508e-18
3.348334262507436e-18
3.447060020094406e-18
3.545785777681364e-18
3.644511535268322e-18
3.8913259292357285e-18
3.990051686822699e-18
4.088777444409669e-18
4.1875032019966266e-18
4.2862289595835844e-18
4.3849547171705546e-18
4.533043353550991e-18
4.6317691111379614e-18
4.9773092626923384e-18
5.076035020279296e-18
5.322849414246703e-18
5.619026687007601e-18
5.717752444594559e-18
5.865841080975008e-18
5.964566838561966e-18
6.063292596148924e-18
6.162018353735894e-18
6.310106990116343e-18
6.55692138408375e-18
6.655647141670708e-18
6.754372899257678e-18
6.951824414431593e-18
7.099913050812042e-18
7.198638808399013e-18
7.44545320236642e-18
7.544178959953377e-18
7.790993353920796e-18
7.889719111507754e-18
8.037807747888203e-18
8.235259263062119e-18
8.383347899442568e-18
8.531436535823017e-18
8.679525172203466e-18
8.876976687377382e-18
8.975702444964352e-18
9.271879717725238e-18
9.419968354105687e-18
9.568056990486136e-18
9.814871384453543e-18
9.962960020833992e-18
1.0111048657214428e-17
1.0209774414801399e-17
1.0407225929975314e-17
1.0555314566355763e-17
1.0703403202736212e-17
1.1098306233084068e-17
1.1295757748257984e-17
1.1394483505844954e-17
1.178938653619281e-17
1.1986838051366738e-17
1.2085563808953696e-17
1.2233652445334145e-17
1.2431103960508073e-17
1.257919259688851e-17
1.2776644112062437e-17
1.2875369869649408e-17
1.2974095627236365e-17
1.3072821384823336e-17
1.3171547142410293e-17
1.34183615363777e-17
1.351708729396467e-17
1.366517593034512e-17
1.3763901687932077e-17
1.3911990324312526e-17
1.4010716081899484e-17
1.4109441839486442e-17
1.430689335466037e-17
1.440561911224734e-17
1.4603070627421268e-17
1.4701796385008226e-17
1.4849885021388675e-17
1.4948610778975633e-17
1.5047336536562603e-17
1.514606229414956e-17
1.524478805173653e-17
1.5392876688116967e-17
1.5540965324497417e-17
1.5689053960877866e-17
1.5787779718464823e-17
1.5935868354845272e-17
1.608395699122572e-17
1.6281408506399637e-17
1.6380134263986607e-17
1.6528222900367044e-17
1.6626948657954014e-17
1.6725674415540984e-17
1.6824400173127942e-17
1.69231259307149e-17
1.707121456709535e-17
1.7219303203475798e-17
1.7466117597443205e-17
1.7663569112617133e-17
1.786102062779106e-17
1.795974638537802e-17
1.8058472142964976e-17
1.8206560779345426e-17
1.8404012294519353e-17
1.860146380969328e-17
1.874955244607373e-17
1.889764108245418e-17
1.9243181234008544e-17
1.9391269870388993e-17
1.948999562797595e-17
1.958872138556292e-17
1.968744714314988e-17
1.978617290073685e-17
1.9934261537117286e-17
2.0032987294704256e-17
2.0181075931084693e-17
2.0329164567465142e-17
2.0427890325052112e-17
2.052661608263907e-17
2.0724067597812985e-17
2.087215623419346e-17
2.0970881991780392e-17
2.1168333506954333e-17
2.126705926454129e-17
2.1365785022128273e-17
2.161259941609568e-17
2.1760688052476104e-17
2.200750244644351e-17
2.2106228204030494e-17
2.230367971920441e-17
2.2451768355584858e-17
2.2599856991965307e-17
2.2747945628345732e-17
2.2846671385932714e-17
2.2945397143519672e-17
2.309348577990012e-17
2.3340300173867528e-17
2.3439025931454486e-17
2.3537751689041443e-17
2.3636477446628426e-17
2.3833928961802342e-17
2.3932654719389324e-17
2.408074335576975e-17
2.4376920628530647e-17
2.4475646386117604e-17
2.4623735022498053e-17
2.4969275174052418e-17
2.5068000931639376e-17
2.521608956801985e-17
2.5314815325606783e-17
2.5413541083193765e-17
2.5512266840780723e-17
2.575908123474813e-17
2.590716987112858e-17
2.6055258507509003e-17
2.6153984265095986e-17
2.6252710022682944e-17
2.6400798659063393e-17
2.649952441665035e-17
2.6598250174237308e-17
2.6746338810617782e-17
2.6894427446998207e-17
2.7141241840965613e-17
2.7289330477346062e-17
2.738805623493302e-17
2.7486781992520003e-17
2.7585507750106936e-17
2.7782959265280876e-17
2.7931047901661325e-17
2.807913653804175e-17
2.817786229562873e-17
2.8276588053215715e-17
2.837531381080265e-17
2.857276532597659e-17
2.872085396235704e-17
2.891830547753095e-17
2.9017031235117935e-17
2.911575699270487e-17
2.921448275029185e-17
2.9411934265465766e-17
2.951066002305275e-17
2.960938578063968e-17
2.9757474417020156e-17
2.9856200174607114e-17
3.000428881098756e-17
3.010301456857452e-17
3.020174032616148e-17
3.034982896254193e-17
3.0448554720128885e-17
3.054728047771587e-17
3.06460062353028e-17
3.0744731992889783e-17
3.084345775047674e-17
3.099154638685719e-17
3.128772365961809e-17
3.1386449417205046e-17
3.1485175174792004e-17
3.1583900932378986e-17
3.168262668996592e-17
3.1929441083933326e-17
3.202816684152031e-17
3.2126892599107267e-17
3.2274981235487716e-17
3.242306987186814e-17
3.252179562945512e-17
3.266988426583557e-17
3.276861002342253e-17
3.2966061538596445e-17
3.311415017497692e-17
3.3262238811357343e-17
3.345969032653126e-17
3.355841608411824e-17
3.3706504720498666e-17
3.3903956235672606e-17
3.4002681993259564e-17
3.4200133508433504e-17
3.4348222144813953e-17
3.449631078119438e-17
3.459503653878136e-17
3.469376229636832e-17
3.4792488053955276e-17
3.489121381154226e-17
3.498993956912919e-17
3.5138028205509665e-17
3.528611684189009e-17
3.543420547827054e-17
3.558229411465099e-17
3.5730382751031437e-17
3.5878471387411886e-17
3.5977197144998843e-17
3.622401153896625e-17
3.632273729655321e-17
3.642146305414019e-17
3.6569551690520615e-17
3.676700320569453e-17
3.686572896328151e-17
3.696445472086847e-17
3.711254335724892e-17
3.7309994872422836e-17
3.745808350880331e-17
3.755680926639024e-17
3.7704897902770716e-17
3.780362366035765e-17
3.795171229673812e-17
3.8050438054325056e-17
3.814916381191204e-17
3.8395978205879446e-17
3.849470396346643e-17
3.8692155478640344e-17
3.893896987260775e-17
3.9087058508988175e-17
3.918578426657516e-17
3.933387290295558e-17
3.9481961539336055e-17
3.958068729692299e-17
3.972877593330346e-17
3.992622744847738e-17
4.007431608485783e-17
4.027176760003177e-17
4.041985623641219e-17
4.0518581993999174e-17
4.061730775158611e-17
4.081475926676005e-17
4.0913485024347005e-17
4.116029941831441e-17
4.130838805469486e-17
4.140711381228182e-17
4.15058395698688e-17
4.170329108504272e-17
4.1950105479010124e-17
4.2048831236597107e-17
4.219691987297753e-17
4.2295645630564513e-17
4.244373426694494e-17
4.259182290332539e-17
4.2690548660912345e-17
4.2838637297292794e-17
4.3036088812466734e-17
4.318417744884716e-17
4.328290320643414e-17
4.3430991842814565e-17
4.357908047919504e-17
4.3776531994368955e-17
4.397398350954287e-17
4.4171435024716786e-17
4.427016078230377e-17
4.4368886539890726e-17
4.4467612297477684e-17
4.4566338055064667e-17
4.471442669144509e-17
4.4862515327825565e-17
4.515869260058644e-17
4.535614411576038e-17
4.545486987334731e-17
4.565232138852125e-17
4.58004100249017e-17
4.5948498661282125e-17
4.604722441886911e-17
4.6195313055249557e-17
4.6294038812836515e-17
4.63927645704235e-17
4.649149032801043e-17
4.659021608559741e-17
4.673830472197784e-17
4.688639335835831e-17
4.7034481994738735e-17
4.713320775232572e-17
4.7330659267499633e-17
4.7429385025086616e-17
4.752811078267355e-17
4.7774925176640956e-17
4.787365093422794e-17
4.802173957060836e-17
4.8120465328195345e-17
4.826855396457577e-17
4.846600547974971e-17
4.861409411613016e-17
4.8712819873717117e-17
4.891027138889106e-17
4.905836002527148e-17
4.9157085782858464e-17
4.925581154044542e-17
4.940390017682587e-17
4.9601351691999786e-17
4.9946891843554176e-17
5.004561760114111e-17
5.014434335872809e-17
5.024306911631505e-17
5.034179487390201e-17
5.0588609267869414e-17
5.073669790424989e-17
5.0934149419423803e-17
5.108223805580423e-17
