3.6746151104024404e-19
5.294534618745502e-19
6.374480957640383e-19
8.534373635430885e-19
9.614319974326013e-19
1.0694266313221387e-18
1.1774212652116515e-18
1.2854158991011642e-18
1.3934105329907017e-18
1.5554024838249585e-18
1.71739443465924e-18
1.8793863854935215e-18
2.1493729702173157e-18
2.3113649210515972e-18
2.41935955494111e-18
2.6353488227201355e-18
2.7973407735544416e-18
2.9053354074439298e-18
3.0133300413334672e-18
3.2293193091124927e-18
3.391311259946799e-18
3.553303210781056e-18
3.661297844670593e-18
3.82328979550485e-18
3.9312844293943874e-18
4.147273697173413e-18
4.417260281897207e-18
4.5252549157867446e-18
4.6872468666210014e-18
4.795241500510539e-18
5.119225402179077e-18
5.3892119869028714e-18
5.605201254681922e-18
5.7131958885714344e-18
5.821190522460947e-18
5.983182473295229e-18
6.0911771071847414e-18
6.253169058019023e-18
6.361163691908536e-18
6.469158325798073e-18
6.739144910521867e-18
6.84713954441138e-18
7.06312881219043e-18
7.279118079969456e-18
7.387112713858969e-18
7.495107347748481e-18
7.873088566361813e-18
8.03508051719607e-18
8.25106978497512e-18
8.359064418864633e-18
8.629051003588427e-18
8.737045637477965e-18
8.899037588312221e-18
9.061029539146528e-18
9.169024173036016e-18
9.493008074704579e-18
9.65500002553886e-18
9.87098929331791e-18
1.0086978561096936e-17
1.0248970511931217e-17
1.035696514582073e-17
1.0464959779710268e-17
1.0680949047489293e-17
1.0896938315268319e-17
1.10589302661026e-17
1.1220922216936882e-17
1.1382914167771163e-17
1.1706898069439701e-17
1.1814892703329239e-17
1.1976884654163496e-17
1.2084879288053033e-17
1.2300868555832059e-17
1.2570855140555853e-17
1.267884977444539e-17
1.2786844408334903e-17
1.2948836359169185e-17
1.3056830993058697e-17
1.3218822943892979e-17
1.3380814894727236e-17
1.359680416250631e-17
1.3704798796395799e-17
1.392078806417485e-17
1.4190774648898643e-17
1.4298769282788156e-17
1.4406763916677693e-17
1.451475855056718e-17
1.4784745135291e-17
1.4946737086125282e-17
1.5054731720014795e-17
1.5432712938628102e-17
1.5594704889462383e-17
1.5702699523351896e-17
1.5810694157241433e-17
1.5918688791130946e-17
1.6080680741965228e-17
1.6458661960578535e-17
1.672864854530233e-17
1.6836643179191842e-17
1.7160627080860405e-17
1.7268621714749942e-17
1.74306136655842e-17
1.759260561641848e-17
1.7700600250307993e-17
1.8024584151976556e-17
1.8132578785866093e-17
1.8240573419755582e-17
1.834856805364512e-17
1.8456562687534632e-17
1.8672551955313682e-17
1.878054658920317e-17
1.8942538540037476e-17
1.905053317392699e-17
1.921252512476127e-17
1.9428514392540296e-17
1.9590506343374578e-17
1.969850097726409e-17
1.9860492928098372e-17
1.9968487561987885e-17
2.0076482195877422e-17
2.023847414671168e-17
2.0400466097545985e-17
2.0724449999214523e-17
2.0886441950048805e-17
2.1048433900883062e-17
2.131842048560688e-17
2.1426415119496393e-17
2.153440975338593e-17
2.1750399021164956e-17
2.202038560588875e-17
2.2236374873667776e-17
2.2344369507557313e-17
2.2452364141446826e-17
2.2668353409225876e-17
2.2776348043115365e-17
2.2992337310894415e-17
2.3154329261728696e-17
2.3316321212562953e-17
2.342431584645249e-17
2.3586307797286772e-17
2.3856294382010566e-17
2.396428901590008e-17
2.412628096673436e-17
2.44502648684029e-17
2.4612256819237205e-17
2.4720251453126718e-17
2.4990238037850512e-17
2.5098232671740025e-17
2.5260224622574306e-17
2.536821925646382e-17
2.55302112072981e-17
2.5638205841187613e-17
2.574620047507715e-17
2.5908192425911407e-17
2.623217632757997e-17
2.6394168278414252e-17
2.6610157546193302e-17
2.6880144130917096e-17
2.7096133398696122e-17
2.7258125349530403e-17
2.7366119983419916e-17
2.7582109251198942e-17
2.779809851897799e-17
2.7960090469812273e-17
2.8122082420646555e-17
2.8284074371480836e-17
2.839206900537035e-17
2.871605290703889e-17
2.893204217481794e-17
2.909403412565222e-17
2.92560260764865e-17
2.947201534426555e-17
2.958000997815504e-17
2.9688004612044576e-17
2.9849996562878833e-17
3.011998314760263e-17
3.0281975098436934e-17
3.055196168316073e-17
3.065995631705024e-17
3.082194826788452e-17
3.0929942901774035e-17
3.119992948649783e-17
3.141591875427688e-17
3.1631908022055905e-17
3.1793899972890186e-17
3.19018946067797e-17
3.2117883874558725e-17
3.227987582539303e-17
3.238787045928252e-17
3.2549862410116825e-17
3.271185436095108e-17
3.281984899484062e-17
3.2981840945674876e-17
3.314383289650918e-17
3.330582484734344e-17
3.3413819481232977e-17
3.3521814115122465e-17
3.368380606595677e-17
3.3899795333735796e-17
3.4007789967625334e-17
3.427777655234913e-17
3.454776313707292e-17
3.465575777096241e-17
3.4817749721796717e-17
3.492574435568623e-17
3.503373898957574e-17
3.5195730940410024e-17
3.5303725574299536e-17
3.551971484207856e-17
3.5843698743747125e-17
3.600569069458143e-17
3.611368532847092e-17
3.6221679962360457e-17
3.6383671913194713e-17
3.654566386402902e-17
3.6815650448752814e-17
3.703163971653184e-17
3.719363166736612e-17
3.7463618252089915e-17
3.7625610202924197e-17
3.7787602153758453e-17
3.789559678764799e-17
3.805758873848225e-17
3.827357800626132e-17
3.838157264015081e-17
3.8543564590985117e-17
3.8705556541819374e-17
3.881355117570891e-17
3.9083537760432705e-17
3.940752166210127e-17
3.9515516295990756e-17
3.967750824682506e-17
3.983950019765932e-17
4.00014921484936e-17
4.0109486782383114e-17
4.021748141627265e-17
4.032547605016214e-17
4.06494599518307e-17
4.081145190266501e-17
4.0919446536554496e-17
4.140542238905734e-17
4.156741433989162e-17
4.1729406290725904e-17
4.1837400924615417e-17
4.1945395558504954e-17
4.216138482628398e-17
4.2377374094063005e-17
4.248536872795254e-17
4.2755355312676337e-17
4.2917347263510594e-17
4.30793392143449e-17
4.318733384823439e-17
4.3349325799068694e-17
4.345732043295818e-17
4.356531506684772e-17
4.367330970073723e-17
4.3781304334626745e-17
4.3997293602405795e-17
4.410528823629531e-17
4.4213282870184845e-17
4.4321277504074334e-17
4.442927213796387e-17
4.4537266771853384e-17
4.4645261405742897e-17
4.4753256039632434e-17
4.496924530741146e-17
4.5185234575190485e-17
4.534722652602479e-17
4.545522115991428e-17
4.5617213110748585e-17
4.5725207744638074e-17
4.588719969547238e-17
4.6049191646306637e-17
4.6157186280196174e-17
4.6265180914085687e-17
4.63731755479752e-17
4.6481170181864737e-17
4.6643162132698994e-17
4.6805154083533275e-17
4.6967146034367557e-17
4.7129137985201814e-17
4.729112993603612e-17
4.7507119203815145e-17
4.7669111154649427e-17
4.783110310548371e-17
4.793909773937322e-17
4.8047092373262734e-17
4.8209084324097015e-17
4.8371076274931297e-17
4.8479070908820834e-17
4.864106285965509e-17
4.874905749354463e-17
4.8911049444378885e-17
4.9073041395213167e-17
4.923503334604745e-17
4.9397025296881705e-17
4.955901724771601e-17
4.9667011881605524e-17
4.9829003832439805e-17
4.993699846632932e-17
5.004499310021883e-17
5.015298773410837e-17
5.0260982367997856e-17
5.053096895272165e-17
5.063896358661119e-17
5.096294748827975e-17
5.112493943911401e-17
5.1286931389948314e-17
