3.696001341962023e-19
5.287478146314128e-19
7.409447218783519e-19
9.000924023135623e-19
1.0061908559370196e-18
1.3244862168074405e-18
1.5366831240543796e-18
1.7488800313013187e-18
1.8549784849248005e-18
1.9610769385482824e-18
2.0671753921717396e-18
2.173273845795197e-18
2.3324215262304073e-18
2.5976676602890997e-18
2.8098645675360387e-18
3.0751107015947064e-18
3.234258382029917e-18
3.4995045160885846e-18
3.658652196523795e-18
3.976947557394216e-18
4.1360952378294265e-18
4.3482921450763656e-18
4.507439825511576e-18
4.666587505946762e-18
4.825735186381972e-18
4.931833640005454e-18
5.197079774064122e-18
5.303178227687604e-18
5.515375134934543e-18
5.674522815369753e-18
5.7806212689932106e-18
5.8867197226166924e-18
6.045867403051903e-18
6.15196585667536e-18
6.3111135371105706e-18
6.470261217545781e-18
6.735507351604449e-18
6.894655032039659e-18
7.106851939286598e-18
7.37209807334529e-18
7.531245753780476e-18
7.637344207403958e-18
7.743442661027416e-18
7.902590341462626e-18
8.008688795086108e-18
8.114787248709565e-18
8.273934929144776e-18
8.433082609579986e-18
8.698328743638654e-18
8.804427197262136e-18
8.910525650885593e-18
9.228821011756014e-18
9.441017919002953e-18
9.600165599438163e-18
9.706264053061645e-18
1.0024559413932042e-17
1.0183707094367252e-17
1.0342854774802462e-17
1.0555051682049402e-17
1.0661150135672859e-17
1.0873347042919823e-17
1.097944549654328e-17
1.1085543950166762e-17
1.1244691630601947e-17
1.150993776466064e-17
1.1722134671907579e-17
1.188128235234279e-17
1.2252626940024939e-17
1.2358725393648396e-17
1.2464823847271878e-17
1.2570922300895335e-17
1.2783119208142299e-17
1.3101414569012695e-17
1.3207513022636177e-17
1.3366660703071388e-17
1.3472759156694845e-17
1.3578857610318302e-17
1.4003251424812205e-17
1.416239910524739e-17
1.4268497558870872e-17
1.4374596012494354e-17
1.4480694466117812e-17
1.4639842146553022e-17
1.50642359610469e-17
1.5276432868293864e-17
1.543558054872905e-17
1.564777745597599e-17
1.58069251364112e-17
1.591302359003468e-17
1.6072171270469867e-17
1.6231318950905078e-17
1.6390466631340288e-17
1.6602663538587227e-17
1.686790967264592e-17
1.702705735308113e-17
1.7186205033516316e-17
1.7398401940763255e-17
1.7504500394386737e-17
1.7663648074821947e-17
1.7769746528445404e-17
1.8034992662504097e-17
1.8141091116127554e-17
1.8247189569751036e-17
1.8406337250186222e-17
1.8565484930621432e-17
1.8724632611056643e-17
1.8883780291491853e-17
1.9042927971927063e-17
1.9202075652362274e-17
1.930817410598573e-17
1.9467321786420942e-17
1.95734202400444e-17
1.989171560091482e-17
2.005086328135003e-17
2.021001096178524e-17
2.036915864222045e-17
2.0528306322655662e-17
2.063440477627912e-17
2.07405032299026e-17
2.0846601683526058e-17
2.100574936396127e-17
2.1217946271208208e-17
2.153624163207863e-17
2.1642340085702086e-17
2.1748438539325568e-17
2.185453699294905e-17
2.2013684673384235e-17
2.2225881580631174e-17
2.2331980034254656e-17
2.2491127714689867e-17
2.2650275395125053e-17
2.2809423075560263e-17
2.2968570755995474e-17
2.3074669209618955e-17
2.323381689005414e-17
2.3552112250924562e-17
2.3658210704548044e-17
2.381735838498323e-17
2.397650606541844e-17
2.4082604519041922e-17
2.4241752199477133e-17
2.434785065310059e-17
2.45069983335358e-17
2.466614601397101e-17
2.493139214802968e-17
2.503749060165316e-17
2.5302736735711828e-17
2.540883518933531e-17
2.5514933642958767e-17
2.578017977701746e-17
2.59923766842644e-17
2.615152436469961e-17
2.6310672045134795e-17
2.652286895238176e-17
2.6628967406005216e-17
2.6735065859628698e-17
2.6841164313252155e-17
2.7000311993687365e-17
2.7106410447310847e-17
2.7212508900934304e-17
2.7318607354557786e-17
2.7530804261804725e-17
2.7743001169051665e-17
2.800824730311033e-17
2.816739498354554e-17
2.8273493437169025e-17
2.837959189079248e-17
2.853873957122769e-17
2.86978872516629e-17
2.896313338572157e-17
2.917533029296851e-17
2.954667488065066e-17
2.965277333427414e-17
2.986497024152108e-17
3.002411792195629e-17
3.013021637557975e-17
3.0342413282826687e-17
3.044851173645017e-17
3.0554610190073626e-17
3.066070864369711e-17
3.0872905550944047e-17
3.1085102458190986e-17
3.1244250138626196e-17
3.135034859224968e-17
3.156254549949659e-17
3.1721693179931803e-17
3.1880840860367014e-17
3.2146086994425706e-17
3.230523467486089e-17
3.24643823552961e-17
3.262353003573131e-17
3.2729628489354795e-17
3.283572694297825e-17
3.299487462341346e-17
3.315402230384867e-17
3.3260120757472155e-17
3.341926843790734e-17
3.363146534515428e-17
3.373756379877776e-17
3.3843662252401243e-17
3.405585915964816e-17
3.421500684008337e-17
3.432110529370685e-17
3.453330220095379e-17
3.474549910820073e-17
3.495769601544767e-17
3.511684369588288e-17
3.5329040603129817e-17
3.54351390567533e-17
3.564733596400024e-17
3.5753434417623695e-17
3.5912582098058905e-17
3.601868055168239e-17
3.6124779005305845e-17
3.6336975912552784e-17
3.6496123592987994e-17
3.6761369727046686e-17
3.69735666342936e-17
3.7238812768352293e-17
3.745100967559923e-17
3.7557108129222714e-17
3.766320658284617e-17
3.782235426328138e-17
3.7928452716904864e-17
3.81406496241518e-17
3.824674807777526e-17
3.835284653139874e-17
3.84589449850222e-17
3.856504343864568e-17
3.872419111908089e-17
3.883028957270435e-17
3.893638802632783e-17
3.904248647995129e-17
3.925468338719825e-17
3.941383106763344e-17
3.957297874806865e-17
3.973212642850386e-17
3.983822488212734e-17
3.99443233357508e-17
4.0050421789374255e-17
4.0209569469809465e-17
4.042176637705643e-17
4.0527864830679886e-17
4.0793110964738554e-17
4.0952258645173764e-17
4.1058357098797246e-17
4.1164455552420703e-17
4.1270554006044185e-17
4.137665245966764e-17
4.153580014010285e-17
4.1694947820538063e-17
4.1907144727785e-17
4.2013243181408484e-17
4.2172390861843695e-17
4.227848931546715e-17
4.249068622271409e-17
4.270288312996103e-17
4.286203081039624e-17
4.307422771764318e-17
4.323337539807839e-17
4.33925230785136e-17
4.355167075894881e-17
4.365776921257227e-17
4.386996611981921e-17
4.41352122538779e-17
4.4294359934313086e-17
4.450655684156005e-17
4.466570452199526e-17
4.5037049109677385e-17
4.5143147563300867e-17
4.5355344470547806e-17
4.5567541377794745e-17
4.5726689058229955e-17
4.5938885965476894e-17
4.6098033645912105e-17
4.6257181326347315e-17
4.6469378233594254e-17
4.673462436765292e-17
4.6840722821276404e-17
4.694682127489986e-17
4.710596895533507e-17
4.726511663577028e-17
4.742426431620549e-17
4.753036276982895e-17
4.768951045026416e-17
4.806085503794631e-17
4.816695349156979e-17
4.832610117200498e-17
4.848524885244019e-17
4.859134730606367e-17
4.875049498649888e-17
4.901574112055755e-17
4.9121839574181005e-17
4.9280987254616216e-17
4.954623338867491e-17
4.975843029592185e-17
5.007672565679227e-17
5.0182824110415725e-17
5.044807024447439e-17
5.0607217924909603e-17
5.081941483215654e-17
5.0925513285780024e-17
5.103161173940348e-17
5.13499071002739e-17
