4.15728991896537e-19
5.718485345528446e-19
7.279680772091769e-19
8.840876198654845e-19
1.0402071625218044e-18
1.1963267051781244e-18
1.3524462478344443e-18
1.6646853331470842e-18
1.820804875803404e-18
1.9248845709076133e-18
2.133043961116044e-18
2.237123656220253e-18
2.393243198876573e-18
2.4973228939807822e-18
2.653442436637102e-18
2.9136416743976313e-18
3.0177213695018528e-18
3.121801064606062e-18
3.225880759710271e-18
3.3299604548144926e-18
3.746279235231329e-18
4.006478472991871e-18
4.11055816809608e-18
4.2666777107524e-18
4.370757405856609e-18
4.526876948512941e-18
4.682996491169249e-18
4.943195728929778e-18
5.09931527158611e-18
5.255434814242418e-18
5.3595145093466394e-18
5.567673899555058e-18
5.671753594659279e-18
5.775833289763476e-18
5.879912984867698e-18
6.244191917732448e-18
6.348271612836645e-18
6.452351307940867e-18
6.556431003045088e-18
6.660510698149285e-18
6.816630240805617e-18
7.024789631014036e-18
7.180909173670356e-18
7.284988868774565e-18
7.493148258982995e-18
7.649267801639315e-18
7.753347496743525e-18
7.909467039399844e-18
8.013546734504066e-18
8.117626429608263e-18
8.273745972264595e-18
8.533945210025124e-18
8.638024905129333e-18
8.742104600233543e-18
8.846184295337764e-18
8.950263990441973e-18
9.106383533098293e-18
9.210463228202502e-18
9.366582770858822e-18
9.626782008619351e-18
9.782901551275684e-18
9.991060941484102e-18
1.0303300026796742e-17
1.051145941700516e-17
1.0615539112109382e-17
1.0719618807213579e-17
1.0875738349869911e-17
1.1031857892526218e-17
1.113593758763044e-17
1.129205713028676e-17
1.1396136825390969e-17
1.176041575825572e-17
1.1968575148464138e-17
1.207265484356836e-17
1.222877438622468e-17
1.2384893928880987e-17
1.2488973623985209e-17
1.2697133014193627e-17
1.2905292404402045e-17
1.3113451794610488e-17
1.3269571337266796e-17
1.3373651032371017e-17
1.3633850270131547e-17
1.3737929965235743e-17
1.3842009660339965e-17
1.3946089355444186e-17
1.4102208898100494e-17
1.4258328440756826e-17
1.4414447983413134e-17
1.4570567526069466e-17
1.4726687068725774e-17
1.4830766763829995e-17
1.4934846458934217e-17
1.5090966001590524e-17
1.5247085544246832e-17
1.5403205086903164e-17
1.550728478200736e-17
1.5663404324663693e-17
1.581952386732e-17
1.5975643409976333e-17
1.613176295263264e-17
1.6235842647736862e-17
1.6339922342841084e-17
1.644400203794528e-17
1.6548081733049502e-17
1.680828097081003e-17
1.6912360665914253e-17
1.706848020857056e-17
1.727663959877898e-17
1.73807192938832e-17
1.764091853164373e-17
1.7849077921852172e-17
1.81092771596127e-17
1.836947639737323e-17
1.857763578758165e-17
1.8733755330237957e-17
1.89419147204464e-17
1.9045994415550596e-17
1.9410273348415347e-17
1.9618432738623765e-17
1.9774552281280098e-17
1.9982711671488516e-17
2.0346990604353267e-17
2.0503110147009574e-17
2.0607189842113796e-17
2.0763309384770128e-17
2.0971468774978546e-17
2.1179628165186965e-17
2.1491867250499605e-17
2.1700026640708023e-17
2.1856146183364355e-17
2.2116345421124884e-17
2.222042511622908e-17
2.2428584506437524e-17
2.2584704049093832e-17
2.2740823591750164e-17
2.284490328685436e-17
2.2948982981958582e-17
2.3053062677062804e-17
2.3157142372167e-17
2.336530176237542e-17
2.346938145747964e-17
2.3573461152583862e-17
2.378162054279228e-17
2.39897799330007e-17
2.409385962810492e-17
2.4197939323209142e-17
2.435405886586545e-17
2.4510178408521782e-17
2.461425810362598e-17
2.482241749383442e-17
2.497853703649073e-17
2.5134656579147037e-17
2.5238736274251258e-17
2.5394855816907566e-17
2.560301520711601e-17
2.5759134749772316e-17
2.591525429242865e-17
2.6071373835084956e-17
2.622749337774129e-17
2.6331573072845485e-17
2.6435652767949707e-17
2.6643812158158125e-17
2.6799931700814458e-17
2.7008091091022876e-17
2.7164210633679184e-17
2.7424409871439737e-17
2.7528489566543934e-17
2.7736648956752377e-17
2.804888804206499e-17
2.8205007584721325e-17
2.830908727982552e-17
2.841316697492974e-17
2.8621326365138186e-17
2.8777445907794494e-17
2.89335654504508e-17
2.9141724840659244e-17
2.929784438331555e-17
2.9401924078419773e-17
2.9506003773523995e-17
2.961008346862819e-17
2.9766203011284524e-17
2.992232255394083e-17
3.002640224904505e-17
3.023456163925347e-17
3.033864133435769e-17
3.0494760877014e-17
3.065088041967033e-17
3.080699996232664e-17
3.096311950498295e-17
3.106719920008717e-17
3.143147813295192e-17
3.153555782805614e-17
3.169167737071245e-17
3.189983676092087e-17
3.20559563035772e-17
3.226411569378562e-17
3.236819538888984e-17
3.252431493154615e-17
3.262839462665037e-17
3.283655401685879e-17
3.2992673559515095e-17
3.3096753254619316e-17
3.330491264482776e-17
3.3461032187484067e-17
3.3617151730140375e-17
3.3773271272796707e-17
3.3981430663005125e-17
3.4189590053213543e-17
3.4293669748317765e-17
3.4397749443421986e-17
3.4501829138526183e-17
3.4657948681182516e-17
3.4918147918943045e-17
3.502222761404724e-17
3.5282426851807795e-17
3.5490586242016214e-17
3.564670578467252e-17
3.5802825327328854e-17
3.590690502243305e-17
3.601098471753727e-17
3.6167104260193604e-17
3.632322380284991e-17
3.6479343345506244e-17
3.658342304061044e-17
3.668750273571466e-17
3.684362227837097e-17
3.694770197347519e-17
3.720790121123572e-17
3.736402075389205e-17
3.752014029654836e-17
3.772829968675678e-17
3.788441922941311e-17
3.809257861962153e-17
3.830073800982995e-17
3.840481770493417e-17
3.86650169426947e-17
3.8821136485351006e-17
3.897725602800734e-17
3.908133572311156e-17
3.9185415418215757e-17
3.934153496087209e-17
3.954969435108051e-17
3.9809893588841036e-17
4.001805297904948e-17
4.017417252170579e-17
4.027825221681001e-17
4.0486411607018427e-17
4.0590491302122624e-17
4.0694570997226845e-17
4.085069053988315e-17
4.1006810082539485e-17
4.116292962519582e-17
4.1319049167852125e-17
4.1423128862956346e-17
4.1527208558060543e-17
4.1683328100716876e-17
4.1839447643373183e-17
4.1995567186029515e-17
4.215168672868582e-17
4.235984611889424e-17
4.246392581399846e-17
4.2568005509102684e-17
4.2828204746863214e-17
4.2932284441967435e-17
4.303636413707163e-17
4.3192483679727964e-17
4.3452682917488493e-17
4.355676261259269e-17
4.371288215524902e-17
4.381696185035322e-17
4.407716108811377e-17
4.423328063077008e-17
4.44414400209785e-17
4.454551971608272e-17
4.464959941118692e-17
4.480571895384325e-17
4.496183849649958e-17
4.506591819160378e-17
4.5169997886708e-17
4.532611742936431e-17
4.5586316667124837e-17
4.579447605733328e-17
4.60026354475417e-17
4.610671514264592e-17
4.626283468530223e-17
4.636691438040645e-17
4.6470994075510646e-17
4.662711361816698e-17
4.6731193313271175e-17
4.688731285592751e-17
4.7043432398583815e-17
4.719955194124015e-17
4.7407711331448565e-17
4.756383087410487e-17
4.7667910569209094e-17
4.7771990264313316e-17
4.787606995941754e-17
4.8136269197178067e-17
4.8240348892282263e-17
4.8396468434938596e-17
4.850054813004279e-17
4.8604627825147014e-17
4.8760747367803346e-17
4.8916866910459654e-17
4.912502630066807e-17
4.9229105995772294e-17
4.933318569087649e-17
4.943726538598071e-17
4.959338492863702e-17
4.969746462374124e-17
4.980154431884546e-17
4.995766386150177e-17
5.0165823251710213e-17
5.032194279436652e-17
5.053010218457494e-17
5.068622172723127e-17
5.084234126988758e-17
5.110254050764811e-17
5.120662020275233e-17
5.131069989785655e-17
