4.78407871144364e-19
2.8727815674592997e-18
3.4253293435319848e-18
3.793694527580474e-18
4.162059711628865e-18
4.530424895677355e-18
5.08297267175004e-18
5.45133785579848e-18
6.003885631871165e-18
6.55643340794385e-18
7.108981184016535e-18
7.477346368064976e-18
8.02989414413771e-18
8.398259328186101e-18
8.76662451223459e-18
9.134989696283031e-18
9.503354880331471e-18
9.87172006437996e-18
1.0240085248428401e-17
1.1345180800573771e-17
1.2081911168670701e-17
1.3002824128791826e-17
1.392373708891295e-17
1.4476284864985637e-17
1.4844650049034077e-17
1.5765563009155202e-17
1.6318110785227937e-17
1.6686475969276327e-17
1.7054841153324817e-17
1.7607388929397502e-17
1.8896667073567068e-17
1.9265032257615557e-17
1.9817580033688193e-17
2.0554310401785172e-17
2.1475223361906297e-17
2.2396136322027423e-17
2.2764501506075912e-17
2.3501231874172793e-17
2.3869597058221233e-17
2.4422144834293918e-17
2.5527240386439288e-17
2.626397075453617e-17
2.6632335938584658e-17
2.736906630668154e-17
2.773743149073003e-17
2.8658344450851154e-17
2.9026709634899643e-17
2.9395074818948034e-17
3.031598777906921e-17
3.0868535555141894e-17
3.1605265923238775e-17
3.2341996291335704e-17
3.289454406740839e-17
3.3447091843481075e-17
3.399963961955376e-17
3.43680048036022e-17
3.4920552579674885e-17
3.5657282947771765e-17
3.62098307238445e-17
3.657819590789294e-17
3.694656109194138e-17
3.768329146003826e-17
3.842002182813524e-17
3.878838701218363e-17
3.915675219623212e-17
3.9709299972304806e-17
4.0446030340401735e-17
4.1182760708498616e-17
4.17353084845713e-17
4.2656221444692476e-17
4.3392951812789356e-17
4.431386477291048e-17
4.4866412548983167e-17
4.541896032505585e-17
4.615569069315273e-17
4.652405587720122e-17
4.7076603653273907e-17
4.744496883732235e-17
4.799751661339508e-17
4.836588179744347e-17
4.965515994161309e-17
5.0023525125661577e-17
5.076025549375846e-17
5.112862067780695e-17
