3.695051554754835e-19
6.3081130653186715e-19
8.921174575882631e-19
1.0489011482221032e-18
1.1534236086446591e-18
1.362468529489771e-18
1.7282971409687106e-18
2.0418645222363907e-18
2.3031706732927867e-18
2.4599543639266144e-18
2.5644768243491826e-18
2.7212605149830104e-18
2.8257829754055663e-18
2.9825666660394064e-18
3.1916115868845182e-18
3.296134047307074e-18
3.40065650772963e-18
3.661962658786026e-18
3.923268809842422e-18
4.132313730687534e-18
4.341358651532646e-18
4.602664802589042e-18
4.8117097234341536e-18
4.968493414067981e-18
5.177538334913093e-18
5.334322025546933e-18
5.543366946392045e-18
5.752411867237157e-18
5.856934327659713e-18
5.961456788082269e-18
6.118240478716109e-18
6.2750241693499366e-18
6.379546629772505e-18
6.5363303204063326e-18
6.6408527808288885e-18
7.00668139230784e-18
7.424771233998064e-18
7.529293694420632e-18
7.68607738505446e-18
7.842861075688288e-18
8.104167226744684e-18
8.313212147589796e-18
8.417734608012364e-18
8.626779528857476e-18
8.835824449702588e-18
9.253914291392811e-18
9.410697982026639e-18
9.672004133083035e-18
9.828787823716875e-18
9.933310284139431e-18
1.0142355204984543e-17
1.0246877665407111e-17
1.0455922586252223e-17
1.0612706276886051e-17
1.0717228737308607e-17
1.0821751197731163e-17
1.1030796118576274e-17
1.1187579809210115e-17
1.1501147190477782e-17
1.1605669650900338e-17
1.1762453341534178e-17
1.2023759492590574e-17
1.2232804413435686e-17
1.233732687385823e-17
1.2494110564492082e-17
1.2703155485337194e-17
1.2859939175971022e-17
1.3068984096816134e-17
1.3173506557238702e-17
1.333029024787253e-17
1.3487073938506357e-17
1.3591596398928926e-17
1.3748380089562753e-17
1.3852902549985322e-17
1.3957425010407865e-17
1.4061947470830433e-17
1.4166469931252977e-17
1.437551485209809e-17
1.453229854273194e-17
1.468908223336577e-17
1.4845865923999597e-17
1.5002649614633437e-17
1.521169453547855e-17
1.536847822611239e-17
1.55775231469575e-17
1.5891090528225168e-17
1.6047874218859008e-17
1.620465790949286e-17
1.6361441600126664e-17
1.6465964060549232e-17
1.6622747751183084e-17
1.6831792672028172e-17
1.6988576362662024e-17
1.719762128350711e-17
1.7511188664774816e-17
1.761571112519736e-17
1.7720233585619903e-17
1.7877017276253756e-17
1.8138323427310127e-17
1.8242845887732695e-17
1.8347368348155263e-17
1.850415203878909e-17
1.866093572942292e-17
1.881771942005677e-17
1.89745031106906e-17
1.9079025571113143e-17
1.918354803153571e-17
1.9340331722169563e-17
1.9497115412803366e-17
1.9601637873225935e-17
1.981068279407107e-17
2.0019727714916158e-17
2.0124250175338727e-17
2.028103386597258e-17
2.0490078786817666e-17
2.064686247745152e-17
2.0751384937874062e-17
2.090816862850789e-17
2.1117213549353026e-17
2.122173600977557e-17
2.1326258470198114e-17
2.1483042160831966e-17
2.1587564621254534e-17
2.1692087081677053e-17
2.179660954209962e-17
2.2057915693156042e-17
2.216243815357856e-17
2.226696061400113e-17
2.2423744304634982e-17
2.252826676505755e-17
2.2737311685902637e-17
2.2841834146325205e-17
2.3050879067170293e-17
2.315540152759286e-17
2.325992398801543e-17
2.341670767864928e-17
2.35212301390718e-17
2.3678013829705653e-17
2.378253629012822e-17
2.388705875055079e-17
2.3991581210973308e-17
2.414836490160716e-17
2.425288736202973e-17
2.4357409822452272e-17
2.45141935130861e-17
2.461871597350867e-17
2.4723238433931237e-17
2.482776089435378e-17
2.4984544584987608e-17
2.5193589505832745e-17
2.5298111966255288e-17
2.5402634426677832e-17
2.5559418117311684e-17
2.576846303815677e-17
2.5925246728790624e-17
2.6082030419424476e-17
2.6291075340269563e-17
2.6552381491325984e-17
2.676142641217107e-17
2.686594887259364e-17
2.7022732563227492e-17
2.723177748407258e-17
2.7440822404917716e-17
2.759760609555152e-17
2.775438978618537e-17
2.801569593724174e-17
2.8172479627875595e-17
2.832926331850945e-17
2.843378577893199e-17
2.8538308239354534e-17
2.86428306997771e-17
2.885187562062224e-17
2.9060920541467326e-17
2.9165443001889895e-17
2.937448792273498e-17
2.958353284358012e-17
2.9688055304002686e-17
2.984483899463649e-17
3.000162268527034e-17
3.010614514569291e-17
3.0210667606115454e-17
3.0315190066538e-17
3.0419712526960566e-17
3.0524234987383134e-17
3.068101867801696e-17
3.0890063598862073e-17
3.1046847289495926e-17
3.115136974991847e-17
3.146493713118615e-17
3.1673982052031237e-17
3.1778504512453805e-17
3.193528820308766e-17
3.20398106635102e-17
3.23011168145666e-17
3.2405639274989165e-17
3.256242296562297e-17
3.271920665625682e-17
3.298051280731319e-17
3.3137296497947044e-17
3.324181895836961e-17
3.334634141879218e-17
3.371217003027112e-17
3.4025737411538776e-17
3.418252110217263e-17
3.4496088483440284e-17
3.470513340428542e-17
3.496643955534179e-17
3.5123223245975644e-17
3.522774570639816e-17
3.533226816682073e-17
3.5489051857454584e-17
3.559357431787715e-17
3.569809677829967e-17
3.5854880468933523e-17
3.611618661998992e-17
3.632523154083503e-17
3.64297540012576e-17
3.653427646168014e-17
3.6638798922102687e-17
3.679558261273654e-17
3.690010507315911e-17
3.7109149994004194e-17
3.7265933684638047e-17
3.7370456145060615e-17
3.752723983569442e-17
3.7631762296116986e-17
3.778854598675084e-17
3.794532967738464e-17
3.815437459822978e-17
3.8258897058652347e-17
3.836341951907489e-17
3.8467941979497434e-17
3.857246443992e-17
3.867698690034257e-17
3.8781509360765114e-17
3.888603182118766e-17
3.914733797224408e-17
3.930412166287788e-17
3.940864412330045e-17
3.95654278139343e-17
3.966995027435687e-17
3.9826733964990673e-17
3.993125642541324e-17
4.003577888583581e-17
4.0140301346258353e-17
4.0244823806680897e-17
4.0349346267103465e-17
4.050612995773732e-17
4.0715174878582405e-17
4.092421979942754e-17
4.108100349006137e-17
4.118552595048391e-17
4.129004841090648e-17
4.139457087132905e-17
4.1603615792174136e-17
4.1708138252596705e-17
4.186492194323056e-17
4.2073966864075644e-17
4.2230750554709497e-17
4.238753424534335e-17
4.264884039639972e-17
4.291014654745609e-17
4.301466900787866e-17
4.317145269851251e-17
4.327597515893508e-17
4.33804976193576e-17
4.348502007978017e-17
4.364180377041402e-17
4.3746326230836564e-17
4.3955371151681675e-17
4.416441607252681e-17
4.4321199763160615e-17
4.4582505914217036e-17
4.468702837463958e-17
4.479155083506212e-17
4.4948334525695975e-17
4.51051182163298e-17
4.5209640676752347e-17
4.53664243673862e-17
4.557546928823131e-17
4.5679991748653854e-17
4.5836775439287707e-17
4.5941297899710275e-17
4.604582036013282e-17
4.625486528097793e-17
4.646391020182304e-17
4.6568432662245586e-17
4.677747758309072e-17
4.688200004351329e-17
4.698652250393581e-17
4.709104496435838e-17
4.73523511154148e-17
4.745687357583732e-17
4.771817972689374e-17
4.782270218731628e-17
4.797948587795011e-17
4.824079202900653e-17
4.8397575719640333e-17
4.8554359410274186e-17
4.8711143100908013e-17
4.881566556133056e-17
4.912923294259826e-17
4.9286016633232065e-17
4.944280032386592e-17
4.959958401449977e-17
4.970410647492229e-17
4.986089016555614e-17
5.0017673856189993e-17
5.04880249280915e-17
5.059254738851402e-17
5.069706984893659e-17
5.085385353957044e-17
5.095837599999301e-17
5.111515969062681e-17
5.121968215104938e-17
5.132420461147195e-17
