4.2567305953424944e-19
5.254253753520523e-19
7.748061648965596e-19
8.745584807143502e-19
1.074063112349956e-18
1.3234439018944632e-18
1.4730723756211676e-18
1.5728246914389705e-18
1.7723293230745763e-18
1.872081638892379e-18
2.0217101126190712e-18
2.1713385863457756e-18
2.420719375890283e-18
2.6202240075258886e-18
2.7199763233436915e-18
2.869604797070396e-18
3.0691094287060017e-18
3.2187379024326937e-18
3.3184902182504966e-18
3.5179948498861024e-18
3.667623323612807e-18
3.8671279552484126e-18
4.016756428975117e-18
4.11650874479292e-18
4.216261060610723e-18
4.415765692246316e-18
4.515518008064119e-18
4.615270323881922e-18
4.814774955517528e-18
4.964403429244232e-18
5.163908060879838e-18
5.263660376697641e-18
5.463165008333247e-18
5.612793482059939e-18
5.7125457978777416e-18
5.8122981136955445e-18
5.912050429513347e-18
6.01180274533115e-18
6.111555061148953e-18
6.410812008602362e-18
6.510564324420165e-18
6.660192798146869e-18
6.809821271873561e-18
6.959449745600266e-18
7.059202061418068e-18
7.208830535144773e-18
7.408335166780379e-18
7.607839798415984e-18
7.707592114233787e-18
7.85722058796048e-18
8.106601377504987e-18
8.306106009140592e-18
8.455734482867297e-18
8.5554867986851e-18
8.90461990404741e-18
9.004372219865213e-18
9.253753009409708e-18
9.453257641045313e-18
9.70263843058982e-18
9.802390746407624e-18
9.902143062225426e-18
1.0101647693861032e-17
1.0351028483405527e-17
1.0500656957132232e-17
1.0600409272950034e-17
1.0750037746676739e-17
1.0899666220403443e-17
1.0999418536221246e-17
1.114904700994795e-17
1.1248799325765753e-17
1.1398427799492445e-17
1.1498180115310248e-17
1.1647808589036953e-17
1.1747560904854755e-17
1.189718937858146e-17
1.2096694010217066e-17
1.224632248394377e-17
1.2445827115579376e-17
1.2545579431397166e-17
1.264533174721497e-17
1.2794960220941674e-17
1.299446485257728e-17
1.3193969484212885e-17
1.3393474115848491e-17
1.3543102589575195e-17
1.36927310633019e-17
1.3842359537028592e-17
1.3942111852846395e-17
1.40917403265731e-17
1.4241368800299803e-17
1.4390997274026508e-17
1.449074958984431e-17
1.4640378063571015e-17
1.4740130379388818e-17
1.483988269520662e-17
1.493963501102441e-17
1.5089263484751116e-17
1.518901580056892e-17
1.528876811638672e-17
1.5388520432204524e-17
1.558802506384013e-17
1.5687777379657933e-17
1.5787529695475736e-17
1.588728201129354e-17
1.5987034327111342e-17
1.6086786642929132e-17
1.6186538958746935e-17
1.633616743247364e-17
1.6435919748291443e-17
1.6635424379927048e-17
1.673517669574485e-17
1.6934681327380457e-17
1.703443364319826e-17
1.7184062116924964e-17
1.7283814432742767e-17
1.748331906437836e-17
1.7682823696013966e-17
1.7982080643467375e-17
1.8081832959285178e-17
1.8331213748829685e-17
1.858059453837418e-17
1.8680346854191983e-17
1.8780099170009786e-17
1.887985148582759e-17
1.9029479959554293e-17
1.92289845911899e-17
1.9378613064916603e-17
1.9528241538643308e-17
1.967787001237e-17
1.9777622328187803e-17
1.992725080191452e-17
2.0027003117732298e-17
2.0126755433550125e-17
2.032626006518573e-17
2.0475888538912423e-17
2.067539317054803e-17
2.0874897802183635e-17
2.0974650118001413e-17
2.117415474963702e-17
2.152328785499934e-17
2.1722792486634947e-17
2.1972173276179442e-17
2.2071925591997245e-17
2.222155406572396e-17
2.2421058697359567e-17
2.257068717108626e-17
2.272031564481295e-17
2.2919820276448557e-17
2.3119324908084163e-17
2.3368705697628683e-17
2.3518334171355375e-17
2.3618086487173177e-17
2.3767714960899894e-17
2.3867467276717672e-17
2.39672195925355e-17
2.4066971908353278e-17
2.4166724224171106e-17
2.4316352697897798e-17
2.4416105013715576e-17
2.4615609645351182e-17
2.47652381190779e-17
2.48649904348957e-17
2.516424738234911e-17
2.5313875856075827e-17
2.5513380487711408e-17
2.5762761277255903e-17
2.591238975098262e-17
2.6062018224709336e-17
2.6161770540527115e-17
2.6261522856344942e-17
2.636127517216272e-17
2.6560779803798326e-17
2.666053211961613e-17
2.6760284435433932e-17
2.6909912909160624e-17
2.705954138288734e-17
2.7209169856614057e-17
2.735879833034075e-17
2.750842680406744e-17
2.760817911988527e-17
2.7707931435703047e-17
2.780768375152085e-17
2.8057064541065345e-17
2.825656917270095e-17
2.840619764642767e-17
2.865557843597216e-17
2.885508306760777e-17
2.8954835383425596e-17
2.910446385715229e-17
2.940372080460567e-17
2.965310159415019e-17
2.990248238369471e-17
3.00521108574214e-17
3.03014916469659e-17
3.04012439627837e-17
3.0500996278601504e-17
3.065062475232822e-17
3.0750377068146e-17
3.0850129383963826e-17
3.099975785769052e-17
3.114938633141721e-17
3.1348890963052816e-17
3.154839559468842e-17
3.1648147910506225e-17
3.179777638423294e-17
3.2047157173777436e-17
3.219678564750415e-17
3.244616643704865e-17
3.264567106868423e-17
3.2845175700319835e-17
3.304468033195544e-17
3.314443264777327e-17
3.3244184963591047e-17
3.3343937279408874e-17
3.3493565753135566e-17
3.369307038477117e-17
3.3842698858497864e-17
3.404220349013347e-17
3.414195580595127e-17
3.4241708121769076e-17
3.439133659549577e-17
3.4491088911313595e-17
3.464071738504029e-17
3.474046970085809e-17
3.489009817458478e-17
3.508960280622039e-17
3.533898359576488e-17
3.543873591158271e-17
3.5737992859036094e-17
3.59374974906717e-17
3.608712596439839e-17
3.623675443812511e-17
3.6486135227669604e-17
3.663576370139632e-17
3.678539217512304e-17
3.693502064884973e-17
3.708464912257642e-17
3.718440143839425e-17
3.738390607002983e-17
3.748365838584763e-17
3.773303917539215e-17
3.793254380702776e-17
3.8032296122845537e-17
3.8132048438663364e-17
3.8281676912390056e-17
3.843130538611675e-17
3.858093385984344e-17
3.8780438491479046e-17
3.8880190807296874e-17
3.907969543893248e-17
3.917944775475026e-17
3.9329076228476974e-17
3.947870470220369e-17
3.957845701802147e-17
3.9777961649657075e-17
3.987771396547488e-17
3.997746628129268e-17
4.0077218597110484e-17
4.02268470708372e-17
4.032659938665498e-17
4.0476227860381695e-17
4.05759801761995e-17
4.06757324920173e-17
4.0825360965743993e-17
4.0925113281561796e-17
4.107474175528849e-17
4.1174494071106316e-17
4.1274246386924094e-17
4.157350333437753e-17
4.1673255650195305e-17
4.182288412392202e-17
4.1972512597648714e-17
4.207226491346652e-17
4.217201722928432e-17
4.2421398018828815e-17
4.252115033464664e-17
4.262090265046442e-17
4.2920159597917854e-17
4.3069788071644546e-17
4.3169540387462324e-17
4.326929270328015e-17
4.336904501909793e-17
4.346879733491576e-17
4.3568549650733536e-17
4.376805428236914e-17
4.386780659818697e-17
4.401743507191366e-17
4.4167063545640353e-17
4.4266815861458156e-17
4.441644433518487e-17
4.451619665100265e-17
4.461594896682048e-17
4.491520591427386e-17
4.506483438800058e-17
4.536409133545399e-17
4.5463843651271766e-17
4.561347212499848e-17
4.581297675663409e-17
4.6012481388269695e-17
4.62119860199053e-17
4.636161449363202e-17
4.66608714410854e-17
4.6760623756903204e-17
4.691025223062992e-17
4.705988070435661e-17
4.7159633020174416e-17
4.730926149390113e-17
4.7458889967627824e-17
4.7758146915081233e-17
4.7857899230899036e-17
4.800752770462573e-17
4.815715617835242e-17
4.825690849417025e-17
4.850628928371474e-17
4.870579391535035e-17
4.880554623116815e-17
4.8955174704894843e-17
4.9104803178621535e-17
4.925443165234825e-17
4.940406012607497e-17
4.9503812441892747e-17
4.970331707352835e-17
5.0002574020981786e-17
5.020207865261737e-17
5.040158328425297e-17
5.060108791588858e-17
5.070084023170638e-17
5.0800592547524185e-17
5.09502210212509e-17
5.1099849494977593e-17
5.12993541266132e-17
