3.610629071988822e-19
3.972432749150475e-19
4.108109128086095e-19
4.198560047376508e-19
4.2890109666669213e-19
4.379461885957335e-19
4.650814643828574e-19
4.786491022764194e-19
5.012618320990227e-19
5.148294699925847e-19
5.238745619216261e-19
5.329196538506674e-19
5.5100983770875e-19
5.600549296377914e-19
5.691000215668327e-19
5.826676594603947e-19
5.91712751389436e-19
6.007578433184773e-19
6.0980293524751865e-19
6.1884802717656e-19
6.369382110346426e-19
6.505058489282046e-19
6.640734868217666e-19
6.821636706798369e-19
6.912087626088783e-19
7.047764005024402e-19
7.183440383960022e-19
7.500018601476469e-19
7.680920440057295e-19
7.907047738283328e-19
7.997498657573742e-19
8.178400496154568e-19
8.268851415444981e-19
8.404527794380601e-19
8.630655092606634e-19
8.721106011897048e-19
9.037684229413494e-19
9.128135148703907e-19
9.35426244692994e-19
9.535164285510767e-19
9.670840664446387e-19
9.806517043382007e-19
1.003264434160804e-18
1.0258771639834073e-18
1.0349222559124486e-18
1.04396734784149e-18
1.0620575316995726e-18
1.0756251695931346e-18
1.0891928074866966e-18
1.1118055373093e-18
1.1208506292383412e-18
1.1344182671319032e-18
1.1434633590609445e-18
1.1705986348480685e-18
1.1932113646706718e-18
1.2113015485287545e-18
1.2248691864223165e-18
1.2384368243158785e-18
1.2610495541384818e-18
1.2700946460675231e-18
1.2791397379965644e-18
1.2881848299256058e-18
1.310797559748209e-18
1.3334102895708124e-18
1.3424553814998537e-18
1.3560230193934157e-18
1.3695906572869777e-18
1.3967259330741017e-18
1.4238612088612256e-18
1.4464739386838166e-18
1.455519030612858e-18
1.4645641225418993e-18
1.4736092144709406e-18
1.4916993983290233e-18
1.5007444902580646e-18
1.509789582187106e-18
1.5324023120097092e-18
1.5504924958677919e-18
1.5595375877968332e-18
1.5731052256903952e-18
1.5957179555129985e-18
1.6138081393710812e-18
1.6273757772646432e-18
1.6364208691936845e-18
1.6454659611227258e-18
1.6590335990162878e-18
1.6726012369098498e-18
1.6861688748034118e-18
1.695213966732453e-18
1.708781604626015e-18
1.7178266965550564e-18
1.735916880413139e-18
1.749484518306701e-18
1.7585296102357424e-18
1.7720972481293044e-18
1.8082776158454697e-18
1.817322707774511e-18
1.8263677997035523e-18
1.8354128916325936e-18
1.844457983561635e-18
1.8535030754906763e-18
1.8806383512778003e-18
1.8942059891713623e-18
1.9168187189939656e-18
1.9349089028520482e-18
1.952999086710131e-18
1.966566724603693e-18
1.980134362497255e-18
1.989179454426296e-18
2.007269638284379e-18
2.0253598221424615e-18
2.034404914071503e-18
2.043450006000544e-18
2.0524950979295855e-18
2.070585281787668e-18
2.08415291968123e-18
2.1022431035393128e-18
2.111288195468354e-18
2.124855833361916e-18
2.138423471255478e-18
2.15199110914904e-18
2.1610362010780814e-18
2.179126384936164e-18
2.192694022829726e-18
2.2017391147587673e-18
2.2107842066877963e-18
2.2198292986168377e-18
2.2333969365103997e-18
2.242442028439441e-18
2.2605322122975236e-18
2.2786223961556063e-18
2.2921900340491683e-18
2.310280217907251e-18
2.323847855800813e-18
2.3419380396588956e-18
2.364550769481499e-18
2.378118407375061e-18
2.3962085912331435e-18
2.418821321055747e-18
2.44143405087835e-18
2.4504791428073915e-18
2.4640467807009535e-18
2.4776144185945155e-18
2.4866595105235568e-18
2.5002271484171188e-18
2.50927224034616e-18
2.5273624242042427e-18
2.536407516133284e-18
2.5590202459558874e-18
2.5680653378849287e-18
2.57711042981397e-18
2.590678067707532e-18
2.6132907975301353e-18
2.6268584354236973e-18
2.6359035273527387e-18
2.6494711652463006e-18
2.658516257175342e-18
2.672083895068904e-18
2.6811289869979453e-18
2.6946966248915073e-18
2.7037417168205486e-18
2.7218319006786312e-18
2.7353995385721932e-18
2.7489671764657552e-18
2.7580122683947966e-18
2.7761024522528792e-18
2.789670090146441e-18
2.803237728040003e-18
2.821327911898086e-18
2.8394180957561685e-18
2.84846318768521e-18
2.857508279614251e-18
2.8891661013658958e-18
2.9163013771530198e-18
2.938914106975623e-18
2.952481744869185e-18
2.9750944746917884e-18
2.9931846585498587e-18
3.0067522964434207e-18
3.0203199343369827e-18
3.029365026266024e-18
3.0474552101241067e-18
3.0745904859112306e-18
3.083635577840272e-18
3.0926806697693133e-18
3.1017257616983546e-18
3.110770853627396e-18
3.1333835834499992e-18
3.1424286753790406e-18
3.1559963132726026e-18
3.1695639511661645e-18
3.1876541350242472e-18
3.201221772917809e-18
3.2102668648468505e-18
3.219311956775892e-18
3.228357048704933e-18
3.2509697785275365e-18
3.2645374164210985e-18
3.2781050543146605e-18
3.2871501462437018e-18
3.3007177841372638e-18
3.309762876066305e-18
3.3323756058889084e-18
3.3459432437824704e-18
3.3685559736050737e-18
3.3866461574631564e-18
3.3956912493921977e-18
3.4092588872857597e-18
3.4228265251793217e-18
3.4363941630728837e-18
3.4635294388600076e-18
3.47709707675357e-18
3.486142168682611e-18
3.495187260611652e-18
3.513277444469735e-18
3.526845082363297e-18
3.535890174292338e-18
3.5449352662213796e-18
3.553980358150421e-18
3.5720705420085035e-18
3.581115633937545e-18
3.590160725866586e-18
3.6127734556891895e-18
3.630863639547272e-18
3.6534763693698755e-18
3.6670440072634375e-18
3.676089099192479e-18
3.703224374979603e-18
3.730359650766727e-18
3.739404742695768e-18
3.752972380589318e-18
3.76654001848288e-18
3.784630202340962e-18
3.798197840234524e-18
3.807242932163566e-18
3.825333116021648e-18
3.83437820795069e-18
3.870558575666855e-18
3.888648759524938e-18
3.911261489347541e-18
3.920306581276582e-18
3.933874219170144e-18
3.951964403028227e-18
3.9836222247798715e-18
3.9971898626734335e-18
4.0107575005669955e-18
4.019802592496037e-18
4.046937868283161e-18
4.060505506176723e-18
4.083118235999326e-18
4.0921633279283675e-18
4.11025351178645e-18
4.123821149680012e-18
4.1328662416090534e-18
4.141911333538095e-18
4.150956425467136e-18
4.164524063360698e-18
4.191659339147822e-18
4.200704431076863e-18
4.209749523005905e-18
4.232362252828508e-18
4.241407344757549e-18
4.254974982651111e-18
4.273065166509194e-18
4.286632804402756e-18
4.300200442296318e-18
4.31376808018988e-18
4.322813172118921e-18
4.3318582640479626e-18
4.340903355977004e-18
4.354470993870566e-18
4.368038631764128e-18
4.390651361586731e-18
4.404218999480293e-18
4.4132640914093345e-18
4.435876821231938e-18
4.4539670050900205e-18
4.472057188948103e-18
4.499192464735227e-18
4.512760102628789e-18
4.526327740522339e-18
4.53537283245138e-18
4.553463016309463e-18
4.567030654203025e-18
4.5851208380611074e-18
4.612256113848231e-18
4.625823751741793e-18
4.634868843670835e-18
4.643913935599876e-18
4.657481573493438e-18
4.666526665422479e-18
4.689139395245083e-18
4.711752125067686e-18
4.720797216996727e-18
4.734364854890289e-18
4.7434099468193306e-18
4.7569775847128926e-18
4.766022676641934e-18
4.779590314535496e-18
4.7976804983935785e-18
4.815770682251661e-18
4.829338320145223e-18
4.847428504003306e-18
4.856473595932347e-18
4.8655186878613885e-18
4.8790863257549505e-18
4.888131417683992e-18
4.9062216015420745e-18
4.9197892394356364e-18
4.9333568773291984e-18
4.94240196925824e-18
4.951447061187281e-18
4.969537245045364e-18
4.983104882938926e-18
4.992149974867967e-18
5.005717612761529e-18
5.01476270469057e-18
5.028330342584132e-18
5.055465618371256e-18
5.064510710300298e-18
5.07807834819386e-18
5.091645986087422e-18
5.100691078016463e-18
5.114258715910025e-18
5.127826353803587e-18
5.136871445732628e-18
5.1459165376616696e-18
5.154961629590711e-18
5.164006721519752e-18
5.177574359413314e-18
5.191141997306876e-18
5.2001870892359175e-18
5.209232181164959e-18
5.218277273094e-18
5.231844910987562e-18
5.2544576408101655e-18
5.272547824668248e-18
5.28611546256181e-18
5.29968310045536e-18
5.3177732843134425e-18
5.326818376242484e-18
5.340386014136046e-18
5.353953652029608e-18
5.36752128992317e-18
5.376566381852211e-18
5.390134019745773e-18
5.399179111674814e-18
5.408224203603856e-18
5.421791841497418e-18
5.448927117284542e-18
5.471539847107145e-18
5.494152576929748e-18
5.50319766885879e-18
5.525810398681393e-18
5.539378036574955e-18
5.566513312362079e-18
5.57555840429112e-18
5.589126042184682e-18
5.6117387720072855e-18
5.64339659375893e-18
5.6660093235815335e-18
5.675054415510575e-18
5.684099507439616e-18
5.702189691297699e-18
5.715757329191261e-18
5.7338475130493434e-18
5.7474151509429054e-18
5.756460242871947e-18
5.765505334800988e-18
5.77907297269455e-18
5.792640610588112e-18
5.801685702517153e-18
5.815253340410715e-18
5.833343524268798e-18
5.842388616197839e-18
5.855956254091401e-18
5.869523891984963e-18
5.883091529878525e-18
5.901181713736608e-18
5.910226805665649e-18
5.928316989523732e-18
5.941884627417294e-18
5.9599748112753766e-18
5.969019903204418e-18
5.9871100870625006e-18
5.996155178991542e-18
6.009722816885104e-18
6.023290454778666e-18
6.045903184601269e-18
6.0549482765303105e-18
6.0639933684593395e-18
6.073038460388381e-18
6.0911286442464635e-18
6.100173736175505e-18
6.113741374069067e-18
6.127309011962629e-18
6.1453991958207114e-18
6.154444287749753e-18
6.168011925643315e-18
6.177057017572356e-18
6.1861021095013974e-18
6.208714839324001e-18
6.222282477217563e-18
6.231327569146604e-18
6.244895207040166e-18
6.253940298969207e-18
6.262985390898249e-18
6.276553028791811e-18
6.285598120720852e-18
6.299165758614414e-18
6.308210850543455e-18
6.317255942472497e-18
6.326301034401538e-18
6.335346126330579e-18
6.3443912182596206e-18
6.3715264940467446e-18
6.389616677904827e-18
6.3986617698338686e-18
6.40770686176291e-18
6.4257970456209925e-18
6.457454867372637e-18
6.4664999593016785e-18
6.47554505123072e-18
6.4936352350888025e-18
6.502680327017844e-18
6.511725418946885e-18
6.5207705108759265e-18
6.529815602804968e-18
6.556950878592092e-18
6.565995970521133e-18
6.579563608414695e-18
6.5886087003437364e-18
6.61574397613086e-18
6.629311614024422e-18
6.642879251917984e-18
6.651924343847026e-18
6.660969435776067e-18
6.67905961963415e-18
6.701672349456753e-18
6.710717441385794e-18
6.719762533314836e-18
6.7333301712083976e-18
6.75142035506648e-18
6.7604654469955216e-18
6.769510538924563e-18
6.778555630853604e-18
6.792123268747166e-18
6.810213452605249e-18
6.832826182427852e-18
6.841871274356881e-18
6.855438912250443e-18
6.8780516420730465e-18
6.8916192799666085e-18
6.909709463824691e-18
6.941367285576336e-18
6.950412377505377e-18
6.96850256136346e-18
6.991115291186063e-18
7.013728021008666e-18
7.022773112937708e-18
7.031818204866749e-18
7.04086329679579e-18
7.058953480653873e-18
7.072521118547435e-18
7.090611302405518e-18
7.10417894029908e-18
7.117746578192642e-18
7.131314216086204e-18
7.149404399944286e-18
7.162972037837848e-18
7.17653967573141e-18
7.185584767660452e-18
7.208197497483055e-18
7.217242589412096e-18
7.230810227305658e-18
7.24437786519922e-18
7.253422957128262e-18
7.262468049057303e-18
7.271513140986344e-18
7.280558232915385e-18
7.303170962737989e-18
7.31221605466703e-18
7.339351330454154e-18
7.371009152205799e-18
7.393621882028402e-18
7.411712065886485e-18
7.429802249744567e-18
7.44336988763813e-18
7.45241497956717e-18
7.465982617460733e-18
7.488595347283336e-18
7.51120807710594e-18
7.52025316903498e-18
7.538343352893063e-18
7.547388444822105e-18
7.560956082715667e-18
7.574523720609229e-18
7.592613904467311e-18
7.606181542360873e-18
7.619749180254423e-18
7.628794272183464e-18
7.642361910077026e-18
7.66949718586415e-18
7.683064823757712e-18
7.710200099544836e-18
7.728290283402919e-18
7.73733537533196e-18
7.746380467261001e-18
7.759948105154563e-18
7.773515743048125e-18
7.782560834977167e-18
7.796128472870729e-18
7.814218656728811e-18
7.832308840586894e-18
7.841353932515935e-18
7.854921570409497e-18
7.86848920830306e-18
7.8775343002321e-18
7.891101938125663e-18
7.909192121983745e-18
7.922759759877307e-18
7.93632739777087e-18
7.954417581628952e-18
7.981552857416076e-18
7.995120495309638e-18
8.0086881332032e-18
8.022255771096762e-18
8.035823408990324e-18
8.044868500919365e-18
8.058436138812927e-18
8.072003776706489e-18
8.085571414600051e-18
8.103661598458134e-18
8.112706690387175e-18
8.130796874245258e-18
8.14436451213882e-18
8.157932150032382e-18
8.180544879854985e-18
8.189589971784026e-18
8.207680155642109e-18
8.21672524757115e-18
8.230292885464712e-18
8.248383069322795e-18
8.275518345109919e-18
8.28456343703896e-18
8.302653620897043e-18
8.311698712826084e-18
8.325266350719646e-18
8.334311442648688e-18
8.343356534577729e-18
8.356924172471291e-18
8.365969264400332e-18
8.375014356329374e-18
8.384059448258403e-18
8.406672178081006e-18
8.420239815974568e-18
8.447375091761692e-18
8.469987821584295e-18
8.479032913513337e-18
8.497123097371419e-18
8.50616818930046e-18
8.515213281229502e-18
8.528780919123064e-18
8.546871102981146e-18
8.560438740874708e-18
8.578528924732791e-18
8.592096562626353e-18
8.605664200519915e-18
8.619231838413477e-18
8.632799476307039e-18
8.659934752094163e-18
8.673502389987725e-18
8.687070027881287e-18
8.700637665774849e-18
8.714205303668411e-18
8.736818033491014e-18
8.750385671384576e-18
8.759430763313618e-18
8.77299840120718e-18
8.782043493136221e-18
8.795611131029783e-18
8.804656222958824e-18
8.822746406816907e-18
8.849881682604031e-18
8.867971866462114e-18
8.881539504355676e-18
8.890584596284717e-18
8.91319732610732e-18
8.922242418036361e-18
8.935810055929923e-18
8.944855147858965e-18
8.953900239788006e-18
8.971990423646089e-18
8.990080607504171e-18
9.008170791362254e-18
9.017215883291295e-18
9.026260975220337e-18
9.039828613113899e-18
9.05339625100746e-18
9.062441342936502e-18
9.076008980830064e-18
9.094099164688147e-18
9.11218934854623e-18
9.12123444047527e-18
9.139324624333353e-18
9.157414808191424e-18
9.166459900120465e-18
9.175504992049506e-18
9.184550083978548e-18
9.207162813801151e-18
9.220730451694713e-18
9.234298089588275e-18
9.247865727481837e-18
9.256910819410878e-18
9.26595591133992e-18
9.288568641162523e-18
9.297613733091564e-18
9.315703916949647e-18
9.329271554843209e-18
9.347361738701291e-18
9.365451922559374e-18
9.383542106417457e-18
9.392587198346498e-18
9.40615483624006e-18
9.424245020098143e-18
9.437812657991705e-18
9.451380295885267e-18
9.460425387814308e-18
9.47851557167239e-18
9.492083209565953e-18
9.501128301494994e-18
9.510173393424035e-18
9.53730866921116e-18
9.550876307104721e-18
9.559921399033763e-18
9.578011582891845e-18
9.587056674820887e-18
9.600624312714449e-18
9.618714496572531e-18
9.641327226395135e-18
9.650372318324176e-18
9.659417410253217e-18
9.686552686040341e-18
9.704642869898424e-18
9.713687961827465e-18
9.731778145685548e-18
9.74534578357911e-18
9.763435967437192e-18
9.772481059366234e-18
9.786048697259796e-18
9.799616335153358e-18
9.808661427082399e-18
9.826751610940482e-18
9.849364340763085e-18
9.862931978656647e-18
9.871977070585688e-18
9.88554470847925e-18
9.899112346372812e-18
9.912679984266374e-18
9.926247622159936e-18
9.948860351982527e-18
9.96695053584061e-18
9.980518173734172e-18
9.989563265663213e-18
1.0003130903556775e-17
1.0016698541450337e-17
1.003478872530842e-17
1.0052878909166503e-17
1.0066446547060065e-17
1.0098104368811709e-17
1.010714946074075e-17
1.0134284736527874e-17
1.0143329828456916e-17
1.0152374920385957e-17
1.017046510424404e-17
1.0184032742137602e-17
1.0193077834066643e-17
1.0202122925995684e-17
1.0211168017924726e-17
1.0220213109853767e-17
1.0233780747747329e-17
1.024282583967637e-17
1.0260916023534453e-17
1.0274483661428015e-17
1.0288051299321577e-17
1.0297096391250618e-17
1.030614148317966e-17
1.0315186575108701e-17
1.0328754213002263e-17
1.0337799304931304e-17
1.0360412034753908e-17
1.0369457126682949e-17
1.037850221861199e-17
1.0396592402470073e-17
1.0410160040363635e-17
1.0419205132292676e-17
1.0432772770186238e-17
1.0455385500008842e-17
1.0473475683866924e-17
1.0487043321760486e-17
1.0496088413689528e-17
1.050965605158309e-17
1.0523223689476651e-17
1.0536791327370213e-17
1.0550358965263775e-17
1.0568449149121858e-17
1.05774942410509e-17
1.0600106970873503e-17
1.0609152062802544e-17
1.0627242246660627e-17
1.064985497648323e-17
1.0686035344199395e-17
1.0695080436128437e-17
1.0704125528057466e-17
1.0717693165951028e-17
1.073126080384459e-17
1.0744828441738152e-17
1.0762918625596234e-17
1.0771963717525276e-17
1.0794576447347879e-17
1.0808144085241441e-17
1.0830756815064044e-17
1.0844324452957606e-17
1.0853369544886648e-17
1.087145972874473e-17
1.0885027366638292e-17
1.0898595004531854e-17
1.0912162642425416e-17
1.0925730280318978e-17
1.093477537224802e-17
1.0952865556106102e-17
1.0970955739964185e-17
1.0984523377857747e-17
1.0998091015751309e-17
1.1025226291538433e-17
1.1038793929431995e-17
1.1052361567325557e-17
1.107045175118364e-17
1.1088541935041722e-17
1.1097587026970763e-17
1.1111154664864325e-17
1.1120199756793367e-17
1.113828994065145e-17
1.114733503258049e-17
1.1156380124509532e-17
1.1169947762403094e-17
1.1188037946261177e-17
1.1201605584154739e-17
1.1224218313977342e-17
1.1242308497835425e-17
1.1260398681693507e-17
1.1269443773622549e-17
1.1287533957480631e-17
1.1305624141338714e-17
1.1319191779232276e-17
1.1328236871161317e-17
1.1341804509054879e-17
1.1355372146948441e-17
1.1368939784842003e-17
1.1382507422735565e-17
1.1400597606593648e-17
1.1409642698522689e-17
1.141868779045173e-17
1.1427732882380772e-17
1.1436777974309813e-17
1.1445823066238854e-17
1.1454868158167896e-17
1.1472958342025966e-17
1.1486525979919528e-17
1.150009361781309e-17
1.1509138709742131e-17
1.1527228893600214e-17
1.1536273985529255e-17
1.1549841623422817e-17
1.1558886715351859e-17
1.15679318072809e-17
1.1590544537103503e-17
1.1604112174997065e-17
1.1613157266926107e-17
1.1626724904819669e-17
1.163576999674871e-17
1.1653860180606793e-17
1.1667427818500355e-17
1.1676472910429396e-17
1.1685518002358437e-17
1.170813073218104e-17
1.1717175824110082e-17
1.1739788553932685e-17
1.1762401283755288e-17
1.1780491467613371e-17
1.1789536559542412e-17
1.1803104197435974e-17
1.1821194381294057e-17
1.1830239473223098e-17
1.1848329657081181e-17
1.1857374749010222e-17
1.1866419840939264e-17
1.1884510024797346e-17
1.1902600208655429e-17
1.1920690392513512e-17
1.1938780576371594e-17
1.1947825668300636e-17
1.1965915852158718e-17
1.197496094408776e-17
1.1984006036016801e-17
1.1993051127945842e-17
1.2011141311803925e-17
1.2029231495662008e-17
1.2056366771449132e-17
1.2069934409342694e-17
1.2083502047236256e-17
1.2092547139165297e-17
1.211063732302338e-17
1.2119682414952421e-17
1.2128727506881462e-17
1.2142295144775024e-17
1.2155862782668586e-17
1.2169430420562148e-17
1.217847551249119e-17
1.2192043150384751e-17
1.2201088242313793e-17
1.2219178426171875e-17
1.2228223518100917e-17
1.2246313701958987e-17
1.226440388581707e-17
1.2277971523710632e-17
1.2287016615639673e-17
1.2300584253533235e-17
1.2314151891426797e-17
1.233224207528488e-17
1.2354854805107483e-17
1.2363899897036524e-17
1.2372944988965566e-17
1.2381990080894607e-17
1.2391035172823648e-17
1.240460281071721e-17
1.2418170448610772e-17
1.2436260632468855e-17
1.2454350816326938e-17
1.247244100018502e-17
1.2495053730007624e-17
1.2508621367901186e-17
1.2526711551759268e-17
1.253575664368831e-17
1.2558369373510913e-17
1.2571937011404475e-17
1.2585504649298037e-17
1.2599072287191599e-17
1.2617162471049681e-17
1.2626207562978723e-17
1.2639775200872285e-17
1.2648820292801326e-17
1.2666910476659409e-17
1.2698568298411053e-17
1.2707613390340095e-17
1.2716658482269136e-17
1.2730226120162698e-17
1.2757361395949822e-17
1.2775451579807905e-17
1.2784496671736946e-17
1.2802586855595029e-17
1.281163194752407e-17
1.2825199585417632e-17
1.2838767223311194e-17
1.2861379953133797e-17
1.287947013699188e-17
1.2893037774885442e-17
1.2906605412779004e-17
1.2915650504708045e-17
1.2933740688566128e-17
1.294730832645969e-17
1.2960875964353252e-17
1.2988011240140376e-17
1.3001578878033938e-17
1.3010623969962979e-17
1.3024191607856529e-17
1.3042281791714611e-17
1.3060371975572694e-17
1.3078462159430777e-17
1.309655234328886e-17
1.3119165073111463e-17
1.3137255256969545e-17
1.3150822894863107e-17
1.316891307872119e-17
1.3187003262579273e-17
1.3200570900472835e-17
1.3218661084330917e-17
1.3227706176259959e-17
1.3245796360118041e-17
1.3268409089940645e-17
1.3281976727834207e-17
1.3295544365727769e-17
1.330911200362133e-17
1.3322679641514893e-17
1.3345292371337496e-17
1.3367905101160099e-17
1.3390517830982702e-17
1.3404085468876264e-17
1.3417653106769826e-17
1.3431220744663388e-17
1.344478838255695e-17
1.3458356020450512e-17
1.3467401112379554e-17
1.3480968750273116e-17
1.3490013842202157e-17
1.351262657202476e-17
1.3521671663953802e-17
1.3535239301847364e-17
1.3544284393776405e-17
1.3553329485705446e-17
1.3589509853421612e-17
1.3616645129208736e-17
1.3625690221137777e-17
1.3634735313066818e-17
1.3657348042889422e-17
1.3666393134818463e-17
1.3679960772712025e-17
1.3693528410605587e-17
1.3702573502534628e-17
1.3720663686392711e-17
1.3743276416215314e-17
1.3752321508144356e-17
1.3765889146037917e-17
1.3788501875860508e-17
1.379754696778955e-17
1.3824682243576674e-17
1.3851817519363798e-17
1.386538515725736e-17
1.3892520433044484e-17
1.3901565524973525e-17
1.3919655708831608e-17
1.393322334672517e-17
1.3951313530583252e-17
1.3978448806370376e-17
1.399653899022846e-17
1.4019151720051062e-17
1.4037241903909145e-17
1.406437717969627e-17
1.407794481758983e-17
1.4105080093376955e-17
1.4123170277235038e-17
1.414126046109312e-17
1.4163873190915724e-17
1.4186485920738327e-17
1.420005355863189e-17
1.421362119652545e-17
1.4222666288454492e-17
1.4236233926348054e-17
1.4249801564241616e-17
1.4263369202135178e-17
1.427241429406422e-17
1.4290504477922302e-17
1.4299549569851343e-17
1.4308594661780385e-17
1.4326684845638467e-17
1.434477502949655e-17
1.435382012142559e-17
1.4380955397212715e-17
1.4390000489141757e-17
1.440356812703532e-17
1.441713576492888e-17
1.4430703402822443e-17
1.4439748494751484e-17
1.4453316132645046e-17
1.447140631650313e-17
1.448045140843217e-17
1.448949650036121e-17
1.4503064138254773e-17
1.4516631776148335e-17
1.4534721960006418e-17
1.454376705193546e-17
1.457090232772257e-17
1.4579947419651612e-17
1.4593515057545174e-17
1.4616127787367777e-17
1.462517287929682e-17
1.463421797122586e-17
1.4647785609119422e-17
1.4661353247012984e-17
1.4674920884906546e-17
1.4688488522800108e-17
1.469753361472915e-17
1.471110125262271e-17
1.4724668890516273e-17
1.4738236528409835e-17
1.4747281620338877e-17
1.4756326712267918e-17
1.476989435016148e-17
1.477893944209052e-17
1.4797029625948604e-17
1.4819642355771207e-17
1.482868744770025e-17
1.484677763155833e-17
1.4864867815416414e-17
1.4892003091203538e-17
1.49055707290971e-17
1.4919138366990662e-17
1.4937228550848745e-17
1.4946273642777786e-17
1.496436382663587e-17
1.498245401049395e-17
1.4991499102422992e-17
1.5018634378210116e-17
1.5032202016103678e-17
1.504576965399724e-17
1.5059337291890802e-17
1.5068382383819844e-17
1.5086472567677926e-17
1.5095517659606968e-17
1.510908529750053e-17
1.5127175481358612e-17
1.5140743119252174e-17
1.5154310757145736e-17
1.5163355849074778e-17
1.517240094100382e-17
1.5190491124861902e-17
1.5213103854684505e-17
1.5222148946613546e-17
1.524928422240067e-17
1.5258329314329712e-17
1.5271896952223274e-17
1.5280942044152315e-17
1.5303554773974918e-17
1.531259986590396e-17
1.532616750379751e-17
1.5344257687655592e-17
1.5357825325549154e-17
1.5366870417478195e-17
1.5375915509407237e-17
1.53894831473008e-17
1.540305078519436e-17
1.5421140969052443e-17
1.5434708606946005e-17
1.5452798790804088e-17
1.546636642869765e-17
1.5484456612555732e-17
1.5493501704484774e-17
1.5502546796413815e-17
1.5520636980271898e-17
1.552968207220094e-17
1.5547772256059022e-17
1.5556817347988063e-17
1.5565862439917104e-17
1.5574907531846146e-17
1.5588475169739708e-17
1.559752026166875e-17
1.561108789956231e-17
1.5624655537455873e-17
1.5638223175349435e-17
1.5651790813242997e-17
1.566535845113656e-17
1.567892608903012e-17
1.5687971180959162e-17
1.5701538818852724e-17
1.573319664060437e-17
1.574224173253341e-17
1.575128682446245e-17
1.5760331916391493e-17
1.5787467192178617e-17
1.5796512284107658e-17
1.581912501393026e-17
1.5828170105859303e-17
1.5841737743752865e-17
1.5850782835681906e-17
1.5864350473575468e-17
1.587339556550451e-17
1.5909575933220675e-17
1.5927666117078757e-17
1.595027884690136e-17
1.5968369030759443e-17
1.5990981760582047e-17
1.600907194444013e-17
1.601811703636917e-17
1.6045252312156295e-17
1.6054297404085336e-17
1.607238758794342e-17
1.60904777718015e-17
1.610404540969505e-17
1.6126658139517654e-17
1.6135703231446696e-17
1.6144748323375737e-17
1.61583159612693e-17
1.617188359916286e-17
1.6185451237056423e-17
1.6212586512843547e-17
1.622615415073711e-17
1.6271379610382315e-17
1.6280424702311357e-17
1.6289469794240398e-17
1.6325650161956563e-17
1.6339217799850125e-17
1.6348262891779167e-17
1.6357307983708208e-17
1.637087562160177e-17
1.637992071353081e-17
1.6388965805459853e-17
1.6416101081246977e-17
1.642966871914054e-17
1.643871381106958e-17
1.6452281448963142e-17
1.6465849086856704e-17
1.6483939270714787e-17
1.6492984362643828e-17
1.650202945457287e-17
1.651107454650191e-17
1.6542732368253555e-17
1.6551777460182597e-17
1.656534509807616e-17
1.658343528193424e-17
1.6597002919827803e-17
1.6615093103685886e-17
1.6624138195614927e-17
1.664675092543753e-17
1.6664841109295613e-17
1.6682931293153696e-17
1.6691976385082737e-17
1.6701021477011778e-17
1.671006656894082e-17
1.671911166086986e-17
1.6728156752798902e-17
1.6737201844727944e-17
1.6750769482621506e-17
1.6759814574550547e-17
1.677338221244411e-17
1.678694985033767e-17
1.6795994942266712e-17
1.6805040034195754e-17
1.6818607672089316e-17
1.684122040191192e-17
1.6868355677699043e-17
1.6886445861557113e-17
1.6900013499450675e-17
1.6918103683308758e-17
1.693167132120232e-17
1.6949761505060403e-17
1.6967851688918485e-17
1.6981419326812047e-17
1.699498696470561e-17
1.7031167332421774e-17
1.7044734970315336e-17
1.7053780062244378e-17
1.706734770013794e-17
1.7085437883996022e-17
1.7103528067854105e-17
1.7126140797676708e-17
1.713518588960575e-17
1.7157798619428353e-17
1.7189456441179998e-17
1.720754662503808e-17
1.7216591716967122e-17
1.7234681900825204e-17
1.7257294630647808e-17
1.727538481450589e-17
1.7288952452399452e-17
1.7297997544328494e-17
1.7311565182222056e-17
1.733870045800918e-17
1.734774554993822e-17
1.7356790641867262e-17
1.7374880825725345e-17
1.7392971009583428e-17
1.740201610151247e-17
1.7424628831335072e-17
1.7438196469228634e-17
1.7447241561157675e-17
1.7456286653086717e-17
1.746985429098028e-17
1.747889938290932e-17
1.7496989566767403e-17
1.7510557204660965e-17
1.7519602296590006e-17
1.7528647388519047e-17
1.754221502641261e-17
1.755578266430617e-17
1.7569350302199733e-17
1.7582917940093295e-17
1.7596485577986857e-17
1.76055306699159e-17
1.761909830780946e-17
1.7637188491667543e-17
1.7646233583596572e-17
1.7659801221490134e-17
1.7686936497277258e-17
1.7709549227099862e-17
1.7718594319028903e-17
1.7732161956922465e-17
1.7741207048851506e-17
1.776381977867411e-17
1.777738741656767e-17
1.7786432508496713e-17
1.7809045238319316e-17
1.7822612876212878e-17
1.784070306007096e-17
1.7858793243929043e-17
1.7872360881822605e-17
1.7881405973751647e-17
1.790401870357425e-17
1.7917586341467812e-17
1.7935676525325895e-17
1.7949244163219457e-17
1.796733434707754e-17
1.79809019849711e-17
1.7998992168829184e-17
1.8017082352687267e-17
1.803517253654535e-17
1.804874017443891e-17
1.8062307812332473e-17
1.809848818004864e-17
1.810753327197768e-17
1.8130146001800283e-17
1.8139191093729325e-17
1.8152758731622887e-17
1.817084891548097e-17
1.8188939099339052e-17
1.8216074375126176e-17
1.8225119467055217e-17
1.823868710494878e-17
1.8261299834771382e-17
1.8274867472664944e-17
1.8288435110558506e-17
1.8297480202487548e-17
1.832009293231015e-17
1.8338183116168234e-17
1.8347228208097275e-17
1.8360795845990837e-17
1.837888602984892e-17
1.838793112177796e-17
1.8406021305636044e-17
1.8419588943529593e-17
1.8437679127387676e-17
1.8446724219316717e-17
1.845576931124576e-17
1.84648144031748e-17
1.8487427132997403e-17
1.8500994770890965e-17
1.8514562408784527e-17
1.852813004667809e-17
1.853717513860713e-17
1.8550742776500693e-17
1.8559787868429734e-17
1.8568832960358775e-17
1.8582400598252337e-17
1.860501332807494e-17
1.8614058420003982e-17
1.8632148603862064e-17
1.8650238787720147e-17
1.866832897157823e-17
1.8690941701400833e-17
1.8704509339294395e-17
1.8713554431223436e-17
1.8727122069116998e-17
1.873616716104604e-17
1.8754257344904122e-17
1.8767824982797684e-17
1.8785915166655767e-17
1.880852789647837e-17
1.8817572988407412e-17
1.8826618080336453e-17
1.8844708264194536e-17
1.88808886319107e-17
1.8889933723839742e-17
1.8903501361733304e-17
1.8917068999626866e-17
1.893515918348495e-17
1.894420427541399e-17
1.8962294459272073e-17
1.8989429735059197e-17
1.900751991891728e-17
1.9030132648739883e-17
1.9039177740668924e-17
1.9061790470491527e-17
1.908440320031413e-17
1.9116061022065775e-17
1.9134151205923858e-17
1.914771884381742e-17
1.9165809027675503e-17
1.9179376665569065e-17
1.9197466849427135e-17
1.9215557033285218e-17
1.9247214855036862e-17
1.9265305038894945e-17
1.9278872676788507e-17
1.9287917768717548e-17
1.9319575590469193e-17
1.9346710866256317e-17
1.93648010501144e-17
1.937384614204344e-17
1.9382891233972482e-17
1.9400981417830565e-17
1.9410026509759606e-17
1.942811669361769e-17
1.944168433151125e-17
1.9468819607298375e-17
1.94959548830855e-17
1.950499997501454e-17
1.951404506694358e-17
1.9536657796766185e-17
1.9559270526588788e-17
1.956831561851783e-17
1.957736071044687e-17
1.9590928348340433e-17
1.9609018532198515e-17
1.9622586170092077e-17
1.964519889991468e-17
1.9654243991843722e-17
1.9663289083772763e-17
1.9676856721666325e-17
1.9685901813595367e-17
1.9694946905524408e-17
1.970399199745345e-17
1.9744694911134135e-17
1.9758262549027697e-17
1.977635273288578e-17
1.9794442916743863e-17
1.9803488008672904e-17
1.9821578192530987e-17
1.983514583042455e-17
1.984871346831811e-17
1.9857758560247152e-17
1.9884893836034276e-17
1.9902984019892358e-17
1.991655165778592e-17
1.9934641841644003e-17
1.9952732025502086e-17
1.9961777117431127e-17
1.9979867301289197e-17
1.999343493918276e-17
2.0011525123040842e-17
2.0029615306898925e-17
2.0043182944792487e-17
2.007031822057961e-17
2.0079363312508652e-17
2.0097453496366735e-17
2.0106498588295776e-17
2.0120066226189338e-17
2.01336338640829e-17
2.014267895601194e-17
2.0156246593905503e-17
2.0165291685834545e-17
2.0183381869692627e-17
2.019694950758619e-17
2.0215039691444272e-17
2.0228607329337834e-17
2.0246697513195917e-17
2.0264787697054e-17
2.027383278898304e-17
2.0282877880912082e-17
2.0314535702663726e-17
2.0328103340557288e-17
2.034167097845085e-17
2.0350716070379892e-17
2.0373328800202495e-17
2.0382373892131536e-17
2.0391418984060578e-17
2.040498662195414e-17
2.0418554259847702e-17
2.0441166989670305e-17
2.0450212081599346e-17
2.047282481142195e-17
2.0486392449315512e-17
2.0513527725102636e-17
2.0522572817031677e-17
2.053614045492524e-17
2.0563275730712363e-17
2.0576843368605925e-17
2.0594933552464008e-17
2.060397864439305e-17
2.062206882825113e-17
2.0631113920180173e-17
2.0653726650002776e-17
2.0662771741931817e-17
2.067633937982538e-17
2.0694429563683462e-17
2.0703474655612503e-17
2.0717042293506065e-17
2.0730609931399615e-17
2.0748700115257698e-17
2.075774520718674e-17
2.076679029911578e-17
2.0798448120867425e-17
2.0816538304725508e-17
2.082558339665455e-17
2.083915103454811e-17
2.0857241218406194e-17
2.0875331402264276e-17
2.0884376494193318e-17
2.089794413208688e-17
2.0911511769980442e-17
2.0934124499803045e-17
2.0943169591732086e-17
2.096125977559017e-17
2.0983872505412772e-17
2.1020052873128938e-17
2.10336205110225e-17
2.104718814891606e-17
2.1056233240845103e-17
2.1065278332774144e-17
2.1078845970667706e-17
2.110145870049031e-17
2.111502633838387e-17
2.1124071430312913e-17
2.1142161614170995e-17
2.1160251798029078e-17
2.117381943592264e-17
2.118286452785168e-17
2.1196432165745243e-17
2.1209999803638805e-17
2.1223567441532367e-17
2.123713507942593e-17
2.124618017135497e-17
2.1259747809248533e-17
2.1286883085035657e-17
2.130045072292922e-17
2.130949581485826e-17
2.1336631090645384e-17
2.1350198728538946e-17
2.1359243820467987e-17
2.137733400432607e-17
2.1395424188184153e-17
2.1422559463971277e-17
2.143612710186484e-17
2.14496947397584e-17
2.1467784923616483e-17
2.1485875107474566e-17
2.1499442745368128e-17
2.1508487837297157e-17
2.152657802115524e-17
2.15401456590488e-17
2.1549190750977843e-17
2.1558235842906884e-17
2.1585371118694008e-17
2.160346130255209e-17
2.1635119124303735e-17
2.1648686762197297e-17
2.166225440009086e-17
2.16712994920199e-17
2.1689389675877983e-17
2.1716524951665107e-17
2.172557004359415e-17
2.173913768148771e-17
2.1752705319381273e-17
2.1770795503239355e-17
2.1779840595168397e-17
2.179340823306196e-17
2.1802453324991e-17
2.1820543508849083e-17
2.1843156238671686e-17
2.1856723876565248e-17
2.186576896849429e-17
2.1892904244281413e-17
2.1906471882174975e-17
2.1915516974104016e-17
2.193812970392662e-17
2.1951697341820182e-17
2.1965264979713744e-17
2.1987877709536347e-17
2.1996922801465388e-17
2.201049043935895e-17
2.2019535531287992e-17
2.2033103169181554e-17
2.2042148261110595e-17
2.2055715899004157e-17
2.2064760990933198e-17
2.207832862882676e-17
2.2087373720755802e-17
2.2105463904613884e-17
2.2119031542507446e-17
2.213712172636553e-17
2.2155211910223612e-17
2.2173302094081694e-17
2.2195914823904298e-17
2.220495991583334e-17
2.222305009969142e-17
2.2241140283549504e-17
2.2250185375478546e-17
2.2259230467407587e-17
2.2281843197230178e-17
2.229541083512374e-17
2.2327068656875384e-17
2.2336113748804426e-17
2.2345158840733467e-17
2.235872647862703e-17
2.2381339208449632e-17
2.2399429392307715e-17
2.2408474484236756e-17
2.243108721405936e-17
2.24401323059884e-17
2.2453699943881963e-17
2.2462745035811004e-17
2.2485357765633608e-17
2.2521538133349773e-17
2.2535105771243335e-17
2.2548673409136897e-17
2.256676359299498e-17
2.257580868492402e-17
2.2584853776853062e-17
2.2593898868782104e-17
2.2607466506675666e-17
2.2616511598604707e-17
2.263460178246279e-17
2.2652691966320872e-17
2.2670782150178955e-17
2.2679827242107996e-17
2.271148506385964e-17
2.2720530155788682e-17
2.2747665431575806e-17
2.277027816139841e-17
2.2797413437185533e-17
2.2815503621043616e-17
2.2829071258937178e-17
2.285168398875978e-17
2.2874296718582385e-17
2.2892386902440467e-17
2.291047708629855e-17
2.291952217822759e-17
2.2964747637872798e-17
2.297831527576636e-17
2.29873603676954e-17
2.2996405459624443e-17
2.3009973097518005e-17
2.304163091926965e-17
2.30551985571632e-17
2.306876619505676e-17
2.3077811286985802e-17
2.3095901470843885e-17
2.312755929259553e-17
2.3145649476453612e-17
2.3154694568382653e-17
2.3186352390134298e-17
2.320444257399238e-17
2.3218010211885943e-17
2.3231577849779505e-17
2.3245145487673067e-17
2.327228076346019e-17
2.3290370947318273e-17
2.3299416039247315e-17
2.3317506223105397e-17
2.333107386099896e-17
2.3353686590821563e-17
2.3371776774679645e-17
2.339438950450225e-17
2.341247968836033e-17
2.3430569872218414e-17
2.3444137510111976e-17
2.3453182602041017e-17
2.346675023993458e-17
2.347579533186362e-17
2.3493885515721703e-17
2.3502930607650744e-17
2.3511975699579786e-17
2.3521020791508827e-17
2.353911097536691e-17
2.3552678613260472e-17
2.3566246251154034e-17
2.3579813889047596e-17
2.3597904072905678e-17
2.361599425676376e-17
2.3634084440621844e-17
2.3647652078515406e-17
2.3661219716408968e-17
2.367478735430253e-17
2.3697400084125133e-17
2.3720012813947736e-17
2.3733580451841298e-17
2.3760715727628422e-17
2.3769760819557464e-17
2.3787851003415546e-17
2.3796896095344588e-17
2.381046373323815e-17
2.383307646306074e-17
2.3851166646918823e-17
2.3860211738847865e-17
2.3873779376741427e-17
2.388734701463499e-17
2.389639210656403e-17
2.3923527382351154e-17
2.3941617566209236e-17
2.3950662658138278e-17
2.395970775006732e-17
2.397327538796088e-17
2.3986843025854443e-17
2.4000410663748005e-17
2.4013978301641567e-17
2.404111357742869e-17
2.4063726307251294e-17
2.4077293945144856e-17
2.4086339037073898e-17
2.409990667496746e-17
2.41089517668965e-17
2.4122519404790063e-17
2.4131564496719104e-17
2.4145132134612666e-17
2.416322231847075e-17
2.4181312502328832e-17
2.4199402686186914e-17
2.4217492870044997e-17
2.423106050793856e-17
2.424462814583212e-17
2.4262718329690204e-17
2.4271763421619245e-17
2.4280808513548286e-17
2.429889869740637e-17
2.431246633529993e-17
2.4326033973193493e-17
2.4335079065122534e-17
2.4357691794945137e-17
2.43712594328387e-17
2.4402917254590344e-17
2.4425529984412947e-17
2.444362016827103e-17
2.4457187806164592e-17
2.4466232898093633e-17
2.4488845627916237e-17
2.45024132658098e-17
2.452050344966788e-17
2.4534071087561443e-17
2.4543116179490485e-17
2.4552161271419526e-17
2.457025145527761e-17
2.457929654720665e-17
2.45928641851002e-17
2.4615476914922803e-17
2.4624522006851844e-17
2.4638089644745406e-17
2.466522492053253e-17
2.4683315104390613e-17
2.4692360196319654e-17
2.4719495472106778e-17
2.473306311000034e-17
2.4755675839822943e-17
2.4764720931751985e-17
2.4778288569645547e-17
2.479637875350363e-17
2.480994639139719e-17
2.4818991483326233e-17
2.4837081667184315e-17
2.4846126759113357e-17
2.485969439700692e-17
2.4877784580865e-17
2.4886829672794043e-17
2.4895874764723084e-17
2.4909442402616646e-17
2.492753258647473e-17
2.493657767840377e-17
2.4954667862261853e-17
2.4968235500155415e-17
2.4977280592084456e-17
2.499989332190706e-17
2.5027028597694183e-17
2.5045118781552266e-17
2.5054163873481307e-17
2.506320896541035e-17
2.507225405733939e-17
2.508129914926843e-17
2.5099389333126514e-17
2.5108434425055555e-17
2.5122002062949117e-17
2.51400922468072e-17
2.5153659884700762e-17
2.5162704976629803e-17
2.5194362798381448e-17
2.521697552820405e-17
2.5226020620133092e-17
2.5235065712062134e-17
2.5248633349955696e-17
2.5266723533813778e-17
2.528029117170734e-17
2.5298381355565423e-17
2.5316471539423506e-17
2.5325516631352547e-17
2.5357174453104192e-17
2.5375264636962262e-17
2.5388832274855824e-17
2.5397877366784865e-17
2.5406922458713907e-17
2.542049009660747e-17
2.543405773450103e-17
2.5443102826430072e-17
2.5452147918359113e-17
2.5461193010288155e-17
2.5470238102217196e-17
2.5479283194146237e-17
2.549737337800432e-17
2.5515463561862403e-17
2.5524508653791444e-17
2.5538076291685006e-17
2.555616647554309e-17
2.556521156747213e-17
2.5583301751330212e-17
2.5596869389223774e-17
2.5605914481152816e-17
2.5614959573081857e-17
2.562852721097542e-17
2.5651139940798022e-17
2.5678275216585146e-17
2.5687320308514188e-17
2.569636540044323e-17
2.570541049237227e-17
2.5723500676230353e-17
2.5732545768159394e-17
2.5750635952017477e-17
2.5759681043946518e-17
2.576872613587556e-17
2.5791338865698163e-17
2.5809429049556246e-17
2.5822996687449808e-17
2.584560941727241e-17
2.5859177055165973e-17
2.5872744693059535e-17
2.5881789784988576e-17
2.5895357422882138e-17
2.591344760674022e-17
2.5927015244633783e-17
2.5940582882527345e-17
2.5949627974456386e-17
2.5963195612349948e-17
2.597224070427899e-17
2.5990330888137072e-17
2.6008421071995155e-17
2.6017466163924196e-17
2.6026511255853237e-17
2.60400788937468e-17
2.604912398567584e-17
2.6067214169533923e-17
2.6080781807427485e-17
2.6094349445321047e-17
2.610791708321461e-17
2.6126007267072692e-17
2.6144097450930762e-17
2.6162187634788845e-17
2.6175755272682407e-17
2.6184800364611448e-17
2.619836800250501e-17
2.6216458186363093e-17
2.6230025824256655e-17
2.6243593462150217e-17
2.6252638554079258e-17
2.627072873793734e-17
2.6288818921795424e-17
2.6306909105653506e-17
2.6320476743547068e-17
2.633404438144063e-17
2.634308947336967e-17
2.6356657111263233e-17
2.6379269841085837e-17
2.6388314933014878e-17
2.640640511687296e-17
2.6419972754766523e-17
2.6429017846695564e-17
2.6456153122482688e-17
2.646972076037625e-17
2.647876585230529e-17
2.6501378582127895e-17
2.6510423674056936e-17
2.6519468765985977e-17
2.653755894984406e-17
2.65466040417731e-17
2.6555649133702143e-17
2.6573739317560225e-17
2.6582784409489267e-17
2.659635204738283e-17
2.660991968527639e-17
2.6628009869134473e-17
2.6637054961063515e-17
2.6655145144921597e-17
2.6686802966673242e-17
2.6704893150531325e-17
2.6718460788424887e-17
2.673202842631845e-17
2.675011861017653e-17
2.6763686248070093e-17
2.6786298977892696e-17
2.680438916175078e-17
2.6822479345608862e-17
2.6831524437537903e-17
2.6849614621395986e-17
2.6858659713325027e-17
2.687222735121859e-17
2.688127244314763e-17
2.6890317535076672e-17
2.6899362627005713e-17
2.6921975356828304e-17
2.6940065540686387e-17
2.695815572454447e-17
2.6976245908402552e-17
2.6998858638225155e-17
2.702147136804776e-17
2.703503900594132e-17
2.7048606643834883e-17
2.7066696827692965e-17
2.7080264465586527e-17
2.709835464944461e-17
2.710739974137365e-17
2.7130012471196255e-17
2.7143580109089816e-17
2.7152625201018858e-17
2.717071538487694e-17
2.7184283022770502e-17
2.7193328114699544e-17
2.7206895752593106e-17
2.7252121212238312e-17
2.7261166304167354e-17
2.7288301579954478e-17
2.730186921784804e-17
2.731091430977708e-17
2.7333527039599684e-17
2.7347094677493246e-17
2.737875249924489e-17
2.7387797591173932e-17
2.7405887775032015e-17
2.7419455412925577e-17
2.7428500504854618e-17
2.744206814274818e-17
2.7460158326606263e-17
2.7469203418535304e-17
2.7491816148357908e-17
2.750538378625147e-17
2.751442887818051e-17
2.7523473970109552e-17
2.7532519062038594e-17
2.7546086699932155e-17
2.7559654337825717e-17
2.757322197571928e-17
2.7595834705541883e-17
2.7618447435364486e-17
2.763653761922257e-17
2.764558271115161e-17
2.7663672895009693e-17
2.7677240532903255e-17
2.7699853262725846e-17
2.7708898354654887e-17
2.772246599254845e-17
2.7745078722371052e-17
2.7754123814300094e-17
2.7763168906229135e-17
2.778578163605174e-17
2.780387181990982e-17
2.781291691183886e-17
2.7821962003767904e-17
2.7844574733590507e-17
2.787171000937763e-17
2.788527764727119e-17
2.7898845285164755e-17
2.7907890377093796e-17
2.792598056095188e-17
2.793954819884544e-17
2.7957638382703523e-17
2.7966683474632565e-17
2.798477365849065e-17
2.800738638831325e-17
2.8029999118135854e-17
2.8039044210064895e-17
2.805713439392298e-17
2.807974712374558e-17
2.8093314761639143e-17
2.8102359853568185e-17
2.8115927491461747e-17
2.812949512935531e-17
2.814758531321339e-17
2.8165675497071474e-17
2.8179243134965036e-17
2.81928107728586e-17
2.82154235026812e-17
2.8233513686539284e-17
2.8247081324432846e-17
2.826064896232641e-17
2.828778423811353e-17
2.8305874421971615e-17
2.8314919513900656e-17
2.83239646058297e-17
2.833753224372326e-17
2.835562242758134e-17
2.8364667519510383e-17
2.839180279529751e-17
2.840989297915559e-17
2.842346061704915e-17
2.8437028254942714e-17
2.8446073346871755e-17
2.8455118438800784e-17
2.8468686076694346e-17
2.848677626055243e-17
2.850938899037503e-17
2.8527479174233115e-17
2.8541046812126677e-17
2.856365954194928e-17
2.857270463387832e-17
2.858174972580736e-17
2.8599839909665445e-17
2.861793009352353e-17
2.863149773141709e-17
2.8658633007204214e-17
2.8672200645097776e-17
2.868576828299134e-17
2.869481337492038e-17
2.870385846684942e-17
2.8721948650707503e-17
2.8740038834565586e-17
2.874908392649463e-17
2.876265156438819e-17
2.8789786840175313e-17
2.8807877024033396e-17
2.881692211596244e-17
2.882596720789148e-17
2.884405739174956e-17
2.8862147575607644e-17
2.888476030543025e-17
2.890285048928833e-17
2.892094067314641e-17
2.8934508311039974e-17
2.89616435868271e-17
2.89842563166497e-17
2.899330140857874e-17
2.9006869046472305e-17
2.9015914138401346e-17
2.902495923033039e-17
2.903852686822395e-17
2.905209450611751e-17
2.9074707235940115e-17
2.9083752327869156e-17
2.910184251172724e-17
2.911993269558532e-17
2.9138022879443404e-17
2.9156113063301487e-17
2.917420324715957e-17
2.918777088505313e-17
2.919681597698217e-17
2.9214906160840255e-17
2.9237518890662846e-17
2.924656398259189e-17
2.926013162048545e-17
2.927369925837901e-17
2.9305357080130656e-17
2.932796980995326e-17
2.93370149018823e-17
2.935058253977586e-17
2.9364150177669425e-17
2.9373195269598466e-17
2.938224036152751e-17
2.940033054538559e-17
2.941842072924367e-17
2.9441033459066276e-17
2.945912364292436e-17
2.947269128081792e-17
2.948173637274696e-17
2.9490781464676004e-17
2.9504349102569566e-17
2.953148437835669e-17
2.954957456221477e-17
2.9558619654143814e-17
2.9572187292037375e-17
2.9581232383966417e-17
2.959480002185998e-17
2.961289020571806e-17
2.9635502935540665e-17
2.965359311939875e-17
2.968072839518587e-17
2.968977348711491e-17
2.9707863670972995e-17
2.973499894676012e-17
2.974404403868916e-17
2.975761167658272e-17
2.9784746952369847e-17
2.980283713622793e-17
2.981640477412149e-17
2.9839017503944095e-17
2.985710768780218e-17
2.988876550955382e-17
2.9906855693411905e-17
2.9915900785340946e-17
2.993399096919903e-17
2.995208115305711e-17
2.9974693882879714e-17
2.9983738974808756e-17
2.9992784066737785e-17
3.0006351704631347e-17
3.001991934252491e-17
3.004253207234751e-17
3.0069667348134636e-17
3.010132516988628e-17
3.0123937899708884e-17
3.0142028083566967e-17
3.015107317549601e-17
3.016011826742505e-17
3.016916335935409e-17
3.017820845128313e-17
3.0187253543212173e-17
3.0200821181105735e-17
3.0209866273034777e-17
3.021891136496382e-17
3.023247900285738e-17
3.0255091732679983e-17
3.0264136824609025e-17
3.0273181916538066e-17
3.028674955443163e-17
3.029579464636067e-17
3.030936228425423e-17
3.0322929922147793e-17
3.0341020106005876e-17
3.035911028986396e-17
3.037720047372204e-17
3.0390768111615603e-17
3.0399813203544644e-17
3.0413380841438206e-17
3.044051611722533e-17
3.0463128847047934e-17
3.0472173938976975e-17
3.049026412283506e-17
3.04993092147641e-17
3.05219219445867e-17
3.0530967036515744e-17
3.0540012128444785e-17
3.055357976633835e-17
3.056262485826739e-17
3.058071504212547e-17
3.058976013405451e-17
3.0598805225983554e-17
3.0607850317912595e-17
3.062594050177068e-17
3.063498559369972e-17
3.064855323159328e-17
3.066212086948684e-17
3.0671165961415884e-17
3.070282378316753e-17
3.071639142106109e-17
3.0739004150883694e-17
3.0757094334741777e-17
3.078422961052889e-17
3.081136488631601e-17
3.0824932524209574e-17
3.0838500162103136e-17
3.085659034596122e-17
3.0883725621748343e-17
3.0901815805606426e-17
3.091538344349999e-17
3.092895108139355e-17
3.093799617332259e-17
3.0956086357180674e-17
3.097869908700328e-17
3.098774417893232e-17
3.100131181682588e-17
3.101035690875492e-17
3.1023924546648484e-17
3.1032969638577525e-17
3.106010491436465e-17
3.106915000629369e-17
3.108271764418725e-17
3.1091762736116294e-17
3.1105330374009856e-17
3.1114375465938897e-17
3.112794310383246e-17
3.11369881957615e-17
3.114603328769054e-17
3.115507837961958e-17
3.1168646017513145e-17
3.1177691109442186e-17
3.118673620137123e-17
3.121387147715835e-17
3.1227439115051913e-17
3.1245529298909996e-17
3.125909693680356e-17
3.12681420287326e-17
3.12907547585552e-17
3.1308844942413285e-17
3.132241258030685e-17
3.134050276416493e-17
3.135859294802301e-17
3.1376683131881095e-17
3.140381840766822e-17
3.141738604556178e-17
3.142643113749082e-17
3.1439998775384385e-17
3.1449043867313426e-17
3.146261150520699e-17
3.147617914310055e-17
3.148974678099411e-17
3.1507836964852195e-17
3.15304496946748e-17
3.154401733256835e-17
3.155758497046191e-17
3.157115260835547e-17
3.1584720246249034e-17
3.161637806800068e-17
3.162994570589424e-17
3.163899079782328e-17
3.1657080981681364e-17
3.1670648619574926e-17
3.169778389536205e-17
3.171135153325561e-17
3.1720396625184653e-17
3.1729441717113695e-17
3.176109953886534e-17
3.1792757360616984e-17
3.1801802452546025e-17
3.181989263640411e-17
3.184250536622671e-17
3.1860595550084794e-17
3.1869640642013835e-17
3.1878685733942877e-17
3.188773082587192e-17
3.189677591780096e-17
3.191034355569452e-17
3.1923911193588083e-17
3.1937478831481645e-17
3.1946523923410687e-17
3.197365919919781e-17
3.198270429112685e-17
3.1996271929020414e-17
3.202792975077206e-17
3.20369748427011e-17
3.205506502655918e-17
3.2068632664452744e-17
3.208672284831083e-17
3.209576794023987e-17
3.210933557813343e-17
3.211838067006247e-17
3.2145515945849596e-17
3.21681286756722e-17
3.218621885953028e-17
3.2217876681281926e-17
3.222692177321097e-17
3.224048941110453e-17
3.225405704899809e-17
3.226310214092713e-17
3.2272147232856174e-17
3.2281192324785216e-17
3.230832760057234e-17
3.232189523846589e-17
3.233998542232397e-17
3.2349030514253013e-17
3.238521088196918e-17
3.240782361179178e-17
3.2434958887578906e-17
3.245304907143699e-17
3.247566180125959e-17
3.2498274531082195e-17
3.25208872609048e-17
3.253445489879836e-17
3.2557067628620964e-17
3.2566112720550005e-17
3.2575157812479046e-17
3.258872545037261e-17
3.260229308826617e-17
3.262038327212425e-17
3.264751854791138e-17
3.265656363984042e-17
3.26746538236985e-17
3.2697266553521104e-17
3.2706311645450146e-17
3.272892437527275e-17
3.2760582197024394e-17
3.2769627288953435e-17
3.278771747281152e-17
3.28058076566696e-17
3.281937529456316e-17
3.2832942932456724e-17
3.2846510570350286e-17
3.286460075420837e-17
3.287816839210193e-17
3.289173602999549e-17
3.2905303667889055e-17
3.2914348759818096e-17
3.292791639771166e-17
3.294600658156974e-17
3.29595742194633e-17
3.2968619311392344e-17
3.2982186949285906e-17
3.299123204121495e-17
3.300932222507303e-17
3.302741240893111e-17
3.3045502592789195e-17
3.306359277664728e-17
3.307716041454084e-17
3.308620550646987e-17
3.310429569032795e-17
3.3122385874186034e-17
3.3140476058044117e-17
3.314952114997316e-17
3.31585662419022e-17
3.317213387979576e-17
3.31811789717248e-17
3.3194746609618365e-17
3.321283679347645e-17
3.322188188540549e-17
3.3262584799086175e-17
3.3276152436979737e-17
3.32897200748733e-17
3.330328771276686e-17
3.3325900442589464e-17
3.335755826434111e-17
3.337112590223467e-17
3.3389216086092753e-17
3.3402783723986315e-17
3.3411828815915357e-17
3.342539645380892e-17
3.3443486637667e-17
3.345253172959604e-17
3.3461576821525084e-17
3.3475144459418646e-17
3.348871209731221e-17
3.349775718924125e-17
3.350680228117029e-17
3.352036991906385e-17
3.3538460102921935e-17
3.35520277408155e-17
3.356107283274454e-17
3.357916301660262e-17
3.3606298292389745e-17
3.362438847624783e-17
3.364247866010591e-17
3.365152375203495e-17
3.3665091389928514e-17
3.3683181573786596e-17
3.370127175764468e-17
3.3732929579396324e-17
3.3741974671325365e-17
3.376006485518345e-17
3.377815503904153e-17
3.379624522289961e-17
3.3805290314828654e-17
3.383242559061578e-17
3.384599322850934e-17
3.385956086640289e-17
3.3882173596225493e-17
3.3891218688154535e-17
3.3900263780083576e-17
3.390930887201262e-17
3.391835396394166e-17
3.394096669376426e-17
3.3954534331657824e-17
3.399071469937399e-17
3.399975979130303e-17
3.401332742919659e-17
3.4031417613054675e-17
3.4040462704983716e-17
3.405403034287728e-17
3.407664307269988e-17
3.4094733256557964e-17
3.4103778348487006e-17
3.411282344041605e-17
3.413091362427413e-17
3.413995871620317e-17
3.415352635409673e-17
3.418518417584838e-17
3.419875181374194e-17
3.421684199760002e-17
3.4230409635493584e-17
3.425754491128071e-17
3.427111254917427e-17
3.428920273303235e-17
3.4320860554784e-17
3.432990564671304e-17
3.4361563468464684e-17
3.4384176198287287e-17
3.439774383618085e-17
3.442035656600345e-17
3.4433924203897014e-17
3.4442969295826055e-17
3.445653693371962e-17
3.446558202564866e-17
3.448367220950674e-17
3.4497239847400303e-17
3.452437512318743e-17
3.453794276108099e-17
3.455603294493907e-17
3.459221331265524e-17
3.461030349651332e-17
3.462387113440687e-17
3.464196131826495e-17
3.4664574048087556e-17
3.46736191400166e-17
3.468266423194564e-17
3.470527696176824e-17
3.4723367145626324e-17
3.4736934783519886e-17
3.474597987544893e-17
3.475502496737797e-17
3.476859260527153e-17
3.4804772972987696e-17
3.481834061088126e-17
3.48499984326329e-17
3.4859043524561944e-17
3.4877133708420027e-17
3.489522389227811e-17
3.491331407613619e-17
3.4926881714029754e-17
3.4940449351923316e-17
3.494949444385236e-17
3.496758462771044e-17
3.4994719903497564e-17
3.5008287541391126e-17
3.502637772524921e-17
3.503994536314277e-17
3.504899045507181e-17
3.5067080638929895e-17
3.5080648276823457e-17
3.510778355261058e-17
3.511682864453962e-17
3.5139441374362225e-17
3.516657665014935e-17
3.517562174207839e-17
3.5198234471900994e-17
3.5207279563830035e-17
3.5216324655759077e-17
3.522536974768812e-17
3.524798247751072e-17
3.5261550115404283e-17
3.5270595207333324e-17
3.5279640299262366e-17
3.530225302908497e-17
3.532034321294305e-17
3.5338433396801134e-17
3.536104612662374e-17
3.537913631048182e-17
3.539722649433989e-17
3.5419839224162494e-17
3.5437929408020577e-17
3.544697449994962e-17
3.545601959187866e-17
3.547410977573674e-17
3.5492199959594825e-17
3.5505767597488387e-17
3.553290287327551e-17
3.5555515603098114e-17
3.5573605786956197e-17
3.558265087888524e-17
3.55962185167788e-17
3.560978615467236e-17
3.5623353792565924e-17
3.5632398884494965e-17
3.564596652238853e-17
3.565953416028209e-17
3.566857925221113e-17
3.5691191982033734e-17
3.5709282165891816e-17
3.573189489571442e-17
3.575450762553702e-17
3.5772597809395106e-17
3.579068799325319e-17
3.580425563114675e-17
3.581330072307579e-17
3.5826868360969354e-17
3.5835913452898395e-17
3.584948109079196e-17
3.586304872868552e-17
3.58811389125436e-17
3.5903751642366205e-17
3.5912796734295246e-17
3.592636437218881e-17
3.594445455604689e-17
3.595349964797593e-17
3.5967067285869494e-17
3.5980634923763056e-17
3.599420256165662e-17
3.60122927455147e-17
3.6034905475337304e-17
3.607108584305347e-17
3.608917602691155e-17
3.6098221118840593e-17
3.6107266210769635e-17
3.6120833848663197e-17
3.613440148655676e-17
3.614796912445032e-17
3.6166059308308403e-17
3.6184149492166474e-17
3.6193194584095515e-17
3.620676222198908e-17
3.622937495181168e-17
3.624294258970524e-17
3.6261032773563325e-17
3.627460041145689e-17
3.629269059531497e-17
3.630625823320853e-17
3.6319825871102094e-17
3.6337916054960176e-17
3.634696114688922e-17
3.635600623881826e-17
3.63650513307473e-17
3.637861896864086e-17
3.6396709152498945e-17
3.6410276790392507e-17
3.641932188232155e-17
3.644193461214415e-17
3.6460024796002234e-17
3.6473592433895796e-17
3.648716007178936e-17
3.650072770968292e-17
3.6545953169328127e-17
3.656404335318621e-17
3.657761099107977e-17
3.658665608300881e-17
3.6595701174937854e-17
3.6613791358795937e-17
3.66273589966895e-17
3.66499717265121e-17
3.6672584456334705e-17
3.669067464019279e-17
3.669971973212183e-17
3.670876482405087e-17
3.672233246194443e-17
3.6735900099837995e-17
3.6744945191767036e-17
3.676303537562512e-17
3.679017065141224e-17
3.6799215743341284e-17
3.682182847316389e-17
3.683087356509293e-17
3.683991865702197e-17
3.685800884088005e-17
3.6867053932809094e-17
3.68896666626317e-17
3.69122793924543e-17
3.692584703034786e-17
3.6939414668241424e-17
3.6948459760170453e-17
3.697559503595758e-17
3.698916267385114e-17
3.70027303117447e-17
3.7020820495602784e-17
3.7029865587531825e-17
3.705247831735443e-17
3.706604595524799e-17
3.7088658685070594e-17
3.7106748868928677e-17
3.711579396085772e-17
3.712936159875128e-17
3.713840669068032e-17
3.714745178260936e-17
3.7156496874538404e-17
3.7165541966467445e-17
3.7174587058396487e-17
3.718815469629005e-17
3.720624488014813e-17
3.721528997207717e-17
3.7224335064006214e-17
3.725599288575786e-17
3.72650379776869e-17
3.727408306961594e-17
3.7287650707509503e-17
3.7305740891367586e-17
3.731478598329663e-17
3.7360011442941834e-17
3.7373579080835396e-17
3.738714671872896e-17
3.740975944855156e-17
3.74188045404806e-17
3.7432372178374164e-17
3.745046236223225e-17
3.745950745416129e-17
3.746855254609033e-17
3.749116527591293e-17
3.751830055170006e-17
3.754091328152266e-17
3.755448091941622e-17
3.759066128713239e-17
3.761327401695499e-17
3.762684165484855e-17
3.7644931838706636e-17
3.7653976930635677e-17
3.766754456852924e-17
3.769467984431636e-17
3.7703724936245404e-17
3.7712770028174445e-17
3.7726337666067995e-17
3.774442784992608e-17
3.775799548781964e-17
3.778060821764224e-17
3.7803220947464846e-17
3.781226603939389e-17
3.783487876921649e-17
3.784844640711005e-17
3.7857491499039094e-17
3.787558168289718e-17
3.789819441271978e-17
3.791628459657786e-17
3.794794241832951e-17
3.795698751025855e-17
3.796603260218759e-17
3.798412278604567e-17
3.7997690423939235e-17
3.8011258061832797e-17
3.802934824569088e-17
3.803839333761992e-17
3.804743842954896e-17
3.8065528613407045e-17
3.8074573705336086e-17
3.808814134322965e-17
3.810170898112321e-17
3.811527661901677e-17
3.816050207866198e-17
3.816954717059102e-17
3.818311480848458e-17
3.8196682446378144e-17
3.8214772630236227e-17
3.824643045198787e-17
3.8264520635845954e-17
3.8278088273739516e-17
3.830522354952664e-17
3.832331373338472e-17
3.835949410110089e-17
3.838662937688801e-17
3.8395674468817053e-17
3.8418287198639657e-17
3.84273322905687e-17
3.844089992846226e-17
3.845899011232034e-17
3.8477080296178425e-17
3.8486125388107466e-17
3.8499693026001016e-17
3.852230575582362e-17
3.853587339371718e-17
3.8549441031610743e-17
3.8558486123539785e-17
3.8572053761433347e-17
3.858109885336239e-17
3.859014394529143e-17
3.860371158318499e-17
3.861275667511403e-17
3.8630846858972115e-17
3.865345958879472e-17
3.866702722668828e-17
3.867607231861732e-17
3.8689639956510884e-17
3.8703207594404446e-17
3.871225268633349e-17
3.873938796212061e-17
3.8762000691943215e-17
3.8771045783872256e-17
3.878913596773034e-17
3.880722615158842e-17
3.8820793789481983e-17
3.885245161123363e-17
3.886149670316267e-17
3.8893154524914314e-17
3.8906722162807876e-17
3.892028980070144e-17
3.892933489263048e-17
3.895194762245308e-17
3.8970037806311165e-17
3.898812799016925e-17
3.899717308209829e-17
3.901526326595637e-17
3.9033353449814454e-17
3.9042398541743496e-17
3.906953381753062e-17
3.90876240013887e-17
3.9101191639282264e-17
3.912380436910487e-17
3.914641709892747e-17
3.915546219085651e-17
3.9164507282785554e-17
3.9178074920679116e-17
3.920068765050172e-17
3.921425528839528e-17
3.922782292628884e-17
3.9241390564182405e-17
3.9254958202075955e-17
3.9264003294004996e-17
3.927304838593404e-17
3.929113856979212e-17
3.930018366172116e-17
3.9331841483472806e-17
3.934540912136637e-17
3.940872476486966e-17
3.942229240276322e-17
3.943133749469226e-17
3.94403825866213e-17
3.944942767855034e-17
3.9462995316443905e-17
3.9472040408372946e-17
3.948560804626651e-17
3.950369823012459e-17
3.9521788413982674e-17
3.9535356051876236e-17
3.955796878169884e-17
3.95715364195924e-17
3.958058151152144e-17
3.9603194241344046e-17
3.961676187923761e-17
3.963485206309569e-17
3.964841970098925e-17
3.9661987338882814e-17
3.9675554976776376e-17
3.969364516063446e-17
3.97026902525635e-17
3.9738870620279665e-17
3.9747915712208707e-17
3.976600589606679e-17
3.977957353396035e-17
3.9793141171853913e-17
3.9802186263782955e-17
3.9811231355711996e-17
3.984288917746364e-17
3.9860979361321723e-17
3.9874546999215285e-17
3.989263718307337e-17
3.9928817550789533e-17
3.9937862642718575e-17
3.9946907734647616e-17
3.995595282657666e-17
3.9996655740257343e-17
4.0019268470079947e-17
4.0032836107973496e-17
4.005997138376062e-17
4.007353902165418e-17
4.0096151751476786e-17
4.010971938937035e-17
4.012328702726391e-17
4.014137721112199e-17
4.0163989940944595e-17
4.0173035032873637e-17
4.01866026707672e-17
4.021373794655432e-17
4.0222783038483364e-17
4.0231828130412405e-17
4.024539576830597e-17
4.026800849812857e-17
4.0286098681986653e-17
4.0308711411809257e-17
4.032227904970282e-17
4.0353936871454463e-17
4.0372027055312546e-17
4.039011723917063e-17
4.039916233109967e-17
4.041272996899323e-17
4.0430820152851315e-17
4.04489103367094e-17
4.046247797460296e-17
4.0471523066532e-17
4.0489613250390083e-17
4.0503180888283645e-17
4.052579361810625e-17
4.053936125599981e-17
4.055292889389337e-17
4.058458671564502e-17
4.059363180757406e-17
4.061624453739666e-17
4.0643379813183786e-17
4.066599254300639e-17
4.068408272686447e-17
4.0702172910722554e-17
4.0711218002651596e-17
4.072930818650968e-17
4.073835327843872e-17
4.075192091633228e-17
4.076096600826132e-17
4.0770011100190364e-17
4.081071401387104e-17
4.081975910580008e-17
4.084237183562268e-17
4.0851416927551724e-17
4.0864984565445286e-17
4.087855220333885e-17
4.089211984123241e-17
4.0914732571055013e-17
4.0928300208948575e-17
4.094186784684214e-17
4.095995803070022e-17
4.097352566859378e-17
4.0987093306487344e-17
4.0996138398416385e-17
4.1005183490345426e-17
4.102327367420351e-17
4.103684131209707e-17
4.1059454041919674e-17
4.1068499133848716e-17
4.10865893177068e-17
4.110015695560036e-17
4.111372459349392e-17
4.1122769685422964e-17
4.1131814777352005e-17
4.114538241524557e-17
4.115895005313913e-17
4.117251769103269e-17
4.118608532892625e-17
4.1199652966819815e-17
4.12177431506779e-17
4.123583333453598e-17
4.124940097242954e-17
4.1272013702252146e-17
4.128558134014571e-17
4.131271661593283e-17
4.132176170786187e-17
4.1335329345755435e-17
4.136246462154256e-17
4.13715097134716e-17
4.138055480540064e-17
4.1398644989258724e-17
4.1407690081187765e-17
4.142578026504585e-17
4.144839299486845e-17
4.1461960632762013e-17
4.1475528270655575e-17
4.148909590854914e-17
4.152075373030078e-17
4.1534321368194344e-17
4.157050173591051e-17
4.157954682783954e-17
4.1629294833449266e-17
4.164738501730735e-17
4.166095265520091e-17
4.1692610476952555e-17
4.171522320677516e-17
4.173331339063324e-17
4.1760448666420365e-17
4.1774016304313927e-17
4.179662903413653e-17
4.181019667203009e-17
4.1823764309923654e-17
4.184637703974626e-17
4.185994467763982e-17
4.187351231553338e-17
4.1887079953426943e-17
4.191873777517859e-17
4.192778286710763e-17
4.193682795903667e-17
4.194587305096571e-17
4.1968485780788315e-17
4.198205341868188e-17
4.201371124043352e-17
4.204989160814969e-17
4.205893670007873e-17
4.207702688393681e-17
4.2090594521830373e-17
4.2113207251652977e-17
4.212225234358202e-17
4.213129743551106e-17
4.21403425274401e-17
4.215391016533366e-17
4.2167477803227224e-17
4.221722580883695e-17
4.2230793446730514e-17
4.2239838538659555e-17
4.2248883630588596e-17
4.228054145234024e-17
4.2303154182162844e-17
4.2312199274091886e-17
4.232124436602093e-17
4.233028945794997e-17
4.235290218777256e-17
4.2384560009524204e-17
4.241169528531133e-17
4.2447875653027493e-17
4.2456920744956535e-17
4.247501092881462e-17
4.248405602074366e-17
4.249762365863722e-17
4.251119129653078e-17
4.2524758934424345e-17
4.2533804026353386e-17
4.254284911828243e-17
4.255641675617599e-17
4.256546184810503e-17
4.257450694003407e-17
4.2592597123892154e-17
4.261520985371476e-17
4.26468676754664e-17
4.2660435313359964e-17
4.2674002951253526e-17
4.268757058914709e-17
4.270113822704065e-17
4.2732796048792295e-17
4.2741841140721336e-17
4.27554087786149e-17
4.276445387054394e-17
4.278254405440202e-17
4.2796111692295584e-17
4.2805156784224626e-17
4.281420187615367e-17
4.283229206001175e-17
4.284133715194079e-17
4.285490478983435e-17
4.2863949881763394e-17
4.2872994973692436e-17
4.2886562611586e-17
4.291369788737312e-17
4.2931788071231204e-17
4.2945355709124766e-17
4.296344589298285e-17
4.298153607684093e-17
4.3004148806663535e-17
4.302223899052162e-17
4.30403291743797e-17
4.3071986996131345e-17
4.309459972595395e-17
4.310364481788299e-17
4.311268990981202e-17
4.312625754770558e-17
4.313982518559914e-17
4.3162437915421746e-17
4.317600555331531e-17
4.318505064524435e-17
4.320766337506695e-17
4.3230276104889556e-17
4.324384374278312e-17
4.32619339266412e-17
4.3293591748392845e-17
4.332072702417997e-17
4.334333975400257e-17
4.3361429937860655e-17
4.337952012171874e-17
4.340665539750586e-17
4.3420223035399423e-17
4.3433790673292985e-17
4.3442835765222027e-17
4.345640340311559e-17
4.346997104100915e-17
4.348353867890271e-17
4.3501628862760795e-17
4.351971904661888e-17
4.354233177644148e-17
4.3564944506264085e-17
4.358303469012217e-17
4.359207978205121e-17
4.360564741994477e-17
4.3628260149767374e-17
4.3646350333625457e-17
4.365991797151902e-17
4.36780081553771e-17
4.3691575793270663e-17
4.3709665977128746e-17
4.375489143677395e-17
4.3768459074667514e-17
4.379107180449012e-17
4.380011689641916e-17
4.38091619883482e-17
4.3831774718170804e-17
4.3845342356064366e-17
4.386343253992245e-17
4.387247763185149e-17
4.388152272378053e-17
4.390413545360312e-17
4.3922225637461205e-17
4.394483836728381e-17
4.395840600517737e-17
4.397197364307093e-17
4.3985541280964494e-17
4.40081540107871e-17
4.401719910271614e-17
4.402624419464518e-17
4.403981183253874e-17
4.4062424562361345e-17
4.408955983814847e-17
4.4121217659900114e-17
4.414835293568724e-17
4.415739802761628e-17
4.418001075743888e-17
4.4189055849367924e-17
4.4198100941296965e-17
4.421166857919053e-17
4.423880385497765e-17
4.4265939130764775e-17
4.4274984222693816e-17
4.42930744065519e-17
4.430664204444546e-17
4.4329254774268064e-17
4.4342822412161626e-17
4.435639005005519e-17
4.437448023391327e-17
4.4397092963735874e-17
4.4424228239523e-17
4.443779587741656e-17
4.445136351531012e-17
4.4460408607239164e-17
4.4473976245132726e-17
4.448754388302629e-17
4.450563406688437e-17
4.452372425074245e-17
4.4541814434600536e-17
4.45553820724941e-17
4.459156244021026e-17
4.4600607532139304e-17
4.4614175170032866e-17
4.462322026196191e-17
4.463226535389095e-17
4.464131044581999e-17
4.465940062967806e-17
4.4695580997394226e-17
4.470462608932327e-17
4.471819372721683e-17
4.472723881914587e-17
4.4749851548968474e-17
4.477246427879108e-17
4.478603191668464e-17
4.481316719247176e-17
4.4822212284400804e-17
4.4831257376329846e-17
4.484934756018793e-17
4.4894573019833135e-17
4.4908140657726697e-17
4.49307533875493e-17
4.494432102544286e-17
4.4953366117371904e-17
4.4966933755265465e-17
4.498050139315903e-17
4.499859157701711e-17
4.501668176087519e-17
4.5030249398768755e-17
4.505286212859136e-17
4.507095231244944e-17
4.507999740437848e-17
4.5098087588236565e-17
4.5107132680165606e-17
4.512070031805917e-17
4.513426795595273e-17
4.518401596156246e-17
4.51930610534915e-17
4.521115123734958e-17
4.5229241421207664e-17
4.5238286513136705e-17
4.526089924295931e-17
4.527898942681739e-17
4.5297079610675474e-17
4.531969234049808e-17
4.533778252435616e-17
4.535135016224972e-17
4.5360395254178763e-17
4.5378485438036846e-17
4.538753052996589e-17
4.540109816785945e-17
4.541466580575301e-17
4.542371089768205e-17
4.543275598961108e-17
4.5446323627504643e-17
4.547345890329177e-17
4.548250399522081e-17
4.549607163311437e-17
4.550511672504341e-17
4.5527729454866015e-17
4.555486473065314e-17
4.55684323685467e-17
4.557747746047574e-17
4.5591045098369305e-17
4.5604612736262867e-17
4.563627055801451e-17
4.5649838195908073e-17
4.5672450925730677e-17
4.568601856362424e-17
4.569506365555328e-17
4.5726721477304925e-17
4.575837929905657e-17
4.5799082212737255e-17
4.581717239659534e-17
4.5853352764311503e-17
4.5871442948169586e-17
4.588953313202767e-17
4.590762331588575e-17
4.591666840781479e-17
4.5934758591672875e-17
4.5943803683601916e-17
4.595737132149548e-17
4.597998405131808e-17
4.5993551689211644e-17
4.6011641873069726e-17
4.604782224078589e-17
4.6061389878679454e-17
4.6070434970608495e-17
4.611113788428918e-17
4.6133750614111784e-17
4.616540843586343e-17
4.618349861972151e-17
4.6219678987437664e-17
4.624681426322479e-17
4.6278472084976433e-17
4.6301084814799036e-17
4.633274263655068e-17
4.634631027444424e-17
4.637796809619589e-17
4.640058082601849e-17
4.6427716101805615e-17
4.64458062856637e-17
4.645937392355726e-17
4.647294156145082e-17
4.651364447513151e-17
4.652721211302507e-17
4.653625720495411e-17
4.654982484284767e-17
4.659052775652836e-17
4.65995728484574e-17
4.660861794038644e-17
4.6622185578280003e-17
4.6631230670209045e-17
4.664932085406713e-17
4.666288849196069e-17
4.6699068859676855e-17
4.671715904353494e-17
4.674429431932206e-17
4.6757861957215623e-17
4.6775952141073706e-17
4.679856487089631e-17
4.682117760071891e-17
4.6839267784576995e-17
4.6848312876506037e-17
4.68618805143996e-17
4.687544815229316e-17
4.68844932442222e-17
4.6898060882115764e-17
4.6916151065973847e-17
4.693876379579645e-17
4.695685397965453e-17
4.6965899071583574e-17
4.6974944163512615e-17
4.6983989255441644e-17
4.700660198526425e-17
4.702016962315781e-17
4.703373726105137e-17
4.7065395082803016e-17
4.711062054244822e-17
4.7119665634377264e-17
4.7133233272270826e-17
4.714680091016439e-17
4.715584600209343e-17
4.716489109402247e-17
4.717845873191603e-17
4.7205594007703157e-17
4.722368419156124e-17
4.724629692138384e-17
4.7259864559277405e-17
4.7273432197170967e-17
4.730509001892261e-17
4.7323180202780694e-17
4.7332225294709735e-17
4.735031547856782e-17
4.735936057049686e-17
4.7395540938213024e-17
4.7409108576106586e-17
4.7454334035751793e-17
4.7467901673645355e-17
4.749503694943248e-17
4.751312713329056e-17
4.75221722252196e-17
4.7540262409077686e-17
4.755835259293577e-17
4.757192023082933e-17
4.759001041468741e-17
4.7603578052580975e-17
4.762166823643906e-17
4.763523587433262e-17
4.7666893696084264e-17
4.768950642590687e-17
4.7743776977481116e-17
4.7757344615374665e-17
4.777543479923275e-17
4.780709262098439e-17
4.7816137712913434e-17
4.784327298870056e-17
4.785684062659412e-17
4.787040826448768e-17
4.7888498448345764e-17
4.790658863220385e-17
4.792015627009741e-17
4.793372390799097e-17
4.794276899992001e-17
4.797894936763618e-17
4.799703955149426e-17
4.801060718938782e-17
4.8028697373245905e-17
4.8037742465174946e-17
4.805583264903303e-17
4.807844537885563e-17
4.8096535562713715e-17
4.8110103200607277e-17
4.81372384763944e-17
4.8159851206217004e-17
4.821864430375577e-17
4.8232211941649335e-17
4.8241257033578376e-17
4.827743740129454e-17
4.8291005039188103e-17
4.8309095223046186e-17
4.831814031497523e-17
4.832718540690427e-17
4.833623049883331e-17
4.835432068269139e-17
4.8363365774620434e-17
4.8372410866549475e-17
4.840406868830112e-17
4.841763632619468e-17
4.8435726510052765e-17
4.845381669391085e-17
4.847642942373345e-17
4.8512609791449616e-17
4.8535222521272207e-17
4.855331270513029e-17
4.857592543495289e-17
4.8584970526881934e-17
4.8594015618810976e-17
4.860758325670454e-17
4.862567344056262e-17
4.86437636244207e-17
4.867994399213687e-17
4.870255672195947e-17
4.8720646905817554e-17
4.8738737089675637e-17
4.874778218160468e-17
4.876587236546276e-17
4.877944000335632e-17
4.8802052733178926e-17
4.881109782510797e-17
4.883371055493057e-17
4.8856323284753174e-17
4.8874413468611257e-17
4.89060712903629e-17
4.8942251658079067e-17
4.895581929597263e-17
4.898295457175975e-17
4.9001044755617835e-17
4.902365748544044e-17
4.904627021526304e-17
4.9055315307192083e-17
4.9073405491050166e-17
4.909601822087277e-17
4.910506331280181e-17
4.911410840473085e-17
4.9127676042624414e-17
4.915481131841154e-17
4.91683789563051e-17
4.918646914016318e-17
4.9195514232092224e-17
4.921812696191483e-17
4.924978478366647e-17
4.9267874967524554e-17
4.928596515138264e-17
4.931762297313427e-17
4.932666806506331e-17
4.933571315699235e-17
4.9358325886814955e-17
4.938546116260208e-17
4.940807389242468e-17
4.9426164076282765e-17
4.946686698996345e-17
4.9484957173821534e-17
4.9503047357679616e-17
4.952566008750222e-17
4.953922772539578e-17
4.9566363001182906e-17
4.958897573100551e-17
4.960706591486359e-17
4.961611100679263e-17
4.964776882854428e-17
4.9688471742224964e-17
4.9697516834154005e-17
4.971108447204757e-17
4.972465210994113e-17
4.975178738572825e-17
4.9760832477657294e-17
4.9778922661515377e-17
4.979701284537346e-17
4.981058048326702e-17
4.9846760850983187e-17
4.987389612677031e-17
4.9896508856592914e-17
4.9910076494486476e-17
4.992364413238004e-17
4.99372117702736e-17
4.9964347046060724e-17
4.9982437229918807e-17
5.000052741377689e-17
5.0050275419386617e-17
5.007741069517373e-17
5.008645578710277e-17
5.010002342499633e-17
5.0127158700783456e-17
5.014524888464154e-17
5.016333906849962e-17
5.017690670639318e-17
5.0185951798322224e-17
5.0199519436215786e-17
5.021308707410935e-17
5.022665471200291e-17
5.024474489586099e-17
5.0271880171648117e-17
5.028092526357716e-17
5.029901544743524e-17
5.030806053936428e-17
5.034424090708045e-17
5.041207909654826e-17
5.042564673444182e-17
5.0452782010228943e-17
5.0461827102157985e-17
5.048443983198059e-17
5.050705256180319e-17
5.0525142745661274e-17
5.0538710383554836e-17
5.05522780214484e-17
5.057036820530648e-17
5.0602026027058125e-17
5.062011621091621e-17
5.063368384880977e-17
5.064725148670333e-17
5.0656296578632373e-17
5.0674386762490456e-17
5.071056713020662e-17
5.0746747497922786e-17
5.075579258985183e-17
5.076936022774539e-17
5.078745041160347e-17
5.081910823335512e-17
5.082815332528416e-17
5.086885623896483e-17
5.0900514060716477e-17
5.091860424457456e-17
5.0954784612290725e-17
5.098191988807785e-17
5.100905516386497e-17
5.1027145347723055e-17
5.104523553158114e-17
5.107237080736826e-17
5.1090460991226344e-17
5.1099506083155386e-17
5.111759626701347e-17
5.114020899683607e-17
5.1167344272623196e-17
5.118091191051676e-17
5.12125697322684e-17
5.1221614824197444e-17
5.126684028384265e-17
5.1298498105594295e-17
5.131658828945238e-17
5.134824611120402e-17
5.1366336295062105e-17
