4.2720604755294875e-19
5.29679732430499e-19
7.346271021856241e-19
9.395744719407493e-19
1.093284999257087e-18
1.1957586841346495e-18
1.4007060538897747e-18
1.503179738767325e-18
1.6056534236448998e-18
1.70812710852245e-18
1.9643113207163503e-18
2.0667850055939252e-18
2.1692586904714755e-18
2.3229692177878255e-18
2.476679745104163e-18
2.7328639572980634e-18
2.835337642175626e-18
3.040285011930751e-18
3.1427586968083014e-18
3.3477060665634265e-18
3.450179751440989e-18
3.603890278757327e-18
3.706363963634902e-18
3.808837648512452e-18
3.962548175828802e-18
4.167495545583915e-18
4.3212060729002524e-18
4.5261534426553776e-18
4.62862712753294e-18
4.731100812410503e-18
4.8848113397268404e-18
5.0897587094819655e-18
5.192232394359528e-18
5.345942921675866e-18
5.448416606553428e-18
5.550890291430991e-18
5.807074503624891e-18
6.012021873380004e-18
6.216969243135129e-18
6.370679770451479e-18
6.575627140206604e-18
6.6781008250841545e-18
6.88304819483928e-18
7.13923240703318e-18
7.241706091910743e-18
7.39541661922708e-18
7.54912714654343e-18
7.80531135873733e-18
7.959021886053668e-18
8.163969255808793e-18
8.317679783125131e-18
8.420153468002694e-18
8.522627152880256e-18
8.727574522635381e-18
8.881285049951719e-18
9.034995577268057e-18
9.137469262145619e-18
9.239942947023182e-18
9.444890316778307e-18
9.752311371410982e-18
9.957258741166107e-18
1.0213442953360008e-17
1.031591663823757e-17
1.0469627165553908e-17
1.0572100850431483e-17
1.0777048220186596e-17
1.0879521905064158e-17
1.1135706117258058e-17
1.1289416644574409e-17
1.1443127171890734e-17
1.1699311384084634e-17
1.1801785068962209e-17
1.216044296603366e-17
1.231415349335001e-17
1.246786402066636e-17
1.2621574547982685e-17
1.272404823286026e-17
1.282652191773781e-17
1.2928995602615373e-17
1.3031469287492935e-17
1.3133942972370498e-17
1.333889034212561e-17
1.349260086944196e-17
1.3646311396758298e-17
1.3800021924074636e-17
1.390249560895221e-17
1.400496929382976e-17
1.431239034846245e-17
1.4517337718217562e-17
1.4671048245533912e-17
1.4773521930411462e-17
1.4927232457727812e-17
1.5080942985044162e-17
1.5234653512360487e-17
1.5439600882115612e-17
1.5593311409431962e-17
1.5695785094309513e-17
1.5849495621625863e-17
1.60032061489422e-17
1.6208153518697326e-17
1.6310627203574888e-17
1.6464337730891226e-17
1.666928510064634e-17
1.6771758785523914e-17
1.7130416682595364e-17
1.733536405235049e-17
1.7540311422105614e-17
1.7642785106983177e-17
1.774525879186074e-17
1.7898969319177077e-17
1.8103916688932202e-17
1.825762721624854e-17
1.8462574586003665e-17
1.8718758798197565e-17
1.8872469325513915e-17
1.8974943010391466e-17
1.928236406502414e-17
1.9538548277218054e-17
1.969225880453439e-17
1.9794732489411954e-17
1.9897206174289516e-17
2.0102153544044642e-17
2.025586407136098e-17
2.0358337756238542e-17
2.0563285125993667e-17
2.0716995653310005e-17
2.0819469338187567e-17
2.1178127235259018e-17
2.143431144745293e-17
2.1588021974769268e-17
2.1741732502085618e-17
2.1844206186963168e-17
2.210039039915707e-17
2.2202864084034643e-17
2.2305337768912194e-17
2.2459048296228544e-17
2.2561521981106094e-17
2.276646935086122e-17
2.2868943035738782e-17
2.3125127247932694e-17
2.3227600932810244e-17
2.3381311460126594e-17
2.3483785145004145e-17
2.3586258829881707e-17
2.368873251475927e-17
2.394491672695317e-17
2.420110093914707e-17
2.4303574624024633e-17
2.445728515134097e-17
2.461099567865732e-17
2.4815943048412446e-17
2.4918416733289996e-17
2.5072127260606346e-17
2.5225837787922684e-17
2.537954831523902e-17
2.553325884255537e-17
2.5635732527432922e-17
2.5891916739626822e-17
2.6045627266943172e-17
2.6148100951820735e-17
2.6353048321575847e-17
2.6506758848892173e-17
2.6711706218647322e-17
2.6814179903524873e-17
2.6916653588402423e-17
2.7121600958157573e-17
2.7377785170351448e-17
2.7480258855229023e-17
2.7582732540106598e-17
2.7736443067422924e-17
2.7838916752300474e-17
2.794139043717805e-17
2.819757464937195e-17
2.83000483342495e-17
2.845375886156585e-17
2.86074693888822e-17
2.88124167586373e-17
2.8966127285953674e-17
2.9171074655708775e-17
2.93760220254639e-17
2.952973255278025e-17
2.9683443080096575e-17
2.9888390449851725e-17
3.0093337819606826e-17
3.024704834692315e-17
3.034952203180075e-17
3.0503232559117076e-17
3.0605706243994626e-17
3.081065361374975e-17
3.09643641410661e-17
3.11693115108212e-17
3.157920625033145e-17
3.1681679935209e-17
3.17841536200866e-17
3.188662730496415e-17
3.19891009898417e-17
3.214281151715803e-17
3.224528520203563e-17
3.239899572935195e-17
3.25014694142295e-17
3.265517994154583e-17
3.28088904688622e-17
3.296260099617853e-17
3.306507468105608e-17
3.3218785208372453e-17
3.337249573568878e-17
3.3526206263005104e-17
3.367991679032148e-17
3.3833627317637804e-17
3.398733784495413e-17
3.4141048372270504e-17
3.4243522057148054e-17
3.4345995742025604e-17
3.4448469426903155e-17
3.4602179954219505e-17
3.480712732397463e-17
3.506331153616853e-17
3.5165785221046105e-17
3.531949574836243e-17
3.542196943323998e-17
3.5524443118117556e-17
3.5678153645433906e-17
3.5883101015189006e-17
3.598557470006658e-17
3.6088048384944156e-17
3.6190522069821706e-17
3.6395469439576807e-17
3.649794312445438e-17
3.665165365177073e-17
3.675412733664828e-17
3.690783786396461e-17
3.7010311548842207e-17
3.716402207615853e-17
3.726649576103608e-17
3.736896944591363e-17
3.757391681566878e-17
3.767639050054633e-17
3.783010102786266e-17
3.803504839761781e-17
3.8291232609811683e-17
3.849617997956683e-17
3.864989050688316e-17
3.8803601034199484e-17
3.9008548403954634e-17
3.916225893127096e-17
3.9418443143464884e-17
3.9520916828342434e-17
3.9623390513219984e-17
3.9777101040536334e-17
3.998204841029146e-17
4.0135758937607785e-17
4.0340706307362935e-17
4.049441683467926e-17
4.0648127361995585e-17
4.0853074731750735e-17
4.100678525906706e-17
4.1160495786383386e-17
4.131420631369976e-17
4.141667999857731e-17
4.151915368345486e-17
4.167286421077121e-17
4.1775337895648786e-17
4.1980285265403886e-17
4.213399579272021e-17
4.233894316247536e-17
4.244141684735291e-17
4.254389053223046e-17
4.264636421710804e-17
4.280007474442439e-17
4.290254842930194e-17
4.305625895661826e-17
4.315873264149586e-17
4.326120632637341e-17
4.346615369612851e-17
4.361986422344489e-17
4.377357475076121e-17
4.413223264783269e-17
4.4285943175149013e-17
4.4388416860026564e-17
4.4490890544904114e-17
4.464460107222049e-17
4.474707475709804e-17
4.4900785284414364e-17
4.5105732654169514e-17
4.5208206339047064e-17
4.536191686636339e-17
4.5515627393679764e-17
4.587428529075119e-17
4.607923266050634e-17
4.618170634538389e-17
4.6335416872700215e-17
4.648912740001659e-17
4.669407476977169e-17
4.679654845464924e-17
4.6950258981965616e-17
4.710396950928194e-17
4.7257680036598266e-17
4.7462627406353416e-17
4.771881161854729e-17
4.782128530342484e-17
4.7974995830741217e-17
4.817994320049632e-17
4.828241688537387e-17
4.8384890570251467e-17
4.853860109756779e-17
4.864107478244534e-17
4.879478530976169e-17
4.899973267951682e-17
4.910220636439437e-17
4.920468004927192e-17
4.930715373414952e-17
4.946086426146584e-17
4.961457478878217e-17
4.971704847365972e-17
4.9973232685853644e-17
5.012694321316997e-17
5.0229416898047544e-17
5.0383127425363894e-17
5.0485601110241444e-17
5.069054847999657e-17
5.084425900731292e-17
5.0997969534629245e-17
5.1202916904384394e-17
5.135662743170072e-17
