3.664342312707092e-19
3.8097987766973886e-19
3.955255240687685e-19
4.1007117046779813e-19
4.2461681686681544e-19
4.391624632658451e-19
4.488595608652023e-19
4.634052072642196e-19
4.779508536632492e-19
4.924965000622788e-19
5.118906952609809e-19
5.264363416600106e-19
5.409819880590279e-19
5.506790856583851e-19
5.700732808570871e-19
5.797703784564443e-19
6.137102200541637e-19
6.42801512852223e-19
6.573471592512526e-19
6.670442568505975e-19
6.767413544499424e-19
6.91287000848972e-19
7.155297448473465e-19
7.252268424467037e-19
7.397724888457333e-19
7.543181352447506e-19
7.688637816437803e-19
7.834094280428099e-19
7.979550744418395e-19
8.125007208408692e-19
8.221978184402141e-19
8.318949160395589e-19
8.464405624385886e-19
8.755318552366478e-19
8.900775016356775e-19
9.046231480347071e-19
9.14320245634052e-19
9.288658920330816e-19
9.434115384321112e-19
9.531086360314561e-19
9.62805733630801e-19
9.870484776291878e-19
9.967455752285327e-19
1.0161397704272348e-18
1.025836868026592e-18
1.0355339656259368e-18
1.0500796120249665e-18
1.0597767096243237e-18
1.074322356023341e-18
1.0888680024223706e-18
1.1034136488214002e-18
1.1228078440201023e-18
1.137353490419132e-18
1.1567476856178217e-18
1.185838978415881e-18
1.205233173614583e-18
1.2149302712139402e-18
1.2246273688132851e-18
1.2391730152123147e-18
1.2537186616113444e-18
1.2634157592106892e-18
1.2779614056097189e-18
1.3022041496080934e-18
1.3119012472074506e-18
1.3312954424061527e-18
1.3506896376048547e-18
1.3700838328035568e-18
1.3797809304029017e-18
1.408872223200961e-18
1.4234178695999906e-18
1.4428120647986803e-18
1.45735771119771e-18
1.4767519063964244e-18
1.5009946503947989e-18
1.520388845593501e-18
1.5300859431928458e-18
1.539783040792203e-18
1.5543286871912326e-18
1.5737228823899224e-18
1.588268528788952e-18
1.5979656263883092e-18
1.6125112727873265e-18
1.6270569191863562e-18
1.6367540167857134e-18
1.6561482119844154e-18
1.6658453095837603e-18
1.6852395047824624e-18
1.699785151181492e-18
1.719179346380194e-18
1.738573541578896e-18
1.762816285577283e-18
1.7773619319763003e-18
1.7870590295756575e-18
1.7967561271750024e-18
1.820998871173377e-18
1.8355445175724065e-18
1.850090163971436e-18
1.8646358103704658e-18
1.8743329079698106e-18
1.884030005569168e-18
1.898575651968185e-18
1.9131212983672148e-18
1.922818395966572e-18
1.9373640423655893e-18
1.9470611399649465e-18
1.9567582375643037e-18
1.9664553351636486e-18
1.9858495303623506e-18
1.995546627961708e-18
2.010092274360725e-18
2.0246379207597548e-18
2.034335018359112e-18
2.0488806647581293e-18
2.0585777623574865e-18
2.0682748599568314e-18
2.0779719575561886e-18
2.092517603955218e-18
2.1119117991539203e-18
2.1313059943526223e-18
2.1458516407516396e-18
2.165245835950354e-18
2.174942933549699e-18
2.204034226347758e-18
2.213731323947103e-18
2.2282769703461327e-18
2.2379740679454776e-18
2.2719139095432093e-18
2.2816110071425665e-18
2.2961566535415838e-18
2.3107022999406134e-18
2.3300964951393155e-18
2.3397935927386603e-18
2.3494906903380175e-18
2.364036336737047e-18
2.3834305319357493e-18
2.393127629535094e-18
2.4028247271344513e-18
2.417370373533481e-18
2.427067471132826e-18
2.4416131175318555e-18
2.456158763930885e-18
2.46585586153023e-18
2.4804015079292596e-18
2.4997957031279617e-18
2.5094928007273066e-18
2.5191898983266637e-18
2.5337355447256934e-18
2.5434326423250383e-18
2.557978288724068e-18
2.567675386323425e-18
2.587069581522115e-18
2.6064637767208292e-18
2.625857971919519e-18
2.635555069518876e-18
2.6549492647175782e-18
2.669494911116608e-18
2.6937376551149824e-18
2.7034347527143396e-18
2.7131318503136845e-18
2.7228289479130417e-18
2.7373745943120713e-18
2.747071691911416e-18
2.756768789510761e-18
2.7664658871101182e-18
2.781011533509148e-18
2.8052542775075224e-18
2.8246484727062244e-18
2.8343455703055693e-18
2.858588314303956e-18
2.868285411903301e-18
2.8973767047013603e-18
2.9119223511003776e-18
2.931316546299092e-18
2.9458621926981093e-18
2.9555592902974665e-18
2.9749534854961686e-18
3.0040447782942155e-18
3.02343897349293e-18
3.0428331686916197e-18
3.0573788150906493e-18
3.0767730102893514e-18
3.0864701078887086e-18
3.0961672054880534e-18
3.1058643030874106e-18
3.120409949486428e-18
3.1446526934848148e-18
3.1688954374831893e-18
3.183441083882219e-18
3.2076838278805934e-18
3.2173809254799506e-18
3.2367751206786404e-18
3.25132076707767e-18
3.2658664134766996e-18
3.2804120598757293e-18
3.290109157475074e-18
3.2998062550744313e-18
3.314351901473461e-18
3.333746096672163e-18
3.343443194271508e-18
3.36283738947021e-18
3.3773830358692396e-18
3.3919286822682693e-18
3.4113228774669713e-18
3.425868523866001e-18
3.4404141702650183e-18
3.454959816664048e-18
3.47435401186275e-18
3.48889965826178e-18
3.503445304660809e-18
3.513142402260154e-18
3.532536597458856e-18
3.5422336950582134e-18
3.556779341457243e-18
3.57132498785626e-18
3.5810220854556175e-18
3.605264829453992e-18
3.614961927053337e-18
3.624659024652694e-18
3.639204671051724e-18
3.653750317450741e-18
3.668295963849771e-18
3.6828416102488e-18
3.692538707848145e-18
3.707084354247175e-18
3.716781451846532e-18
3.736175647045234e-18
3.750721293444264e-18
3.7701154886429535e-18
3.784661135041983e-18
3.804055330240685e-18
3.8137524278400424e-18
3.828298074239072e-18
3.842843720638102e-18
3.8525408182374465e-18
3.8622379158367914e-18
3.896177757434523e-18
3.90587485503388e-18
3.925269050232582e-18
3.949511794230957e-18
3.9737545382293314e-18
3.9834516358286886e-18
3.997997282227718e-18
4.007694379827063e-18
4.036785672625122e-18
4.046482770224467e-18
4.061028416623497e-18
4.090119709421544e-18
4.099816807020901e-18
4.109513904620246e-18
4.1240595510192755e-18
4.138605197418305e-18
4.153150843817335e-18
4.16284794141668e-18
4.172545039016037e-18
4.191939234214739e-18
4.211333429413441e-18
4.225879075812458e-18
4.245273271011173e-18
4.2646674662098625e-18
4.279213112608892e-18
4.3034558566072666e-18
4.322850051805981e-18
4.337395698204998e-18
4.351941344604028e-18
4.361638442203385e-18
4.38588118620176e-18
4.405275381400462e-18
4.424669576599164e-18
4.444063771797866e-18
4.453760869397223e-18
4.46830651579624e-18
4.48285216219527e-18
4.4973978085943e-18
4.511943454993317e-18
4.521640552592674e-18
4.555580394190406e-18
4.5701260405894355e-18
4.57982313818878e-18
4.589520235788125e-18
4.5992173333874824e-18
4.628308626185529e-18
4.6380057237848866e-18
4.652551370183916e-18
4.6670970165829335e-18
4.676794114182291e-18
4.69133976058132e-18
4.701036858180665e-18
4.715582504579695e-18
4.739825248578082e-18
4.7592194437767714e-18
4.773765090175801e-18
4.783462187775158e-18
4.793159285374503e-18
4.80285638297386e-18
4.8222505781725624e-18
4.831947675771907e-18
4.8416447733712645e-18
4.851341870970609e-18
4.8610389685699665e-18
4.875584614968984e-18
4.894978810167698e-18
4.904675907767043e-18
4.9337672005651024e-18
4.962858493363149e-18
4.9822526885618514e-18
5.0016468837605535e-18
5.02588962775894e-18
5.04528382295763e-18
5.054980920556987e-18
5.0646780181563445e-18
5.0937693109543914e-18
5.1034664085537486e-18
5.1131635061530935e-18
5.137406250151468e-18
5.147103347750825e-18
5.15680044535017e-18
5.166497542949527e-18
5.185891738148229e-18
5.200437384547247e-18
5.219831579745961e-18
5.229528677345306e-18
5.2440743237443355e-18
5.2634685189430376e-18
5.2731656165423825e-18
5.28286271414174e-18
5.297408360540769e-18
5.321651104539144e-18
5.3361967509381734e-18
5.350742397337203e-18
5.3846822389349225e-18
5.399227885333952e-18
5.413773531732982e-18
5.433167726931684e-18
5.442864824531029e-18
5.457410470930058e-18
5.4671075685294155e-18
5.47680466612876e-18
5.486501763728105e-18
5.510744507726492e-18
5.5252901541255094e-18
5.5349872517248666e-18
5.559229995723241e-18
5.583472739721628e-18
5.593169837320973e-18
5.602866934920318e-18
5.617412581319347e-18
5.631958227718377e-18
5.641655325317734e-18
5.651352422917079e-18
5.665898069316109e-18
5.675595166915466e-18
5.685292264514811e-18
5.69983791091384e-18
5.71438355731287e-18
5.743474850110917e-18
5.762869045309619e-18
5.772566142908964e-18
5.782263240508321e-18
5.791960338107678e-18
5.8065059845066956e-18
5.816203082106053e-18
5.825900179705398e-18
5.840445826104427e-18
5.850142923703772e-18
5.864688570102802e-18
5.8986284117005335e-18
5.913174058099563e-18
5.932568253298265e-18
5.94226535089761e-18
5.951962448496967e-18
5.9616595460963245e-18
5.985902290094699e-18
6.005296485293401e-18
6.014993582892746e-18
6.034387778091448e-18
6.044084875690805e-18
6.05378197329015e-18
6.06832761968918e-18
6.082873266088209e-18
6.092570363687554e-18
6.107116010086584e-18
6.1216616564856135e-18
6.136207302884631e-18
6.160450046883018e-18
6.1701471444823625e-18
6.17984424208172e-18
6.1895413396810646e-18
6.204086986080094e-18
6.218632632479124e-18
6.228329730078469e-18
6.238026827677826e-18
6.267118120475873e-18
6.2816637668749025e-18
6.3010579620736046e-18
6.310755059672962e-18
6.3253007060719914e-18
6.344694901270681e-18
6.359240547669711e-18
6.368937645269068e-18
6.383483291668085e-18
6.398028938067115e-18
6.407726035666472e-18
6.4222716820654894e-18
6.441665877264204e-18
6.456211523663221e-18
6.470757170062251e-18
6.480454267661608e-18
6.494999914060625e-18
6.509545560459655e-18
6.533788304458042e-18
6.5434854020573866e-18
6.5531824996567315e-18
6.572576694855446e-18
6.582273792454791e-18
6.601667987653493e-18
6.61136508525285e-18
6.625910731651867e-18
6.6453049268505694e-18
6.6550020244499266e-18
6.6646991220492715e-18
6.674396219648629e-18
6.7034875124466756e-18
6.718033158845705e-18
6.732578805244735e-18
6.751973000443437e-18
6.7762157444418115e-18
6.785912842041156e-18
6.805307037239871e-18
6.8198526836389e-18
6.829549781238245e-18
6.844095427637275e-18
6.85379252523662e-18
6.863489622835977e-18
6.882883818034679e-18
6.897429464433709e-18
6.911975110832726e-18
6.9265207572317556e-18
6.941066403630785e-18
6.95076350123013e-18
6.970157696428832e-18
6.97985479402819e-18
7.004097538026564e-18
7.013794635625921e-18
7.033188830824611e-18
7.04773447722364e-18
7.06228012362267e-18
7.071977221222015e-18
7.086522867621045e-18
7.096219965220402e-18
7.110765611619431e-18
7.130159806818133e-18
7.139856904417478e-18
7.154402550816508e-18
7.183493843614567e-18
7.212585136412614e-18
7.231979331611316e-18
7.241676429210661e-18
7.256222075609691e-18
7.27076772200872e-18
7.295010466007095e-18
7.309556112406125e-18
7.31925321000547e-18
7.328950307604827e-18
7.353193051603201e-18
7.367738698002231e-18
7.38228434440126e-18
7.396829990800278e-18
7.411375637199307e-18
7.425921283598337e-18
7.435618381197694e-18
7.474406771595098e-18
7.488952417994116e-18
7.498649515593473e-18
7.50834661319283e-18
7.518043710792175e-18
7.532589357191205e-18
7.54228645479055e-18
7.551983552389907e-18
7.561680649989251e-18
7.571377747588609e-18
7.585923393987638e-18
7.605317589186328e-18
7.615014686785685e-18
7.624711784385042e-18
7.634408881984387e-18
7.648954528383417e-18
7.663500174782447e-18
7.673197272381791e-18
7.692591467580494e-18
7.70228856517985e-18
7.711985662779196e-18
7.721682760378553e-18
7.73622840677757e-18
7.7507740531766e-18
7.76531969957563e-18
7.775016797174974e-18
7.799259541173361e-18
7.823502285171736e-18
7.838047931570765e-18
7.857442126769467e-18
7.867139224368812e-18
7.881684870767842e-18
7.891381968367187e-18
7.905927614766216e-18
7.915624712365574e-18
7.935018907564276e-18
7.949564553963305e-18
7.968958749161995e-18
7.983504395561025e-18
7.993201493160382e-18
8.007747139559411e-18
8.017444237158756e-18
8.027141334758114e-18
8.041686981157143e-18
8.05623262755616e-18
8.07077827395519e-18
8.080475371554547e-18
8.090172469153892e-18
8.109566664352594e-18
8.128960859551296e-18
8.143506505950326e-18
8.162900701149028e-18
8.191991993947075e-18
8.206537640346105e-18
8.225931835544807e-18
8.235628933144164e-18
8.250174579543181e-18
8.274417323541568e-18
8.288962969940598e-18
8.298660067539943e-18
8.313205713938972e-18
8.322902811538317e-18
8.332599909137674e-18
8.342297006737019e-18
8.351994104336376e-18
8.376236848334751e-18
8.39078249473378e-18
8.40532814113281e-18
8.415025238732155e-18
8.429570885131185e-18
8.43926798273053e-18
8.448965080329887e-18
8.468359275528589e-18
8.492602019526963e-18
8.507147665925993e-18
8.516844763525338e-18
8.531390409924367e-18
8.545936056323397e-18
8.575027349121444e-18
8.589572995520474e-18
8.599270093119831e-18
8.618664288318533e-18
8.63320993471755e-18
8.642907032316907e-18
8.667149776315282e-18
8.691392520313669e-18
8.705938166712686e-18
8.720483813111716e-18
8.739878008310418e-18
8.754423654709447e-18
8.768969301108477e-18
8.783514947507494e-18
8.793212045106851e-18
8.807757691505881e-18
8.817454789105226e-18
8.832000435504256e-18
8.8416975331036e-18
8.85624317950263e-18
8.87078882590166e-18
8.88533447230069e-18
8.904728667499391e-18
8.924122862698094e-18
8.938668509097123e-18
8.95321415549614e-18
8.96775980189517e-18
8.987153997093872e-18
8.996851094693217e-18
9.006548192292574e-18
9.021093838691604e-18
9.030790936290949e-18
9.040488033890306e-18
9.069579326688353e-18
9.07927642428771e-18
9.088973521887055e-18
9.11321626588543e-18
9.127761912284459e-18
9.156853205082518e-18
9.171398851481548e-18
9.185944497880578e-18
9.200490144279595e-18
9.215035790678625e-18
9.224732888277982e-18
9.239278534676999e-18
9.253824181076029e-18
9.273218376274731e-18
9.282915473874076e-18
9.297461120273105e-18
9.312006766672135e-18
9.345946608269867e-18
9.355643705869212e-18
9.370189352268241e-18
9.379886449867598e-18
9.404129193865973e-18
9.413826291465318e-18
9.438069035463692e-18
9.44776613306305e-18
9.462311779462079e-18
9.476857425861109e-18
9.496251621059811e-18
9.51079726745884e-18
9.525342913857858e-18
9.535040011457215e-18
9.549585657856245e-18
9.564131304255262e-18
9.583525499453964e-18
9.602919694652666e-18
9.617465341051696e-18
9.636859536250398e-18
9.646556633849743e-18
9.680496475447474e-18
9.690193573046832e-18
9.704739219445861e-18
9.714436317045206e-18
9.728981963444236e-18
9.748376158642938e-18
9.762921805041955e-18
9.78231600024067e-18
9.801710195439372e-18
9.816255841838389e-18
9.835650037037103e-18
9.855044232235793e-18
9.869589878634823e-18
9.884135525033852e-18
9.893832622633197e-18
9.908378269032227e-18
9.918075366631584e-18
9.932621013030601e-18
9.942318110629958e-18
9.952015208229316e-18
9.971409403428005e-18
9.981106501027363e-18
9.99080359862672e-18
1.0005349245025737e-17
1.0029591989024124e-17
1.0044137635423141e-17
1.0053834733022498e-17
1.0063531830621843e-17
1.0078077477020873e-17
1.0092623123419903e-17
1.0126562965017634e-17
1.0136260062616979e-17
1.0150805709016009e-17
1.0160502806615366e-17
1.0175048453014383e-17
1.0189594099413413e-17
1.0208988294612115e-17
1.0223533941011145e-17
1.0242928136209847e-17
1.0252625233809192e-17
1.0281716526607251e-17
1.0291413624206596e-17
1.0310807819405298e-17
1.0330202014604e-17
1.034474766100303e-17
1.0359293307402059e-17
1.0368990405001416e-17
1.0383536051400434e-17
1.0398081697799463e-17
1.0422324441797838e-17
1.0432021539397195e-17
1.044171863699654e-17
1.045626428339557e-17
1.0465961380994914e-17
1.0490204124993301e-17
1.0499901222592646e-17
1.0528992515390705e-17
1.0543538161789723e-17
1.0558083808188752e-17
1.0572629454587782e-17
1.0582326552187127e-17
1.0596872198586156e-17
1.0606569296185514e-17
1.0621114942584531e-17
1.063566058898356e-17
1.0655054784182275e-17
1.066475188178162e-17
1.067929752818065e-17
1.0698691723379352e-17
1.0722934467377726e-17
1.0732631564977083e-17
1.07471772113761e-17
1.0771419955374487e-17
1.0785965601773505e-17
1.0800511248172534e-17
1.0810208345771892e-17
1.0819905443371236e-17
1.0834451089770266e-17
1.0868390931367985e-17
1.08877851265667e-17
1.090717932176539e-17
1.0921724968164419e-17
1.0936270614563449e-17
1.0950816260962478e-17
1.0965361907361508e-17
1.0975059004960853e-17
1.098475610256021e-17
1.0999301748959227e-17
1.1023544492957614e-17
1.1047787236955989e-17
1.1062332883355018e-17
1.1072029980954363e-17
1.1086575627353393e-17
1.109627272495275e-17
1.1105969822552095e-17
1.1125364017750797e-17
1.1135061115350154e-17
1.1144758212949499e-17
1.1173849505747558e-17
1.1188395152146576e-17
1.1202940798545605e-17
1.1212637896144963e-17
1.1222334993744307e-17
1.1236880640143337e-17
1.1256274835342039e-17
1.1265971932941396e-17
1.1275669030540741e-17
1.1285366128140086e-17
1.1309608872138473e-17
1.1329003067337175e-17
1.133870016493652e-17
1.1367791457734579e-17
1.1401731299332299e-17
1.1411428396931656e-17
1.1421125494531013e-17
1.1430822592130358e-17
1.1440519689729703e-17
1.1455065336128732e-17
1.146476243372809e-17
1.1474459531327434e-17
1.1503550824125494e-17
1.1527793568123868e-17
1.1537490665723225e-17
1.154718776332257e-17
1.1571430507320945e-17
1.1585976153719974e-17
1.1600521800119004e-17
1.1610218897718349e-17
1.1624764544117378e-17
1.1634461641716736e-17
1.165870438571511e-17
1.1668401483314467e-17
1.1682947129713485e-17
1.1712038422511544e-17
1.1731432617710246e-17
1.1750826812908948e-17
1.1760523910508293e-17
1.1775069556907323e-17
1.1789615203306352e-17
1.180416084970537e-17
1.1828403593703756e-17
1.1838100691303101e-17
1.1847797788902458e-17
1.1862343435301488e-17
1.1872040532900833e-17
1.1891434728099535e-17
1.1901131825698892e-17
1.1915677472097922e-17
1.1930223118496939e-17
1.1939920216096296e-17
1.1954465862495326e-17
1.1969011508894343e-17
1.19787086064937e-17
1.1998102801692403e-17
1.201264844809142e-17
1.2022345545690777e-17
1.2032042643290134e-17
1.2046588289689152e-17
1.2056285387288509e-17
1.2070831033687538e-17
1.2085376680086556e-17
1.2095073777685913e-17
1.2104770875285258e-17
1.2119316521684287e-17
1.2133862168083317e-17
1.2143559265682662e-17
1.2158104912081692e-17
1.2172650558480721e-17
1.2196893302479096e-17
1.2216287497677798e-17
1.2225984595277155e-17
1.22356816928765e-17
1.225022733927553e-17
1.2259924436874874e-17
1.2274470083273904e-17
1.2284167180873261e-17
1.2303561376071963e-17
1.2327804120070338e-17
1.2342349766469367e-17
1.236174396166807e-17
1.2376289608067087e-17
1.2385986705666444e-17
1.2395683803265801e-17
1.2415077998464491e-17
1.2434472193663205e-17
1.244416929126255e-17
1.2453866388861907e-17
1.2463563486461252e-17
1.247326058406061e-17
1.2492654779259312e-17
1.2507200425658329e-17
1.2516897523257686e-17
1.254114026725606e-17
1.2565383011254447e-17
1.2579928657653465e-17
1.2594474304052494e-17
1.2618717048050869e-17
1.2628414145650226e-17
1.2642959792049256e-17
1.26526568896486e-17
1.2662353987247945e-17
1.2676899633646975e-17
1.2686596731246332e-17
1.270114237764535e-17
1.2720536572844064e-17
1.2730233670443409e-17
1.2739930768042766e-17
1.2754476414441783e-17
1.277871915844017e-17
1.2788416256039515e-17
1.2798113353638872e-17
1.2817507548837574e-17
1.2832053195236592e-17
1.2856295939234978e-17
1.2865993036834323e-17
1.287569013443368e-17
1.2885387232033025e-17
1.2899932878432055e-17
1.29096299760314e-17
1.292417562243043e-17
1.2933872720029787e-17
1.2953266915228489e-17
1.2962964012827834e-17
1.2972661110427191e-17
1.2992055305625893e-17
1.3001752403225238e-17
1.3025995147223612e-17
1.303569224482297e-17
1.3055086440021672e-17
1.3074480635220374e-17
1.3093874830419076e-17
1.3103571928018433e-17
1.3122966123217135e-17
1.3137511769616165e-17
1.3166603062414212e-17
1.3190845806412586e-17
1.3219937099210645e-17
1.3239331294409347e-17
1.3253876940808377e-17
1.3263574038407722e-17
1.3273271136007067e-17
1.3282968233606424e-17
1.3292665331205781e-17
1.3316908075204156e-17
1.3336302270402858e-17
1.3350847916801887e-17
1.3365393563200905e-17
1.3375090660800262e-17
1.3389636307199292e-17
1.3409030502397994e-17
1.3418727599997339e-17
1.343812179519604e-17
1.345266744159507e-17
1.3476910185593445e-17
1.3496304380792147e-17
1.3506001478391504e-17
1.3515698575990849e-17
1.354963841758858e-17
1.357872971038664e-17
1.359812390558533e-17
1.3607821003184687e-17
1.3622366649583716e-17
1.3636912295982746e-17
1.3656306491181448e-17
1.3666003588780793e-17
1.3680549235179823e-17
1.3690246332779168e-17
1.3709640527977882e-17
1.3729034723176572e-17
1.3738731820775929e-17
1.3748428918375286e-17
1.3767823113573976e-17
1.3792065857572363e-17
1.3801762955171708e-17
1.3811460052771065e-17
1.3826005699170094e-17
1.3845399894368784e-17
1.3859945540767814e-17
1.3879339735966516e-17
1.3898733931165218e-17
1.3908431028764575e-17
1.3918128126363932e-17
1.3927825223963277e-17
1.3937522321562622e-17
1.394721941916198e-17
1.396661361436068e-17
1.3976310711960026e-17
1.3990856358359056e-17
1.4005402004758085e-17
1.401509910235743e-17
1.4024796199956788e-17
1.4034493297556145e-17
1.404419039515549e-17
1.4053887492754834e-17
1.407328168795355e-17
1.4082978785552894e-17
1.4112070078350953e-17
1.4121767175950298e-17
1.4131464273549643e-17
1.4146009919948672e-17
1.4170252663947047e-17
1.4179949761546404e-17
1.4199343956745106e-17
1.420904105434445e-17
1.4218738151943808e-17
1.4228435249543165e-17
1.423813234714251e-17
1.4247829444741867e-17
1.4257526542341212e-17
1.4272072188740242e-17
1.4286617835139272e-17
1.4296314932738616e-17
1.4310860579137646e-17
1.4330254774336348e-17
1.4344800420735378e-17
1.4354497518334723e-17
1.4369043164733752e-17
1.4393285908732127e-17
1.44175286527305e-17
1.442722575032986e-17
1.4441771396728888e-17
1.4451468494328233e-17
1.4470862689526935e-17
1.4480559787126292e-17
1.4504802531124667e-17
1.452419672632337e-17
1.45387423727224e-17
1.45581365679211e-17
1.4582379311919475e-17
1.4601773507118177e-17
1.4611470604717534e-17
1.462116770231688e-17
1.4630864799916236e-17
1.464056189751558e-17
1.4664804641513956e-17
1.468419883671267e-17
1.470359303191136e-17
1.4713290129510717e-17
1.4727835775909747e-17
1.476662416630715e-17
1.4786018361505853e-17
1.4805412556704555e-17
1.4815109654303912e-17
1.4834503849502602e-17
1.4849049495901632e-17
1.4868443691100334e-17
1.487814078869969e-17
1.4887837886299036e-17
1.491208063029741e-17
1.492662627669644e-17
1.494117192309547e-17
1.4960566118294172e-17
1.4979960313492874e-17
1.4994505959891903e-17
1.5009051606290933e-17
1.5028445801489623e-17
1.5042991447888652e-17
1.5057537094287682e-17
1.5067234191887027e-17
1.5096325484685086e-17
1.5115719679883788e-17
1.513511387508249e-17
1.514965952148152e-17
1.5159356619080865e-17
1.5173902265479894e-17
1.5183599363079252e-17
1.5202993558277954e-17
1.5222387753476656e-17
1.5241781948675358e-17
1.5270873241473405e-17
1.5285418887872434e-17
1.5299964534271464e-17
1.531451018067048e-17
1.532905582706951e-17
1.5367844217466915e-17
1.5396935510264974e-17
1.5411481156664004e-17
1.5430875351862706e-17
1.544057244946205e-17
1.5459966644660753e-17
1.5479360839859455e-17
1.5493906486258485e-17
1.5503603583857842e-17
1.5527846327856216e-17
1.554724052305492e-17
1.5556937620654263e-17
1.556663471825362e-17
1.5576331815852966e-17
1.5590877462251995e-17
1.5610271657450697e-17
1.5619968755050054e-17
1.56296658526494e-17
1.5639362950248744e-17
1.5653908596647774e-17
1.566360569424713e-17
1.5678151340646148e-17
1.5692696987045178e-17
1.5707242633444208e-17
1.572663682864291e-17
1.574118247504194e-17
1.5750879572641296e-17
1.5765425219040314e-17
1.5784819414239016e-17
1.5799365060638045e-17
1.5818759255836748e-17
1.5828456353436105e-17
1.5843001999835122e-17
1.5876941841432854e-17
1.5896336036631556e-17
1.5910881683030585e-17
1.5925427329429603e-17
1.5944821524628317e-17
1.5954518622227662e-17
1.5978761366226037e-17
1.5993307012625066e-17
1.6012701207823768e-17
1.6022398305423125e-17
1.6036943951822155e-17
1.6056338147020845e-17
1.6085429439818904e-17
1.609512653741825e-17
1.6114520732616963e-17
1.6133914927815653e-17
1.6153309123014368e-17
1.6163006220613712e-17
1.6182400415812414e-17
1.6201794611011117e-17
1.622118880620982e-17
1.624058300140852e-17
1.6250280099007866e-17
1.6259977196607223e-17
1.626967429420658e-17
1.6279371391805925e-17
1.628906848940527e-17
1.63036141358043e-17
1.6313311233403657e-17
1.633270542860236e-17
1.6347251075001388e-17
1.6371493818999763e-17
1.6386039465398792e-17
1.6395736562998137e-17
1.6405433660597494e-17
1.6419979306996512e-17
1.643452495339554e-17
1.64442220509949e-17
1.6453919148594243e-17
1.647816189259263e-17
1.6492707538991648e-17
1.6507253185390677e-17
1.6516950282990034e-17
1.6536344478188724e-17
1.654604157578808e-17
1.6570284319786456e-17
1.6594527063784843e-17
1.6609072710183872e-17
1.6628466905382562e-17
1.665270964938095e-17
1.6662406746980294e-17
1.6676952393379323e-17
1.668664949097868e-17
1.6701195137377698e-17
1.673513497897543e-17
1.6744832076574775e-17
1.6759377722973804e-17
1.6773923369372834e-17
1.6788469015771863e-17
1.6803014662170893e-17
1.6827257406169268e-17
1.684665160136797e-17
1.6856348698967315e-17
1.6870894345366344e-17
1.6890288540565046e-17
1.6899985638164403e-17
1.6948471126161152e-17
1.695816822376051e-17
1.6982410967758884e-17
1.6996956614157914e-17
1.7011502260556943e-17
1.7021199358156288e-17
1.7045442102154663e-17
1.7059987748553692e-17
1.7074533394952722e-17
1.7093927590151424e-17
1.710362468775077e-17
1.7113321785350126e-17
1.7132715980548828e-17
1.7142413078148173e-17
1.7156958724547203e-17
1.716665582214656e-17
1.7176352919745905e-17
1.720059566374428e-17
1.721514131014331e-17
1.722968695654234e-17
1.724908115174104e-17
1.7278172444539088e-17
1.7297566639737802e-17
1.731211228613682e-17
1.733150648133552e-17
1.734605212773455e-17
1.7365446322933253e-17
1.73945376157313e-17
1.7404234713330657e-17
1.7413931810930014e-17
1.7433326006128704e-17
1.745272020132742e-17
1.7467265847726436e-17
1.7476962945325793e-17
1.7486660042925138e-17
1.7506054238123852e-17
1.7530296982122227e-17
1.7544842628521257e-17
1.75545397261206e-17
1.756908537251963e-17
1.7598176665317678e-17
1.761757086051638e-17
1.7627267958115737e-17
1.7636965055715082e-17
1.7651510702114112e-17
1.7670904897312814e-17
1.7695147641311188e-17
1.7709693287710218e-17
1.774363312930795e-17
1.7763027324506652e-17
1.7772724422105997e-17
1.7782421519705354e-17
1.7796967166104383e-17
1.7806664263703728e-17
1.7816361361303086e-17
1.7835755556501788e-17
1.7850301202900805e-17
1.7864846849299835e-17
1.7874543946899192e-17
1.7893938142097894e-17
1.7908483788496923e-17
1.7918180886096268e-17
1.7942423630094643e-17
1.7952120727694e-17
1.7976363471692375e-17
1.7986060569291732e-17
1.800545476449042e-17
1.803454605728848e-17
1.8044243154887826e-17
1.8053940252487183e-17
1.8068485898886212e-17
1.807818299648557e-17
1.8087880094084915e-17
1.8107274289283617e-17
1.8121819935682646e-17
1.8136365582081664e-17
1.8150911228480693e-17
1.816060832608005e-17
1.8180002521278752e-17
1.8199396716477454e-17
1.823818510687486e-17
1.825757930207356e-17
1.827212494847259e-17
1.829151914367128e-17
1.8310913338869994e-17
1.8344853180467714e-17
1.835455027806707e-17
1.8373944473265773e-17
1.8388490119664803e-17
1.8398187217264148e-17
1.8407884314863505e-17
1.8422429961262522e-17
1.8436975607661552e-17
1.8461218351659926e-17
1.8470915449259283e-17
1.8504855290857015e-17
1.8519400937256045e-17
1.8538795132454735e-17
1.8548492230054092e-17
1.8567886425252794e-17
1.8592129169251168e-17
1.8601826266850526e-17
1.861152336444987e-17
1.8630917559648572e-17
1.864061465724793e-17
1.8650311754847275e-17
1.8679403047645334e-17
1.8703645791643708e-17
1.8718191438042738e-17
1.8727888535642095e-17
1.873758563324144e-17
1.8756979828440142e-17
1.8776374023638844e-17
1.880061676763722e-17
1.8810313865236576e-17
1.8829708060435278e-17
1.8853950804433652e-17
1.8868496450832682e-17
1.8878193548432027e-17
1.8887890646031384e-17
1.8907284841230086e-17
1.891698193882943e-17
1.894607323162749e-17
1.8970315975625865e-17
1.8984861622024895e-17
1.9004255817223597e-17
1.9018801463622626e-17
1.9047892756420673e-17
1.905758985402003e-17
1.9072135500419048e-17
1.9091529695617762e-17
1.9101226793217107e-17
1.9110923890816452e-17
1.912062098841581e-17
1.9130318086015166e-17
1.9144863732414184e-17
1.9164257927612886e-17
1.9173955025212243e-17
1.9193349220410945e-17
1.9212743415609647e-17
1.9241834708407694e-17
1.9256380354806724e-17
1.9270926001205753e-17
1.9280623098805098e-17
1.9290320196404455e-17
1.9304865842803485e-17
1.932910858680186e-17
1.934365423320089e-17
1.9358199879599906e-17
1.9372745525998936e-17
1.9387291172397966e-17
1.939698826999731e-17
1.9430928111595042e-17
1.9450322306793744e-17
1.94600194043931e-17
1.947456505079212e-17
1.9493959245990833e-17
1.950850489238985e-17
1.9527899087588553e-17
1.9542444733987582e-17
1.955214183158694e-17
1.9561838929186284e-17
1.9576384575585314e-17
1.9590930221984343e-17
1.9615172965982718e-17
1.963456716118142e-17
1.9644264258780765e-17
1.9658809905179795e-17
1.9678204100378497e-17
1.96975982955772e-17
1.9707295393176556e-17
1.97169924907759e-17
1.973153813717493e-17
1.9741235234774288e-17
1.9755780881173305e-17
1.9780023625171692e-17
1.9804266369170066e-17
1.9833357661968113e-17
1.9847903308367143e-17
1.98576004059665e-17
1.9867297503565845e-17
1.989154024756422e-17
1.9901237345163577e-17
1.9910934442762934e-17
1.9930328637961624e-17
1.994002573556098e-17
1.9949722833160338e-17
1.9959419930759683e-17
1.9969117028359028e-17
1.9978814125958385e-17
1.9993359772357415e-17
2.000305686995676e-17
2.001760251635579e-17
2.003699671155449e-17
2.0056390906753193e-17
2.006608800435255e-17
2.0080633650751568e-17
2.01145734923493e-17
2.0138816236347674e-17
2.0153361882746704e-17
2.016305898034606e-17
2.0172756077945406e-17
2.0187301724344435e-17
2.0206695919543137e-17
2.022609011474184e-17
2.0235787212341197e-17
2.0255181407539886e-17
2.0264878505139244e-17
2.0279424151538273e-17
2.0289121249137618e-17
2.030851544433632e-17
2.032306109073535e-17
2.035215238353341e-17
2.0361849481132754e-17
2.03715465787321e-17
2.0386092225131128e-17
2.0395789322730486e-17
2.0410334969129503e-17
2.0424880615528533e-17
2.0439426261927562e-17
2.044912335952692e-17
2.0463669005925937e-17
2.0473366103525294e-17
2.048306320112465e-17
2.050245739632334e-17
2.0512154493922698e-17
2.0526700140321728e-17
2.054609433552043e-17
2.0575185628318477e-17
2.0584882725917834e-17
2.059457982351718e-17
2.0604276921116536e-17
2.0623671116315238e-17
2.064306531151394e-17
2.0652762409113285e-17
2.0667308055512315e-17
2.0686702250711017e-17
2.071094499470939e-17
2.072549064110842e-17
2.0735187738707766e-17
2.0759430482706153e-17
2.076912758030551e-17
2.0778824677904855e-17
2.0793370324303884e-17
2.0807915970702914e-17
2.082246161710193e-17
2.0832158714701288e-17
2.0846704361100318e-17
2.0895189849097067e-17
2.0904886946696412e-17
2.091458404429577e-17
2.09291296906948e-17
2.09485238858935e-17
2.096306953229253e-17
2.0977615178691548e-17
2.0992160825090577e-17
2.1006706471489607e-17
2.1021252117888624e-17
2.104064631308734e-17
2.106004050828604e-17
2.10891318010841e-17
2.110367744748313e-17
2.113761728908085e-17
2.1147314386680194e-17
2.1161860033079224e-17
2.1181254228277938e-17
2.1190951325877283e-17
2.1205496972276288e-17
2.1224891167475002e-17
2.1239436813874032e-17
2.1263679557872406e-17
2.1278225204271436e-17
2.128792230187078e-17
2.1297619399470126e-17
2.131701359466884e-17
2.1341256338667215e-17
2.1365499082665614e-17
2.1375196180264934e-17
2.1384893277864304e-17
2.1409136021862678e-17
2.1418833119462023e-17
2.1428530217061392e-17
2.1452772961059742e-17
2.1467318607458772e-17
2.1481864253857802e-17
2.149156135145717e-17
2.1501258449056516e-17
2.151095554665586e-17
2.1535198290654235e-17
2.1549743937053265e-17
2.1564289583452295e-17
2.157398668105164e-17
2.158368377865101e-17
2.16030779738497e-17
2.1612775071449044e-17
2.1627320717848073e-17
2.1641866364247103e-17
2.1661260559445817e-17
2.1675806205844847e-17
2.1690351852243877e-17
2.1709746047442566e-17
2.171944314504191e-17
2.1743685889040286e-17
2.1772777181838345e-17
2.1806717023436064e-17
2.1816414121035434e-17
2.182611121863478e-17
2.1845505413833493e-17
2.1855202511432813e-17
2.1874596706631528e-17
2.1893990901830242e-17
2.1903687999429587e-17
2.1918233645828617e-17
2.192793074342796e-17
2.193762784102733e-17
2.1952173487426336e-17
2.197641623142471e-17
2.198611332902408e-17
2.1995810426623425e-17
2.201520462182214e-17
2.202490171942146e-17
2.2044295914620174e-17
2.2058841561019204e-17
2.206853865861855e-17
2.2078235756217918e-17
2.2097629951416608e-17
2.2107327049015953e-17
2.2126721244214667e-17
2.2160661085812386e-17
2.2170358183411756e-17
2.218490382981076e-17
2.2209146573809135e-17
2.2218843671408505e-17
2.2238237866607195e-17
2.2247934964206564e-17
2.225763206180591e-17
2.22770262570046e-17
2.2286723354603944e-17
2.2301269001002973e-17
2.2320663196201688e-17
2.2340057391400402e-17
2.2349754488999722e-17
2.2359451586599092e-17
2.2369148684198437e-17
2.2378845781797782e-17
2.239339142819681e-17
2.241763417219521e-17
2.24370283673939e-17
2.245157401379293e-17
2.246611966019196e-17
2.248551385539065e-17
2.2509756599389024e-17
2.2524302245788053e-17
2.2543696440986768e-17
2.2563090636185457e-17
2.2582484831384172e-17
2.2597030477783177e-17
2.2606727575382546e-17
2.263097031938092e-17
2.264551596577995e-17
2.2669758709778325e-17
2.270854710017573e-17
2.2718244197775074e-17
2.2732789844174104e-17
2.2742486941773473e-17
2.2757032588172478e-17
2.2766729685771823e-17
2.2781275332170853e-17
2.2810366624968912e-17
2.2829760820167626e-17
2.285885211296566e-17
2.287339775936469e-17
2.290248905216275e-17
2.291218614976212e-17
2.294612599135984e-17
2.2960671637758868e-17
2.2980065832957558e-17
2.2999460028156248e-17
2.3028551320954307e-17
2.304794551615302e-17
2.3077036808951056e-17
2.3086733906550426e-17
2.3120673748148145e-17
2.314006794334686e-17
2.3149765040946204e-17
2.3164310687345234e-17
2.3183704882543924e-17
2.3212796175341983e-17
2.3232190370540697e-17
2.3246736016939702e-17
2.3256433114539072e-17
2.32709787609381e-17
2.3280675858537446e-17
2.329037295613679e-17
2.3309767151335506e-17
2.333885844413354e-17
2.334855554173291e-17
2.336310118813194e-17
2.3387343932130314e-17
2.339704102972966e-17
2.3411586676128688e-17
2.3426132322527718e-17
2.3435829420127063e-17
2.3445526517726408e-17
2.3455223615325777e-17
2.3479466359324152e-17
2.3494012005723157e-17
2.351340620092187e-17
2.35279518473209e-17
2.354249749371993e-17
2.3552194591319275e-17
2.3571588786517965e-17
2.359098298171668e-17
2.360552862811571e-17
2.362007427451474e-17
2.3629771372114084e-17
2.3649165567312773e-17
2.3668559762511488e-17
2.3687953957710202e-17
2.3697651055309547e-17
2.371704525050826e-17
2.373643944570695e-17
2.375098509210598e-17
2.3775227836104355e-17
2.379462203130307e-17
2.3804319128902415e-17
2.381886477530142e-17
2.382856187290079e-17
2.384310751929982e-17
2.3867350263298193e-17
2.3886744458496908e-17
2.3925532848894287e-17
2.3940078495293317e-17
2.3954624141692346e-17
2.3969169788091376e-17
2.3983715434490406e-17
2.3998261080889435e-17
2.4012806727288465e-17
2.4032200922487155e-17
2.4056443666485554e-17
2.407098931288456e-17
2.4090383508083273e-17
2.4104929154482303e-17
2.4124323349680993e-17
2.4138868996080022e-17
2.4158263191278712e-17
2.416796028887808e-17
2.418735448407677e-17
2.419705158167614e-17
2.4206748679275486e-17
2.4226142874474175e-17
2.426008271607192e-17
2.427947691127061e-17
2.428917400886998e-17
2.4303719655269008e-17
2.431341675286833e-17
2.4323113850467698e-17
2.4342508045666388e-17
2.4361902240865102e-17
2.4376447887264132e-17
2.4386144984863477e-17
2.4405539180062166e-17
2.4415236277661536e-17
2.442493337526088e-17
2.4434630472860226e-17
2.4444327570459595e-17
2.4468570314457945e-17
2.4492813058456344e-17
2.450251015605569e-17
2.451705580245472e-17
2.4526752900054064e-17
2.4541298546453093e-17
2.4550995644052438e-17
2.4580086936850497e-17
2.4594632583249527e-17
2.4609178229648557e-17
2.4618875327247902e-17
2.463342097364693e-17
2.4643118071246276e-17
2.4657663717645306e-17
2.468190646164368e-17
2.469160355924305e-17
2.4701300656842395e-17
2.472554340084077e-17
2.474493759603946e-17
2.4754634693638828e-17
2.4764331791238173e-17
2.4783725986436888e-17
2.4798271632835893e-17
2.4812817279234922e-17
2.4827362925633952e-17
2.4841908572032982e-17
2.4861302767231696e-17
2.4880696962430386e-17
2.4900091157629075e-17
2.4924333901627475e-17
2.4938879548026504e-17
2.4958273743225194e-17
2.4972819389624224e-17
2.4997062133622598e-17
2.5006759231221943e-17
2.5021304877620973e-17
2.5031001975220342e-17
2.5045547621619347e-17
2.5060093268018377e-17
2.507948746321709e-17
2.5089184560816436e-17
2.510857875601515e-17
2.512797295121384e-17
2.514251859761287e-17
2.516191279281156e-17
2.517645843921059e-17
2.5195852634409304e-17
2.521039828080831e-17
2.5234641024806708e-17
2.5249186671205737e-17
2.5263732317604767e-17
2.5283126512803457e-17
2.5302520708002147e-17
2.532191490320086e-17
2.535100619599892e-17
2.5375248939997295e-17
2.538494603759664e-17
2.5409188781595014e-17
2.5418885879194384e-17
2.542858297679373e-17
2.5447977171992418e-17
2.5457674269591763e-17
2.5472219915990793e-17
2.5496462659989192e-17
2.551100830638822e-17
2.554494814798594e-17
2.5554645245585286e-17
2.556434234318463e-17
2.5583736538383345e-17
2.560797928238172e-17
2.562737347758041e-17
2.5651616221578808e-17
2.5671010416777498e-17
2.5685556063176528e-17
2.5695253160775873e-17
2.5709798807174902e-17
2.5734041551173277e-17
2.5743738648772646e-17
2.577282994157068e-17
2.5797072685569055e-17
2.581646688076777e-17
2.5835861075966484e-17
2.584555817356583e-17
2.5860103819964834e-17
2.5884346563963233e-17
2.5898892210362263e-17
2.5918286405560953e-17
2.5932832051959982e-17
2.5942529149559327e-17
2.5971620442357386e-17
2.5986166088756416e-17
2.599586318635576e-17
2.601040883275479e-17
2.6020105930354135e-17
2.604434867435251e-17
2.605889432075154e-17
2.606859141835091e-17
2.6092834162349284e-17
2.610737980874829e-17
2.6121925455147318e-17
2.6131622552746688e-17
2.6141319650346033e-17
2.6151016747945378e-17
2.6160713845544747e-17
2.6180108040743437e-17
2.6189805138342782e-17
2.6199502235942127e-17
2.6228593528740186e-17
2.62479877239389e-17
2.6262533370337905e-17
2.6277079016736935e-17
2.6306170309534994e-17
2.6315867407134364e-17
2.632556450473371e-17
2.6340110151132713e-17
2.6349807248732083e-17
2.6383747090329802e-17
2.6393444187929172e-17
2.6407989834328202e-17
2.6417686931927546e-17
2.642738402952689e-17
2.6451626773525266e-17
2.6466172419924295e-17
2.6480718066323325e-17
2.6495263712722355e-17
2.65049608103217e-17
2.652435500552039e-17
2.653890065191942e-17
2.6558294847118133e-17
2.6577689042316848e-17
2.6606780335114882e-17
2.6616477432714227e-17
2.6631023079113257e-17
2.6640720176712626e-17
2.6660114371911316e-17
2.6674660018310346e-17
2.6689205664709375e-17
2.6703751311108405e-17
2.6723145506307095e-17
2.674253970150581e-17
2.6771630994303844e-17
2.6800722287101903e-17
2.6810419384701273e-17
2.6824965031100302e-17
2.6834662128699622e-17
2.6849207775098652e-17
2.6868601970297366e-17
2.688799616549608e-17
2.690739036069477e-17
2.6917087458294115e-17
2.693648165349283e-17
2.6960724397491204e-17
2.697042149509055e-17
2.698496714148958e-17
2.7009209885487953e-17
2.7018906983087298e-17
2.7038301178286013e-17
2.7052846824685042e-17
2.7096483763882107e-17
2.7106180861481476e-17
2.7120726507880506e-17
2.7140120703079195e-17
2.7154666349478225e-17
2.7183757642276284e-17
2.719345473987563e-17
2.7203151837474974e-17
2.722254603267369e-17
2.7237091679072694e-17
2.7256485874271408e-17
2.7271031520670438e-17
2.7285577167069467e-17
2.7300122813468497e-17
2.7309819911067842e-17
2.732921410626653e-17
2.734375975266556e-17
2.7363153947864275e-17
2.737285104546362e-17
2.739709378946202e-17
2.7411639435861024e-17
2.7440730728659084e-17
2.7455276375058113e-17
2.7474670570256828e-17
2.7489216216655833e-17
2.7503761863054862e-17
2.7518307509453892e-17
2.7532853155852922e-17
2.754739880225195e-17
2.7557095899851296e-17
2.7566792997450666e-17
2.75958842902487e-17
2.761042993664773e-17
2.762497558304676e-17
2.763952122944579e-17
2.7654066875844794e-17
2.7678309619843193e-17
2.7692855266242223e-17
2.7712249461440913e-17
2.7726795107839942e-17
2.7741340754238972e-17
2.7755886400638e-17
2.777528059583669e-17
2.778497769343606e-17
2.780437188863475e-17
2.781891753503378e-17
2.7857705925431184e-17
2.788194866942956e-17
2.789649431582859e-17
2.791103996222762e-17
2.792073705982696e-17
2.793528270622599e-17
2.796437399902405e-17
2.798376819422274e-17
2.8003162389421456e-17
2.8022556584620146e-17
2.8037102231019176e-17
2.8046799328618545e-17
2.8056496426217865e-17
2.807589062141658e-17
2.8095284816615294e-17
2.810498191421464e-17
2.8114679011813984e-17
2.8124376109413353e-17
2.814377030461204e-17
2.816316449981073e-17
2.819225579260879e-17
2.820680143900782e-17
2.822619563420651e-17
2.825043837820491e-17
2.826498402460394e-17
2.828437821980263e-17
2.829892386620166e-17
2.831346951260069e-17
2.8337712256599064e-17
2.834740935419841e-17
2.835710645179778e-17
2.836680354939712e-17
2.837650064699647e-17
2.839589484219516e-17
2.841044048859419e-17
2.8420137586193557e-17
2.8434683232592586e-17
2.844438033019193e-17
2.8454077427791276e-17
2.8463774525390646e-17
2.8483168720589335e-17
2.849286581818868e-17
2.8512260013387395e-17
2.852195711098674e-17
2.8531654208586084e-17
2.8551048403784774e-17
2.8565594050183804e-17
2.8580139696582833e-17
2.860923098938089e-17
2.862377663577992e-17
2.863347373337927e-17
2.865286792857798e-17
2.8662565026177327e-17
2.8677110672576356e-17
2.8691656318975386e-17
2.870135341657473e-17
2.872074761177342e-17
2.873044470937279e-17
2.874983890457148e-17
2.877893019736954e-17
2.878862729496891e-17
2.879832439256823e-17
2.88080214901676e-17
2.8817718587766943e-17
2.882741568536629e-17
2.884196133176532e-17
2.885165842936469e-17
2.888074972216272e-17
2.8900143917361436e-17
2.890984101496078e-17
2.8934083758959156e-17
2.8953477954157845e-17
2.8968023600556875e-17
2.898741779575559e-17
2.9011660539753964e-17
2.9021357637353333e-17
2.9031054734952654e-17
2.9045600381351683e-17
2.907469167414974e-17
2.909893441814814e-17
2.911348006454717e-17
2.9128025710946176e-17
2.913772280854552e-17
2.914741990614489e-17
2.916196555254392e-17
2.9171662650143265e-17
2.9186208296542295e-17
2.919590539414164e-17
2.9205602491740985e-17
2.922984523573936e-17
2.924439088213839e-17
2.927348217493645e-17
2.928317927253579e-17
2.930742201653417e-17
2.9317119114133537e-17
2.9331664760532566e-17
2.9360756053330626e-17
2.9370453150929946e-17
2.9380150248529315e-17
2.938984734612866e-17
2.9409241541327375e-17
2.9423787187726404e-17
2.943348428532575e-17
2.9448029931724754e-17
2.9477121224522814e-17
2.9491666870921843e-17
2.952560671251956e-17
2.9559546554117307e-17
2.9574092200516336e-17
2.958378929811568e-17
2.9608032042114056e-17
2.9622577688513085e-17
2.96419718837118e-17
2.966136607891049e-17
2.9680760274109204e-17
2.969530592050821e-17
2.970500301810758e-17
2.971954866450661e-17
2.972924576210595e-17
2.97389428597053e-17
2.97777312501027e-17
2.9797125445301416e-17
2.980682254290076e-17
2.9816519640500106e-17
2.983591383569882e-17
2.9845610933298165e-17
2.9860156579697195e-17
2.986985367729654e-17
2.9879550774895885e-17
2.9889247872495254e-17
2.9918339165293313e-17
2.993288481169234e-17
2.994743045809135e-17
2.995712755569069e-17
2.996682465329006e-17
2.998621884848875e-17
2.999591594608812e-17
3.0005613043687467e-17
3.004440143408487e-17
3.0054098531684216e-17
3.006379562928356e-17
3.007834127568259e-17
3.009773547088128e-17
3.012197821487968e-17
3.0131675312479024e-17
3.0146220958878053e-17
3.01559180564774e-17
3.016561515407677e-17
3.01947064468748e-17
3.0214100642073517e-17
3.0228646288472546e-17
3.0243191934871576e-17
3.0262586130070266e-17
3.028682887406864e-17
3.030137452046767e-17
3.03159201668667e-17
3.0325617264466045e-17
3.0345011459664734e-17
3.0354708557264104e-17
3.0369254203663133e-17
3.039834549646119e-17
3.040804259406054e-17
3.042743678925923e-17
3.044198243565826e-17
3.0456528082057287e-17
3.0475922277256e-17
3.0485619374855346e-17
3.051471066765338e-17
3.055834760685047e-17
3.05728932532495e-17
3.060683309484722e-17
3.061653019244659e-17
3.063592438764528e-17
3.064562148524465e-17
3.0669864229243e-17
3.0684409875642027e-17
3.0713501168440086e-17
3.0728046814839116e-17
3.075228955883749e-17
3.076683520523652e-17
3.0776532302835865e-17
3.0786229400435234e-17
3.079592649803458e-17
3.0805623595633924e-17
3.0820169242032953e-17
3.082986633963232e-17
3.0839563437231643e-17
3.084926053483101e-17
3.087350327882939e-17
3.0888048925228417e-17
3.089774602282776e-17
3.0936534413225166e-17
3.0965625706023225e-17
3.097532280362257e-17
3.099471699882126e-17
3.1014111194019974e-17
3.1028656840419004e-17
3.1043202486818033e-17
3.106259668201675e-17
3.107714232841575e-17
3.109653652361447e-17
3.111593071881316e-17
3.1145022011611216e-17
3.1154719109210586e-17
3.1164416206809906e-17
3.1193507499607965e-17
3.1217750243606364e-17
3.122744734120571e-17
3.1241992987604714e-17
3.1256538634003744e-17
3.1271084280402774e-17
3.1280781378002143e-17
3.130017557320083e-17
3.132926686599889e-17
3.134381251239792e-17
3.135835815879695e-17
3.137775235399564e-17
3.138744945159501e-17
3.139714654919433e-17
3.141169219559336e-17
3.142623784199239e-17
3.144078348839142e-17
3.145048058599079e-17
3.146502623238982e-17
3.147957187878885e-17
3.151836026918623e-17
3.15280573667856e-17
3.153775446438494e-17
3.154745156198429e-17
3.156684575718298e-17
3.1581391403582007e-17
3.1605634147580406e-17
3.162987689157878e-17
3.1639573989178125e-17
3.164927108677747e-17
3.1668665281976185e-17
3.1683210928375214e-17
3.1697756574774244e-17
3.1712302221173273e-17
3.17268478675723e-17
3.176078770917002e-17
3.178987900196808e-17
3.1799576099567427e-17
3.18238188435658e-17
3.184321303876449e-17
3.185775868516352e-17
3.187230433156255e-17
3.188200142916192e-17
3.189169852676124e-17
3.1911092721959954e-17
3.19207898195593e-17
3.193048691715867e-17
3.19450325635577e-17
3.198382095395508e-17
3.2008063697953477e-17
3.2027457893152167e-17
3.2042003539551196e-17
3.2056549185950226e-17
3.206624628354957e-17
3.209533757634763e-17
3.2105034673946975e-17
3.2114731771546344e-17
3.212442886914569e-17
3.214382306434438e-17
3.215836871074341e-17
3.2168065808342754e-17
3.218746000354147e-17
3.223109694273853e-17
3.2250491137937247e-17
3.2279582430735306e-17
3.228927952833465e-17
3.230382517473368e-17
3.233291646753174e-17
3.235231066273043e-17
3.236685630912946e-17
3.237655340672883e-17
3.239594760192752e-17
3.241534179712621e-17
3.242988744352524e-17
3.244443308992427e-17
3.2454130187523637e-17
3.246382728512296e-17
3.2478372931521987e-17
3.2502615675520386e-17
3.2517161321919416e-17
3.2536555517118105e-17
3.2551101163517135e-17
3.2565646809916165e-17
3.257534390751551e-17
3.2585041005114854e-17
3.2594738102714224e-17
3.2609283749113253e-17
3.262382939551228e-17
3.264322359071097e-17
3.265776923711e-17
3.267231488350903e-17
3.268201198110838e-17
3.270140617630709e-17
3.271110327390641e-17
3.2730497469105126e-17
3.274989166430384e-17
3.276928585950253e-17
3.278383150590156e-17
3.2793528603500905e-17
3.2808074249899934e-17
3.283231699389831e-17
3.2851711189097023e-17
3.288080248189506e-17
3.289534812829409e-17
3.290989377469312e-17
3.2924439421092147e-17
3.2934136518691516e-17
3.2958379262689866e-17
3.2972924909088896e-17
3.2987470555487925e-17
3.2997167653087295e-17
3.3016561848285985e-17
3.3031107494685014e-17
3.3045653141084044e-17
3.306989588508242e-17
3.308929008028113e-17
3.309898717788048e-17
3.311838137307917e-17
3.31329270194782e-17
3.3162018312276256e-17
3.3176563958675286e-17
3.318626105627463e-17
3.3225049446672035e-17
3.3254140739470094e-17
3.328323203226813e-17
3.32929291298675e-17
3.330747477626653e-17
3.331717187386587e-17
3.333656606906459e-17
3.336080881306294e-17
3.3375354459461967e-17
3.3385051557061336e-17
3.339474865466068e-17
3.340929430105971e-17
3.3428688496258425e-17
3.3462628337856145e-17
3.347232543545549e-17
3.3482022533054834e-17
3.3491719630654204e-17
3.351596237465258e-17
3.353535656985127e-17
3.35499022162503e-17
3.356929641144901e-17
3.360323625304673e-17
3.361778189944576e-17
3.363232754584479e-17
3.364687319224382e-17
3.3656570289843165e-17
3.366626738744251e-17
3.367596448504188e-17
3.3690510131440885e-17
3.370020722904023e-17
3.372444997303863e-17
3.374384416823732e-17
3.375838981463635e-17
3.378748110743441e-17
3.3816572400232467e-17
3.3831118046631496e-17
3.384081514423084e-17
3.3850512241830186e-17
3.3865057888229216e-17
3.3879603534628245e-17
3.390384627862662e-17
3.391839192502565e-17
3.3928089022624994e-17
3.393778612022434e-17
3.395233176662337e-17
3.3962028864222714e-17
3.398142305942143e-17
3.399112015702077e-17
3.400081725462014e-17
3.401051435221946e-17
3.402505999861849e-17
3.4044454193817207e-17
3.4073545486615266e-17
3.408324258421461e-17
3.409293968181398e-17
3.4107485328212985e-17
3.411718242581233e-17
3.4136576621011045e-17
3.414627371861039e-17
3.416081936500942e-17
3.417051646260879e-17
3.418991065780748e-17
3.421415340180585e-17
3.422869904820488e-17
3.424324469460391e-17
3.425294179220326e-17
3.42626388898026e-17
3.427718453620163e-17
3.4296578731400346e-17
3.4311124377799376e-17
3.432082147539872e-17
3.4330518572998065e-17
3.4345064219397095e-17
3.435476131699644e-17
3.4388701158594184e-17
3.4403246804993213e-17
3.4422641000191903e-17
3.444203519539059e-17
3.447597503698834e-17
3.448567213458768e-17
3.45196119761854e-17
3.452930907378477e-17
3.45438547201838e-17
3.455840036658283e-17
3.457294601298186e-17
3.458264311058118e-17
3.459718875698021e-17
3.462628004977827e-17
3.463597714737764e-17
3.465052279377667e-17
3.466506844017567e-17
3.467476553777502e-17
3.468446263537439e-17
3.4713553928172447e-17
3.472325102577179e-17
3.4747493769770166e-17
3.4776585062568225e-17
3.4791130708967255e-17
3.48008278065666e-17
3.4820222001765314e-17
3.4839616196964004e-17
3.484931329456335e-17
3.4859010392162694e-17
3.4868707489762063e-17
3.487840458736141e-17
3.488810168496075e-17
3.489779878256012e-17
3.490749588015944e-17
3.491719297775881e-17
3.49365871729575e-17
3.49608299169559e-17
3.4970527014555246e-17
3.4985072660954276e-17
3.499961830735328e-17
3.501416395375231e-17
3.504325524655037e-17
3.505295234414974e-17
3.5062649441749084e-17
3.507234653934843e-17
3.5082043636947774e-17
3.5096589283346803e-17
3.511113492974583e-17
3.514022622254389e-17
3.51547718689429e-17
3.5164468966542267e-17
3.517416606414161e-17
3.5183863161740956e-17
3.5193560259340326e-17
3.5208105905739356e-17
3.52178030033387e-17
3.5232348649737705e-17
3.5256591393736105e-17
3.5285682686534164e-17
3.530992543053254e-17
3.5324471076931543e-17
3.533416817453091e-17
3.534871382092994e-17
3.537295656492832e-17
3.538265366252766e-17
3.540204785772635e-17
3.543113915052441e-17
3.545538189452281e-17
3.5465078992122155e-17
3.54747760897215e-17
3.5513564480118904e-17
3.5542655772916963e-17
3.555720141931599e-17
3.556689851691534e-17
3.558144416331437e-17
3.55959898097134e-17
3.5615384004912087e-17
3.5625081102511456e-17
3.5639626748910486e-17
3.5649323846509806e-17
3.5663869492908836e-17
3.571235498090561e-17
3.5722052078504954e-17
3.574629482250333e-17
3.576084046890236e-17
3.577538611530139e-17
3.578993176170042e-17
3.580932595689911e-17
3.582872015209782e-17
3.584326579849685e-17
3.586265999369554e-17
3.587720564009457e-17
3.588690273769394e-17
3.589659983529326e-17
3.592084257929166e-17
3.593538822569069e-17
3.5959630969689064e-17
3.597417661608807e-17
3.5993570811286783e-17
3.600811645768581e-17
3.602266210408484e-17
3.603235920168419e-17
3.604205629928356e-17
3.605660194568256e-17
3.6080844689680936e-17
3.6095390336079966e-17
3.6105087433679336e-17
3.6119633080078365e-17
3.6139027275277055e-17
3.61487243728764e-17
3.616327001927543e-17
3.6182664214474144e-17
3.6197209860873174e-17
3.6216604056071863e-17
3.623599825127055e-17
3.625539244646927e-17
3.627478664166798e-17
3.628933228806701e-17
3.6303877934466016e-17
3.6318423580865046e-17
3.632812067846439e-17
3.633781777606376e-17
3.635236342246279e-17
3.637175761766148e-17
3.639115181286017e-17
3.6425091654457914e-17
3.6439637300856943e-17
3.645903149605566e-17
3.646872859365498e-17
3.647842569125435e-17
3.6507516984052407e-17
3.651721408165175e-17
3.6526911179251096e-17
3.6541456825650126e-17
3.6556002472049156e-17
3.6585093764847215e-17
3.659479086244656e-17
3.6623882155244594e-17
3.6633579252843964e-17
3.6648124899242994e-17
3.6667519094441683e-17
3.668206474084071e-17
3.669661038723974e-17
3.670630748483909e-17
3.673055022883746e-17
3.674024732643683e-17
3.6764490070435206e-17
3.678873281443358e-17
3.680327846083261e-17
3.681782410723164e-17
3.686146104642873e-17
3.6876006692827734e-17
3.690994653442548e-17
3.692449218082451e-17
3.695358347362254e-17
3.696812912002157e-17
3.6987523315220286e-17
3.699722041281963e-17
3.701176605921866e-17
3.703116025441735e-17
3.7040857352016695e-17
3.7050554449616065e-17
3.706025154721541e-17
3.7069948644814754e-17
3.7079645742414124e-17
3.708934284001347e-17
3.7099039937612814e-17
3.7108737035212183e-17
3.712813123041087e-17
3.714752542560956e-17
3.716691962080828e-17
3.7181465267207307e-17
3.719116236480665e-17
3.720570801120568e-17
3.722025365760471e-17
3.724934495040277e-17
3.72638905968018e-17
3.727358769440112e-17
3.728328479200049e-17
3.729783043839952e-17
3.7307527535998864e-17
3.731722463359821e-17
3.733177027999724e-17
3.734146737759661e-17
3.735116447519595e-17
3.738025576799399e-17
3.73996499631927e-17
3.7423892707191076e-17
3.7438438353590106e-17
3.7467529646388165e-17
3.7482075292787195e-17
3.749177239038654e-17
3.750631803678557e-17
3.752571223198426e-17
3.7545106427182974e-17
3.755480352478232e-17
3.7564500622381663e-17
3.757904626878069e-17
3.758874336638006e-17
3.761298611037841e-17
3.762753175677744e-17
3.763722885437681e-17
3.7646925951976156e-17
3.7661471598375186e-17
3.767116869597453e-17
3.770510853757225e-17
3.771480563517162e-17
3.774874547676934e-17
3.775844257436871e-17
3.7772988220767714e-17
3.7787533867166743e-17
3.779723096476609e-17
3.781177661116512e-17
3.782147370876449e-17
3.784086790396318e-17
3.7855413550362207e-17
3.787965629436058e-17
3.789420194075961e-17
3.7903899038358956e-17
3.7923293233557646e-17
3.7932990331157015e-17
3.7947535977556045e-17
3.797177872155442e-17
3.8015415660751483e-17
3.802996130715051e-17
3.805420405114891e-17
3.80735982463476e-17
3.810753808794532e-17
3.811723518554469e-17
3.8126932283144036e-17
3.814632647834275e-17
3.818511486874013e-17
3.8204509063938844e-17
3.8233600356736903e-17
3.825784310073528e-17
3.826754019833462e-17
3.828693439353334e-17
3.8301480039932367e-17
3.832572278393074e-17
3.8335419881530086e-17
3.835966262552846e-17
3.8379056820727175e-17
3.8408148113525234e-17
3.8427542308723924e-17
3.84517850527223e-17
3.8461482150321643e-17
3.847117924792101e-17
3.848572489432004e-17
3.850511908951873e-17
3.851481618711808e-17
3.853421038231679e-17
3.855360457751548e-17
3.8572998772714196e-17
3.8592392967912885e-17
3.860209006551223e-17
3.86117871631116e-17
3.8621484260710945e-17
3.864087845590966e-17
3.8650575553509004e-17
3.866027265110835e-17
3.8669969748707694e-17
3.869421249270607e-17
3.870390959030544e-17
3.871845523670447e-17
3.876209217590153e-17
3.879118346869959e-17
3.8800880566298936e-17
3.882027476149765e-17
3.8844517505496025e-17
3.885421460309537e-17
3.8863911700694714e-17
3.888330589589343e-17
3.8893002993492774e-17
3.8902700091092143e-17
3.891724573749115e-17
3.894148848148952e-17
3.895603412788855e-17
3.8975428323087267e-17
3.898997396948627e-17
3.901421671348467e-17
3.903361090868336e-17
3.9053005103882075e-17
3.906270220148142e-17
3.9072399299080765e-17
3.908209639668011e-17
3.909664204307914e-17
3.911118768947817e-17
3.913543043347657e-17
3.915482462867526e-17
3.917906737267363e-17
3.9198461567872347e-17
3.920815866547169e-17
3.922270431187072e-17
3.9237249958269726e-17
3.927118979986747e-17
3.9290583995066185e-17
3.9305129641465214e-17
3.9339069483062934e-17
3.9358463678261623e-17
3.936816077586099e-17
3.939240351985934e-17
3.940210061745871e-17
3.943119191025677e-17
3.94457375566558e-17
3.946028320305483e-17
3.947482884945386e-17
3.949422304465255e-17
3.9503920142251895e-17
3.9518465788650925e-17
3.9533011435049954e-17
3.956210272784799e-17
3.958634547184639e-17
3.961058821584476e-17
3.963483095984314e-17
3.9649376606242167e-17
3.965907370384151e-17
3.967361935024054e-17
3.9697862094238916e-17
3.971725628943763e-17
3.9731801935836635e-17
3.9756044679835034e-17
3.9775438875033724e-17
3.9804530167831783e-17
3.98384700094295e-17
3.984816710702887e-17
3.986756130222756e-17
3.990150114382528e-17
3.994513808302237e-17
3.995483518062174e-17
3.9983926473419774e-17
3.999362357101912e-17
4.003726051021621e-17
4.005180615661524e-17
4.006150325421458e-17
4.007604890061361e-17
4.010514019341167e-17
4.01196858398107e-17
4.0129382937410046e-17
4.0148777132608736e-17
4.0163322779007766e-17
4.0187565523006165e-17
4.0202111169405194e-17
4.0221505364603884e-17
4.023120246220323e-17
4.026514230380097e-17
4.027483940140032e-17
4.028938504779932e-17
4.030877924299804e-17
4.031847634059738e-17
4.034271908459578e-17
4.035726473099481e-17
4.0366961828594156e-17
4.0386356023792846e-17
4.040575021899156e-17
4.043969006058928e-17
4.045423570698831e-17
4.046878135338734e-17
4.048332699978637e-17
4.04978726461854e-17
4.050756974378474e-17
4.052696393898346e-17
4.055120668298181e-17
4.0560903780581176e-17
4.0609389268577925e-17
4.0623934914976955e-17
4.0638480561375985e-17
4.064817765897533e-17
4.066272330537436e-17
4.067726895177339e-17
4.069181459817242e-17
4.0706360244571424e-17
4.072575443977014e-17
4.074030008616917e-17
4.0769391378967227e-17
4.077908847656657e-17
4.0788785574165917e-17
4.079848267176526e-17
4.082757396456332e-17
4.084211961096235e-17
4.085181670856172e-17
4.086151380616104e-17
4.0880908001359754e-17
4.0895453647758784e-17
4.0909999294157814e-17
4.091969639175716e-17
4.092939348935653e-17
4.095363623335488e-17
4.096333333095425e-17
4.098272752615294e-17
4.0992424623752307e-17
4.103606156294937e-17
4.1055455758148085e-17
4.106515285574743e-17
4.1074849953346775e-17
4.109424414854549e-17
4.111363834374418e-17
4.1123335441343524e-17
4.114272963654224e-17
4.116212383174095e-17
4.118636657573933e-17
4.120091222213833e-17
4.12106093197377e-17
4.1234852063736077e-17
4.125424625893479e-17
4.126879190533382e-17
4.127848900293314e-17
4.1297883198131855e-17
4.13075802957312e-17
4.131727739333057e-17
4.1341520137328944e-17
4.1360914332527634e-17
4.137061143012698e-17
4.139485417412538e-17
4.14287940157231e-17
4.1457885308521156e-17
4.1472430954920186e-17
4.1486976601319216e-17
4.1520916442916935e-17
4.1540310638115625e-17
4.1550007735714994e-17
4.1569401930913684e-17
4.15887961261124e-17
4.161303887011077e-17
4.16275845165098e-17
4.163728161410915e-17
4.165182726050818e-17
4.166152435810752e-17
4.169061565090558e-17
4.1700312748504926e-17
4.171970694370364e-17
4.173425259010267e-17
4.1743949687702015e-17
4.175849533410102e-17
4.177304098050005e-17
4.178758662689908e-17
4.181182937089748e-17
4.1821526468496823e-17
4.184092066369554e-17
4.185061776129486e-17
4.187001195649357e-17
4.1889406151692287e-17
4.1908800346890977e-17
4.1923345993290006e-17
4.193304309088935e-17
4.194758873728838e-17
4.1966982932487095e-17
4.1981528578886125e-17
4.2020316969283504e-17
4.2034862615682534e-17
4.2049408262081563e-17
4.206880245728028e-17
4.209304520127865e-17
4.2102742298878e-17
4.212213649407671e-17
4.21415306892754e-17
4.2180319079672806e-17
4.2194864726071835e-17
4.220456182367118e-17
4.221910747007021e-17
4.2238501665268924e-17
4.2257895860467614e-17
4.2286987153265673e-17
4.230638134846439e-17
4.232092699486342e-17
4.233062409246274e-17
4.2359715385260797e-17
4.237910958045951e-17
4.239365522685854e-17
4.2413049422057255e-17
4.2422746519656575e-17
4.2446989263654974e-17
4.245668636125432e-17
4.247123200765335e-17
4.2490626202852063e-17
4.2510020398050753e-17
4.254396023964847e-17
4.2563354434847187e-17
4.258759717884556e-17
4.2626385569242966e-17
4.265062831324134e-17
4.2660325410840685e-17
4.269426525243843e-17
4.275729638683421e-17
4.277184203323324e-17
4.279123622843193e-17
4.2815478972430326e-17
4.2839721716428676e-17
4.2868813009226735e-17
4.2883358655625765e-17
4.2902752850824455e-17
4.2917298497223484e-17
4.2926995594822854e-17
4.2960935436420573e-17
4.298032963161929e-17
4.299487527801829e-17
4.300457237561766e-17
4.303366366841572e-17
4.3057906412414096e-17
4.306760351001344e-17
4.308214915641247e-17
4.3106391900410845e-17
4.312578609560956e-17
4.315002883960791e-17
4.315972593720728e-17
4.3169423034806624e-17
4.3183968681205653e-17
4.3193665778805e-17
4.322760562040272e-17
4.324699981560143e-17
4.3266394010800146e-17
4.3285788205998836e-17
4.330518240119755e-17
4.332457659639624e-17
4.3343970791594954e-17
4.336821353559333e-17
4.338275918199236e-17
4.3407001925990733e-17
4.342154757238976e-17
4.343609321878879e-17
4.345063886518782e-17
4.3460335962787167e-17
4.3494275804384886e-17
4.3508821450783916e-17
4.3523367097182946e-17
4.353306419478229e-17
4.357670113397938e-17
4.3600943877977754e-17
4.362033807317647e-17
4.363973226837516e-17
4.365912646357385e-17
4.367852065877256e-17
4.369306630517159e-17
4.370761195157062e-17
4.3722157597969626e-17
4.3731854695568996e-17
4.37706430859664e-17
4.3794885829964775e-17
4.3814280025163464e-17
4.3828825671562494e-17
4.3843371317961524e-17
4.386276551316024e-17
4.387731115955927e-17
4.389185680595827e-17
4.39064024523573e-17
4.391609954995667e-17
4.393549374515536e-17
4.395003939155439e-17
4.3974282135552766e-17
4.3988827781951795e-17
4.400822197715051e-17
4.402276762354954e-17
4.404701036754789e-17
4.405670746514726e-17
4.407610166034595e-17
4.409064730674498e-17
4.410519295314401e-17
4.411973859954304e-17
4.415852698994044e-17
4.4168224087539786e-17
4.41876182827385e-17
4.420216392913753e-17
4.4211861026736875e-17
4.4255497965933964e-17
4.4270043612332994e-17
4.427974070993234e-17
4.4308832002730373e-17
4.431852910032974e-17
4.434277184432812e-17
4.435246894192746e-17
4.436701458832649e-17
4.438156023472552e-17
4.4391257332324866e-17
4.4405802978723896e-17
4.443004572272227e-17
4.445428846672067e-17
4.448822830831839e-17
4.4512471052316763e-17
4.452216814991611e-17
4.453671379631514e-17
4.455610799151383e-17
4.457065363791286e-17
4.459004783311157e-17
4.4614290577109946e-17
4.4628836223508976e-17
4.465307896750735e-17
4.466762461390638e-17
4.4677321711505725e-17
4.4691867357904755e-17
4.471611010190313e-17
4.4725807199502474e-17
4.474520139470119e-17
4.47645955898999e-17
4.481308107789665e-17
4.485671801709374e-17
4.4871263663492746e-17
4.490520350509049e-17
4.4914900602689835e-17
4.4929446249088864e-17
4.494399189548787e-17
4.496823463948627e-17
4.4977931737085613e-17
4.500217448108399e-17
4.503126577388205e-17
4.5045811420281077e-17
4.5060357066680106e-17
4.508459981067848e-17
4.509914545707751e-17
4.5113691103476515e-17
4.5123388201075885e-17
4.5142782396274575e-17
4.516217659147329e-17
4.517672223787232e-17
4.5191267884271324e-17
4.5205813530670353e-17
4.523005627466875e-17
4.52397533722681e-17
4.525429901866713e-17
4.526399611626647e-17
4.5273693213865817e-17
4.529308740906453e-17
4.530763305546356e-17
4.532217870186259e-17
4.533672434826162e-17
4.535611854346031e-17
4.5375512738659e-17
4.538520983625837e-17
4.541914967785609e-17
4.543369532425512e-17
4.544824097065415e-17
4.546278661705318e-17
4.547248371465252e-17
4.550157500745058e-17
4.5525817751448956e-17
4.55355148490483e-17
4.5545211946647646e-17
4.5569454690646045e-17
4.557915178824539e-17
4.5588848885844735e-17
4.5603394532243764e-17
4.561309162984311e-17
4.5622788727442454e-17
4.564218292264117e-17
4.56567285690402e-17
4.567127421543923e-17
4.568581986183823e-17
4.571006260583663e-17
4.5719759703435977e-17
4.573915389863469e-17
4.577309374023241e-17
4.5797336484230785e-17
4.5811882130629815e-17
4.583127632582853e-17
4.585067052102722e-17
4.587976181382528e-17
4.589915600902397e-17
4.591855020422266e-17
4.592824730182203e-17
4.5942792948221057e-17
4.59524900458204e-17
4.599612698501749e-17
4.603006682661521e-17
4.6049461021813924e-17
4.6078552314611983e-17
4.611734070500936e-17
4.612703780260873e-17
4.614158344900776e-17
4.616582619300611e-17
4.618037183940514e-17
4.619491748580417e-17
4.620461458340354e-17
4.6243402973800945e-17
4.6262797168999635e-17
4.6277342815398664e-17
4.629673701059738e-17
4.633552540099476e-17
4.634522249859413e-17
4.635491959619347e-17
4.63694652425925e-17
4.637916234019185e-17
4.6393707986590877e-17
4.6408253632989906e-17
4.641795073058925e-17
4.643249637698828e-17
4.6471284767385685e-17
4.6485830413784715e-17
4.6500376060183744e-17
4.653916445058115e-17
4.655371009698018e-17
4.656340719457952e-17
4.657795284097855e-17
4.659249848737758e-17
4.662158978017564e-17
4.6631286877774986e-17
4.664098397537433e-17
4.666037817057302e-17
4.667007526817239e-17
4.671856075616914e-17
4.673795495136783e-17
4.67476520489672e-17
4.676704624416589e-17
4.678159189056492e-17
4.680583463456332e-17
4.683007737856167e-17
4.6854320122560066e-17
4.6873714317758756e-17
4.6883411415358126e-17
4.6902805610556815e-17
4.691250270815616e-17
4.6922199805755505e-17
4.6951291098553564e-17
4.6975533842551963e-17
4.699007948895097e-17
4.700947368414968e-17
4.703371642814806e-17
4.705311062334677e-17
4.7096747562543836e-17
4.712099030654221e-17
4.713553595294124e-17
4.71646272457393e-17
4.7174324343338644e-17
4.721311273373605e-17
4.722765838013508e-17
4.725674967293314e-17
4.727614386813183e-17
4.7285840965731197e-17
4.7310083709729546e-17
4.7319780807328916e-17
4.7334326453727946e-17
4.7368266295325665e-17
4.7382811941724695e-17
4.7402206136923384e-17
4.7416751783322414e-17
4.7426448880921784e-17
4.7445843076120473e-17
4.747008582011887e-17
4.749432856411722e-17
4.752341985691528e-17
4.753796550331431e-17
4.7557359698513e-17
4.757190534491203e-17
4.758645099131106e-17
4.7605845186509775e-17
4.763008793050815e-17
4.764948212570684e-17
4.767372486970524e-17
4.769311906490393e-17
4.771251326010264e-17
4.772221035770199e-17
4.7780392943298106e-17
4.7799787138496795e-17
4.7814332784895825e-17
4.7857969724092914e-17
4.786766682169226e-17
4.7896758114490293e-17
4.790645521208966e-17
4.792584940728835e-17
4.793554650488772e-17
4.7964637797685757e-17
4.7979183444084786e-17
4.7993729090483816e-17
4.801797183448219e-17
4.804221457848059e-17
4.806645732247894e-17
4.809070006647734e-17
4.810524571287637e-17
4.81197913592754e-17
4.813918555447409e-17
4.814888265207343e-17
4.816342829847246e-17
4.817797394487149e-17
4.8202216688869866e-17
4.8221610884068556e-17
4.824100507926727e-17
4.8250702176866615e-17
4.8274944920865015e-17
4.8294339116063704e-17
4.8323430408861764e-17
4.835252170165982e-17
4.836706734805885e-17
4.837676444565817e-17
4.83913100920572e-17
4.840100718965657e-17
4.84155528360556e-17
4.8425249933654946e-17
4.845434122645298e-17
4.846888687285201e-17
4.847858397045138e-17
4.8517372360848784e-17
4.852706945844813e-17
4.854161510484716e-17
4.855616075124619e-17
4.857070639764522e-17
4.859494914164359e-17
4.862888898324131e-17
4.865798027603937e-17
4.8691920117637115e-17
4.8701617215236435e-17
4.873555705683418e-17
4.8745254154433524e-17
4.8793739642430273e-17
4.881313383762899e-17
4.883737658162736e-17
4.8861619325625737e-17
4.888101352082445e-17
4.890040771602314e-17
4.895859030161926e-17
4.897798449681795e-17
4.898768159441732e-17
4.900222724081635e-17
4.901677288721538e-17
4.904101563121373e-17
4.906525837521213e-17
4.9094349668010186e-17
4.9113743863208876e-17
4.9133138058407566e-17
4.9147683704806595e-17
4.916707790000531e-17
4.9196169192803344e-17
4.9210714839202374e-17
4.9225260485601404e-17
4.9234957583200773e-17
4.925435177839946e-17
4.930283726639621e-17
4.933192855919427e-17
4.934162565679364e-17
4.936101985199233e-17
4.937556549839136e-17
4.9385262595990705e-17
4.940950533998908e-17
4.942889953518777e-17
4.9448293730386484e-17
4.947738502318454e-17
4.952102196238161e-17
4.954041615758032e-17
4.9550113255179666e-17
4.9564658901578696e-17
4.9579204547977726e-17
4.9622841487174815e-17
4.964708423117319e-17
4.9666478426371904e-17
4.968102407277091e-17
4.971496391436865e-17
4.973435810956734e-17
4.974405520716671e-17
4.9773146499964746e-17
4.980708634156249e-17
4.9831329085560865e-17
4.98604203783589e-17
4.9879814573557614e-17
4.9894360219956644e-17
4.993799715915371e-17
4.994769425675308e-17
4.997193700075145e-17
4.9991331195950166e-17
5.000587684234917e-17
5.00204224887482e-17
5.0044665232746575e-17
5.0059210879145605e-17
5.0068907976744975e-17
5.0088302171943664e-17
5.0102847818342694e-17
5.0136787659940413e-17
5.017557605033782e-17
5.018527314793716e-17
5.019981879433619e-17
5.022406153833459e-17
5.0253152831132626e-17
5.028709267273037e-17
5.0311335416728744e-17
5.032103251432809e-17
5.0345275258326464e-17
5.036466945352518e-17
5.037436655112452e-17
5.0427700587920957e-17
5.045194333191933e-17
5.0476186075917706e-17
5.0485883173517075e-17
5.050042881991608e-17
5.051497446631511e-17
5.0524671563914455e-17
5.0553762856712514e-17
5.057800560071089e-17
5.05973997959096e-17
5.062164253990798e-17
5.064103673510669e-17
5.067982512550407e-17
5.072346206470116e-17
5.075740190629888e-17
5.078164465029728e-17
5.0791341747896624e-17
5.0805887394295653e-17
5.0815584491895e-17
5.084467578469306e-17
5.0873767077491117e-17
5.088346417509046e-17
5.0907706919088836e-17
5.0927101114287526e-17
5.0936798211886895e-17
5.0956192407085585e-17
5.0965889504684955e-17
5.09755866022843e-17
5.100952644388202e-17
5.105316338307911e-17
5.106770902947811e-17
5.108225467587714e-17
5.109680032227617e-17
5.11113459686752e-17
5.112104306627457e-17
5.1130740163873916e-17
5.1150134359072606e-17
5.1164680005471635e-17
5.118892274947001e-17
5.119861984706938e-17
5.121316549346841e-17
5.122286259106773e-17
5.1256802432665473e-17
5.128589372546353e-17
5.131013646946191e-17
5.133437921346028e-17
5.136347050625834e-17
