5.483174756181571e-19
7.503060461719316e-19
8.513003314488251e-19
1.0532889020025873e-18
1.305774615194821e-18
1.5077631857485831e-18
1.6087574710254766e-18
1.70975175630237e-18
1.9117403268561322e-18
2.113728897409919e-18
2.2652203253252346e-18
2.4167117532405748e-18
2.669197466432796e-18
2.820688894348124e-18
2.972180322263464e-18
3.1236717501787796e-18
3.224666035455673e-18
3.3256603207325664e-18
3.42665460600946e-18
3.527648891286341e-18
3.628643176563222e-18
3.7296374618401155e-18
3.881128889755456e-18
3.9821231750323245e-18
4.133614602947665e-18
4.234608888224558e-18
4.537591744055214e-18
4.638586029332107e-18
4.739580314609001e-18
4.891071742524316e-18
5.14355745571655e-18
5.2445517409934185e-18
5.345546026270312e-18
5.4465403115472054e-18
5.64852888210098e-18
5.749523167377861e-18
5.8505174526547545e-18
5.951511737931648e-18
6.052506023208529e-18
6.15350030848541e-18
6.30499173640075e-18
6.506980306954525e-18
6.658471734869853e-18
6.809963162785193e-18
6.961454590700508e-18
7.213940303892742e-18
7.567420302361844e-18
7.718911730277185e-18
7.8704031581925e-18
7.971397443469393e-18
8.072391728746287e-18
8.17338601402318e-18
8.274380299300049e-18
8.42587172721539e-18
8.526866012492283e-18
8.678357440407598e-18
8.779351725684492e-18
8.880346010961385e-18
9.08233458151516e-18
9.233826009430488e-18
9.385317437345828e-18
9.536808865261143e-18
9.688300293176483e-18
9.789294578453377e-18
9.940786006368692e-18
1.0092277434284032e-17
1.0243768862199373e-17
1.0395260290114688e-17
1.0546751718030028e-17
1.0698243145945368e-17
1.090023171649913e-17
1.1001226001776024e-17
1.1152717429691364e-17
1.1354706000245126e-17
1.1506197428160467e-17
1.1708185998714229e-17
1.1910174569268016e-17
1.2061665997183344e-17
1.2213157425098671e-17
1.2364648853014012e-17
1.2465643138290893e-17
1.2667631708844667e-17
1.2819123136760007e-17
1.2920117422036889e-17
1.302111170731377e-17
1.3122105992590663e-17
1.3324094563144438e-17
1.3475585991059765e-17
1.3576580276336659e-17
1.3778568846890421e-17
1.3879563132167315e-17
1.40815517027211e-17
1.4182545987997983e-17
1.4384534558551757e-17
1.448552884382865e-17
1.4637020271743966e-17
1.473801455702086e-17
1.48895059849362e-17
1.5040997412851527e-17
1.514199169812841e-17
1.5242985983405302e-17
1.5444974553959077e-17
1.5596465981874404e-17
1.5747957409789745e-17
1.6000443122981954e-17
1.6101437408258847e-17
1.6252928836174187e-17
1.645491740672795e-17
1.660640883464329e-17
1.6707403119920183e-17
1.6959888833112392e-17
1.7161877403666166e-17
1.7464860259496834e-17
1.7565854544773716e-17
1.7666848830050597e-17
1.776784311532749e-17
1.7868837400604384e-17
1.8222317399073486e-17
1.8373808826988826e-17
1.8575797397542588e-17
1.8676791682819482e-17
1.8878780253373256e-17
1.908076882392703e-17
1.923226025184237e-17
1.933325453711924e-17
1.9535243107673027e-17
1.9686734535588367e-17
1.9787728820865236e-17
2.004021453405747e-17
2.0191705961972785e-17
2.0494688817803465e-17
2.0595683103080346e-17
2.0696677388357227e-17
2.0848168816272567e-17
2.105015738682633e-17
2.1151151672103223e-17
2.1252145957380117e-17
2.1403637385295444e-17
2.160562595584922e-17
2.175711738376456e-17
2.185811166904144e-17
2.195910595431832e-17
2.2060100239595215e-17
2.2312585952787424e-17
2.2413580238064342e-17
2.2666065951256526e-17
2.276706023653342e-17
2.2868054521810313e-17
2.3019545949725653e-17
2.3120540235002547e-17
2.3272031662917887e-17
2.337302594819473e-17
2.3625511661386964e-17
2.3777003089302305e-17
2.3877997374579198e-17
2.4029488802494538e-17
2.4130483087771432e-17
2.4281974515686723e-17
2.4382968800963616e-17
2.448396308624051e-17
2.463545451415585e-17
2.478694594207119e-17
2.4887940227348083e-17
2.4988934512624977e-17
2.5190923083178714e-17
2.5291917368455608e-17
2.5443408796370948e-17
2.5594900224286288e-17
2.5746391652201628e-17
2.5948380222755366e-17
2.604937450803226e-17
2.62008659359476e-17
2.6301860221224493e-17
2.6554345934416726e-17
2.665534021969362e-17
2.675633450497049e-17
2.6857328790247357e-17
2.695832307552425e-17
2.7059317360801144e-17
2.726130593135493e-17
2.7463294501908718e-17
2.7614785929824033e-17
2.7715780215100902e-17
2.7816774500377796e-17
2.7968265928293136e-17
2.8119757356208476e-17
2.8271248784123816e-17
2.837224306940071e-17
2.847323735467758e-17
2.857423163995445e-17
2.882671735314668e-17
2.897820878106202e-17
2.912970020897736e-17
2.9382185922169545e-17
2.9533677350084886e-17
2.973566592063867e-17
2.988715734855401e-17
3.0139643061746246e-17
3.029113448966154e-17
3.044262591757688e-17
3.0644614488130664e-17
3.0796105916046004e-17
3.08971002013229e-17
3.0998094486599766e-17
3.114958591451508e-17
3.130107734243042e-17
3.1402071627707316e-17
3.16040601982611e-17
3.175555162617644e-17
3.1907043054091733e-17
3.200803733936863e-17
3.215952876728397e-17
3.24120144804762e-17
3.256350590839154e-17
3.276549447894528e-17
3.286648876422217e-17
3.2967483049499065e-17
3.3118974477414405e-17
3.337146019060664e-17
3.347245447588353e-17
3.3623945903798823e-17
3.3775437331714164e-17
3.387643161699106e-17
3.40279230449064e-17
3.417941447282174e-17
3.433090590073708e-17
3.448239732865237e-17
3.458339161392926e-17
3.47348830418446e-17
3.488637446975994e-17
3.518935732559062e-17
3.5340848753505913e-17
3.5643831609336594e-17
3.5795323037251934e-17
3.6098305893082614e-17
3.630029446363635e-17
3.6401288748913245e-17
3.660327731946703e-17
3.6704271604743925e-17
3.680526589002082e-17
3.695675731793616e-17
3.7209243031128343e-17
3.7310237316405237e-17
3.741123160168213e-17
3.756272302959747e-17
3.7663717314874364e-17
3.7865705885428126e-17
3.806769445598189e-17
3.816868874125878e-17
3.832018016917412e-17
3.852216873972791e-17
3.8724157310281646e-17
3.8875648738196986e-17
3.897664302347388e-17
3.912813445138922e-17
3.9229128736666113e-17
3.9330123021943007e-17
3.948161444985835e-17
3.9835094448327425e-17
4.008758016151966e-17
4.034006587471189e-17
4.049155730262718e-17
4.064304873054252e-17
4.0895534443734757e-17
4.099652872901165e-17
4.114802015692699e-17
4.124901444220386e-17
4.145100301275762e-17
4.1703488725949855e-17
4.180448301122675e-17
4.195597443914209e-17
4.2107465867057404e-17
4.225895729497272e-17
4.2460945865526506e-17
4.25619401508034e-17
4.2763928721357187e-17
4.2915420149272527e-17
4.301641443454937e-17
4.3117408719826264e-17
4.3420391575656945e-17
4.3571883003572285e-17
4.377387157412607e-17
4.3874865859402916e-17
4.4026357287318256e-17
4.437983728578738e-17
4.458182585634117e-17
4.473331728425646e-17
4.4834311569533354e-17
4.493530585481025e-17
4.503630014008714e-17
4.518779156800248e-17
4.538978013855627e-17
4.564226585174845e-17
4.579375727966379e-17
4.6046242992856026e-17
4.629872870604826e-17
4.6399722991325104e-17
4.6500717276602e-17
4.665220870451734e-17
4.675320298979423e-17
4.690469441770957e-17
4.7005688702986465e-17
4.710668298826336e-17
4.7207677273540227e-17
4.740966584409399e-17
4.766215155728622e-17
4.786414012784001e-17
4.801563155575535e-17
4.816712298367064e-17
4.836911155422443e-17
4.847010583950132e-17
4.862159726741666e-17
4.8722591552693554e-17
4.882358583797045e-17
4.8924580123247317e-17
4.907607155116263e-17
4.922756297907797e-17
4.937905440699331e-17
4.9480048692270206e-17
4.95810429775471e-17
4.978303154810086e-17
4.9985020118654624e-17
5.008601440393152e-17
5.018700868920841e-17
5.0288002974485304e-17
5.03889972597622e-17
5.048999154503909e-17
5.0641482972954406e-17
5.0742477258231275e-17
5.0893968686146615e-17
5.1045460114061956e-17
5.114645439933885e-17
5.129794582725419e-17
