5.60477014512298e-19
6.706190013062413e-19
8.3583198149715e-19
9.459739682910932e-19
1.1662579418789674e-18
1.3314709220698761e-18
1.4966839022607848e-18
1.6618968824516935e-18
1.7720388692456368e-18
1.8821808560395677e-18
1.992322842833511e-18
2.102464829627442e-18
2.212606816421385e-18
2.377819796612294e-18
2.4879617834062247e-18
2.6531747635971335e-18
2.7633167503910767e-18
2.87345873718502e-18
3.0386717173759287e-18
3.1488137041698596e-18
3.3140266843607683e-18
3.479239664551677e-18
3.58938165134562e-18
3.754594631536517e-18
3.86473661833046e-18
3.974878605124403e-18
4.085020591918334e-18
4.195162578712277e-18
4.4154465523001515e-18
4.58065953249106e-18
4.745872512681969e-18
5.021227479666821e-18
5.1864404598577296e-18
5.2965824466516605e-18
5.406724433445604e-18
5.627008407033478e-18
5.957434367415295e-18
6.0675763542092386e-18
6.342931321194078e-18
6.508144301384987e-18
6.783499268369839e-18
6.948712248560735e-18
7.168996222148622e-18
7.279138208942553e-18
7.499422182530427e-18
7.609564169324382e-18
7.719706156118313e-18
7.9399901297062e-18
8.05013211650013e-18
8.160274103294062e-18
8.490700063675879e-18
8.710984037263766e-18
8.931268010851652e-18
9.041409997645583e-18
9.261693971233445e-18
9.481977944821331e-18
9.757332911806171e-18
9.977616885394057e-18
1.0308042845775875e-17
1.0418184832569806e-17
1.0583397812760715e-17
1.0748610792951623e-17
1.107903675333344e-17
1.1189178740127372e-17
1.1464533707112236e-17
1.1629746687303145e-17
1.1794959667494053e-17
1.1905101654287984e-17
1.212538562787587e-17
1.240074059486071e-17
1.2565953575051594e-17
1.2731166555242503e-17
1.2841308542036459e-17
1.3006521522227367e-17
1.3171734502418276e-17
1.3336947482609185e-17
1.3557231456197047e-17
1.3667373442991002e-17
1.3777515429784933e-17
1.3887657416578864e-17
1.4052870396769773e-17
1.427315437035766e-17
1.438329635715159e-17
1.4658651324136455e-17
1.4768793310930385e-17
1.4934006291121294e-17
1.5044148277915225e-17
1.515429026470918e-17
1.531950324490009e-17
1.5484716225090998e-17
1.570500019867886e-17
1.5925284172266722e-17
1.6145568145854608e-17
1.625571013264854e-17
1.6365852119442495e-17
1.6531065099633403e-17
1.6641207086427334e-17
1.6806420066618243e-17
1.6971633046809152e-17
1.713684602700006e-17
1.730205900719097e-17
1.7467271987381878e-17
1.757741397417581e-17
1.7687555960969764e-17
1.7852768941160673e-17
1.7962910927954604e-17
1.8128123908145513e-17
1.83484078817334e-17
1.845854986852733e-17
1.8788975828909148e-17
1.900925980249701e-17
1.9229543776084896e-17
1.9339685762878827e-17
1.9449827749672758e-17
1.9559969736466713e-17
1.9725182716657622e-17
1.9835324703451553e-17
2.0110679670436393e-17
2.0220821657230348e-17
2.033096364402428e-17
2.044110563081821e-17
2.060631861100912e-17
2.0771531591200027e-17
2.0881673577993983e-17
2.1101957551581845e-17
2.12120995383758e-17
2.132224152516973e-17
2.148745450536064e-17
2.165266748555155e-17
2.176280947234548e-17
2.1872951459139435e-17
2.214830642612425e-17
2.231351940631516e-17
2.2423661393109115e-17
2.2699016360093954e-17
2.308451331387275e-17
2.319465530066668e-17
2.330479728746061e-17
2.3525081261048498e-17
2.363522324784243e-17
2.3745365234636384e-17
2.3965649208224246e-17
2.4075791195018202e-17
2.435114616200304e-17
2.4571430135590928e-17
2.468157212238486e-17
2.479171410917879e-17
2.4956927089369698e-17
2.5177211062957585e-17
2.5397495036545447e-17
2.5672850003530286e-17
2.5838062983721195e-17
2.594820497051515e-17
2.611341795070606e-17
2.6443843911087877e-17
2.666412788467574e-17
2.6884411858263625e-17
2.7104695831851512e-17
2.726990881204242e-17
2.7490192785630282e-17
2.765540576582119e-17
2.78206187460121e-17
2.798583172620301e-17
2.8095973712996964e-17
2.826118669318787e-17
2.842639967337878e-17
2.8591612653569665e-17
2.8701754640363596e-17
2.881189662715755e-17
2.892203861395148e-17
2.914232258753937e-17
2.930753556773028e-17
2.9472748547921187e-17
2.9637961528112095e-17
2.9803174508303004e-17
2.996838748849391e-17
3.024374245547875e-17
3.040895543566966e-17
3.073938139605148e-17
3.090459437624239e-17
3.101473636303632e-17
3.1124878349830274e-17
3.1235020336624205e-17
3.145530431021209e-17
3.156544629700602e-17
3.173065927719693e-17
3.184080126399086e-17
3.195094325078479e-17
3.2061085237578724e-17
3.222629821776963e-17
3.239151119796054e-17
3.2501653184754497e-17
3.2832079145136314e-17
3.2942221131930245e-17
3.3052363118724176e-17
3.332771808570904e-17
3.343786007250297e-17
3.365814404609086e-17
3.376828603288479e-17
3.39334990130757e-17
3.4208853980060537e-17
3.4374066960251445e-17
3.44842089470454e-17
3.475956391403024e-17
3.497984788761813e-17
3.520013186120599e-17
3.531027384799992e-17
3.547548682819083e-17
3.564069980838174e-17
3.575084179517567e-17
3.591605477536658e-17
3.602619676216053e-17
3.630155172914537e-17
3.6411693715939303e-17
3.652183570273326e-17
3.668704868292417e-17
3.6852261663115076e-17
3.7017474643305985e-17
3.7127616630099916e-17
3.73479006036878e-17
3.7458042590481733e-17
3.767832656406962e-17
3.778846855086355e-17
3.800875252445144e-17
3.811889451124537e-17
3.833917848483323e-17
3.8559462458421116e-17
3.8724675438612025e-17
3.9000030405596865e-17
3.922031437918475e-17
3.938552735937566e-17
3.955074033956657e-17
3.9881166299948386e-17
4.0046379280139295e-17
4.0211592260330203e-17
4.037680524052111e-17
4.0597089214108974e-17
4.076230219429988e-17
4.092751517449079e-17
4.103765716128475e-17
4.125794113487261e-17
4.1368083121666564e-17
4.164343808865138e-17
4.1753580075445335e-17
4.1863722062239266e-17
4.1973864049033197e-17
4.2139077029224106e-17
4.235936100281199e-17
4.25245739830029e-17
4.268978696319381e-17
4.285499994338472e-17
4.296514193017865e-17
4.3075283916972605e-17
4.3240496897163513e-17
4.3460780870751375e-17
4.368106484433926e-17
4.379120683113319e-17
4.390134881792715e-17
4.412163279151501e-17
4.428684577170592e-17
4.456220073869078e-17
4.48375557056756e-17
4.4947697692469554e-17
4.5057839679263485e-17
4.527812365285137e-17
4.544333663304228e-17
4.560854961323319e-17
4.571869160002712e-17
4.588390458021803e-17
4.599404656701196e-17
4.6214330540599845e-17
4.6379543520790754e-17
4.654475650098166e-17
4.68201114679665e-17
4.698532444815741e-17
4.72056084217453e-17
4.7425892395333184e-17
4.7536034382127115e-17
4.7701247362318024e-17
4.7811389349111955e-17
4.7921531335905886e-17
4.8251957296287703e-17
4.847224126987559e-17
4.869252524346345e-17
4.891280921705134e-17
4.9078022197242247e-17
4.9298306170830133e-17
4.946351915102104e-17
4.957366113781497e-17
4.973887411800588e-17
4.984901610479981e-17
5.001422908499072e-17
5.023451305857861e-17
5.034465504537254e-17
5.0454797032166494e-17
5.06200100123574e-17
5.0730151999151334e-17
5.0840293985945265e-17
5.106057795953315e-17
5.1225790939724035e-17
