4.439004664904816e-19
1.5666683937294632e-18
2.502308333095314e-18
3.6250762603342956e-18
4.373588211826917e-18
4.934972175446408e-18
5.870612114812357e-18
6.244868090558619e-18
6.619124066304979e-18
6.993380042051339e-18
7.741891993544059e-18
8.11614796929032e-18
8.86465992078304e-18
9.987427848022022e-18
1.0548811811641513e-17
1.1110195775261004e-17
1.2045835714626855e-17
1.2607219678246345e-17
1.2981475653992706e-17
1.3355731629739066e-17
1.3729987605485426e-17
1.4665627544851178e-17
1.5414139496343898e-17
1.578839547209016e-17
1.653690742358288e-17
1.709829138720237e-17
1.747254736294873e-17
1.803393132656822e-17
1.859531529018781e-17
1.8969571265934072e-17
1.9343827241680432e-17
1.9718083217426792e-17
2.0653723156792545e-17
2.1027979132538905e-17
2.1402235108285265e-17
2.1776491084031625e-17
2.2525003035524246e-17
2.3086386999143737e-17
2.3834898950636457e-17
2.4209154926382817e-17
2.4770538890002308e-17
2.5144794865748668e-17
2.551905084149493e-17
2.626756279298765e-17
2.682894675660714e-17
2.72032027323535e-17
2.870022663533884e-17
2.9074482611085104e-17
3.001012255045105e-17
3.0384378526197315e-17
3.0945762489816805e-17
3.1694274441309525e-17
3.281704236854851e-17
3.356555432004123e-17
3.393981029578749e-17
3.431406627153385e-17
3.468832224728021e-17
3.543683419877293e-17
3.599821816239242e-17
3.655960212601191e-17
3.693385810175817e-17
3.768237005325089e-17
3.843088200474361e-17
3.8805137980489874e-17
3.9179393956236234e-17
3.9927905907728855e-17
4.0863545847094805e-17
4.1424929810714295e-17
4.1986313774333786e-17
4.236056975008005e-17
4.348333767731913e-17
4.385759365306549e-17
4.460610560455811e-17
4.498036158030447e-17
4.554174554392396e-17
4.610312950754345e-17
4.647738548328981e-17
4.741302542265566e-17
4.797440938627515e-17
4.872292133776787e-17
4.9471433289260494e-17
5.0032817252879985e-17
5.0594201216499476e-17
