4.689493649504816e-19
7.714186576465887e-19
8.722417552119577e-19
1.1242994991253618e-18
1.2251225966907308e-18
1.3259456942560998e-18
1.4267687918214688e-18
1.5780034381695162e-18
1.779649633300242e-18
1.98129582843098e-18
2.082118925996349e-18
2.3341766699097654e-18
2.5862344138231694e-18
2.7374690601712168e-18
2.838292157736598e-18
2.9895268040846455e-18
3.140761450432693e-18
3.392819194346097e-18
3.493642291911478e-18
3.644876938259526e-18
3.745700035824882e-18
3.9473462309556204e-18
4.249815523651715e-18
4.5018732675651315e-18
4.703519462695882e-18
4.854754109043905e-18
5.005988755391977e-18
5.20763495052269e-18
5.510104243218785e-18
5.661338889566857e-18
5.8125735359148795e-18
6.064631279828308e-18
6.266277474959046e-18
6.46792367008976e-18
6.619158316437832e-18
6.7199814140031884e-18
6.820804511568545e-18
6.972039157916617e-18
7.12327380426464e-18
7.274508450612712e-18
7.476154645743425e-18
7.627389292091497e-18
7.72821238965683e-18
7.82903548722221e-18
8.081093231135615e-18
8.232327877483687e-18
8.333150975049043e-18
8.635620267745138e-18
8.837266462875876e-18
9.03891265800659e-18
9.190147304354662e-18
9.442205048268066e-18
9.543028145833447e-18
9.69426279218147e-18
9.795085889746851e-18
9.895908987312232e-18
1.0097555182442946e-17
1.0198378280008327e-17
1.0299201377573684e-17
1.0450436023921731e-17
1.0601670670269779e-17
1.0702493767835135e-17
1.0853728414183207e-17
1.100496306053123e-17
1.1357843902010015e-17
1.1559490097140778e-17
1.1710724743488801e-17
1.1811547841054182e-17
1.1962782487402205e-17
1.2063605584967586e-17
1.2164428682532968e-17
1.2366074877663681e-17
1.2517309524011753e-17
1.2668544170359776e-17
1.297101346305587e-17
1.32230712069693e-17
1.3374305853317347e-17
1.3475128950882728e-17
1.357595204844806e-17
1.3727186694796132e-17
1.387842134114418e-17
1.4029655987492227e-17
1.4180890633840274e-17
1.428171373140563e-17
1.4382536828971012e-17
1.453377147531906e-17
1.4634594572884416e-17
1.4785829219232488e-17
1.488665231679782e-17
1.4987475414363202e-17
1.5138710060711274e-17
1.5491590902190034e-17
1.559241399975539e-17
1.5693237097320772e-17
1.579406019488613e-17
1.5945294841234177e-17
1.619735258514758e-17
1.6298175682712962e-17
1.644941032906101e-17
1.6550233426626366e-17
1.6701468072974438e-17
1.6802291170539795e-17
1.690311426810515e-17
1.710476046323589e-17
1.7306406658366628e-17
1.740722975593201e-17
1.7558464402280032e-17
1.7659287499845413e-17
1.7911345243758817e-17
1.8012168341324198e-17
1.816340298767222e-17
1.8264226085237602e-17
1.8465872280368316e-17
1.8617106926716388e-17
1.871793002428177e-17
1.8919576219412483e-17
1.9020399316977864e-17
1.9171633963325887e-17
1.932286860967396e-17
1.9574926353587363e-17
1.972616099993541e-17
1.997821874384884e-17
2.0129453390196862e-17
2.0230276487762243e-17
2.0331099585327624e-17
2.0482334231675647e-17
2.0583157329241028e-17
2.0784803524371742e-17
2.103686126828517e-17
2.12889190121986e-17
2.138974210976393e-17
2.1490565207329313e-17
2.1591388304894694e-17
2.1793034500025407e-17
2.189385759759079e-17
2.1994680695156145e-17
2.2246738439069574e-17
2.234756153663493e-17
2.254920773176567e-17
2.270044237811369e-17
2.2851677024461764e-17
2.300291167080981e-17
2.3103734768375168e-17
2.3305380963505906e-17
2.3456615609853953e-17
2.3759084902550048e-17
2.385990800011543e-17
2.4011142646463452e-17
2.4212788841594214e-17
2.4313611939159547e-17
2.446484658550762e-17
2.4616081231855666e-17
2.4716904329421023e-17
2.4817727426986404e-17
2.4968962073334427e-17
2.517060826846519e-17
2.5321842914813212e-17
2.5422666012378593e-17
2.5523489109943975e-17
2.5674723756291998e-17
2.582595840264007e-17
2.6027604597770783e-17
2.622925079290152e-17
2.6330073890466878e-17
2.643089698803226e-17
2.6582131634380306e-17
2.6733366280728354e-17
2.68846009270764e-17
2.6985424024641758e-17
2.713665867098983e-17
2.7287893317337853e-17
2.7388716414903234e-17
2.753995106125128e-17
2.7640774158816638e-17
2.779200880516471e-17
2.7892831902730067e-17
2.7993655000295423e-17
2.8144889646643495e-17
2.824571274420883e-17
2.83969473905569e-17
2.854818203690492e-17
2.8699416683252994e-17
2.885065132960104e-17
2.900188597594909e-17
2.910270907351447e-17
2.9304355268645184e-17
2.9405178366210565e-17
2.950600146377592e-17
2.970764765890666e-17
2.9808470756472016e-17
2.9959705402820064e-17
3.01613515979508e-17
3.026217469551616e-17
3.041340934186423e-17
3.0615055536994944e-17
3.0715878634560325e-17
3.086711328090835e-17
3.106875947603911e-17
3.1320817219952515e-17
3.147205186630056e-17
3.157287496386592e-17
3.177452115899666e-17
3.1925755805344704e-17
3.212740200047544e-17
3.227863664682349e-17
3.242987129317154e-17
3.2530694390736894e-17
3.2681929037084966e-17
3.283316368343299e-17
3.293398678099837e-17
3.308522142734642e-17
3.3236456073694465e-17
3.3337279171259846e-17
3.343810226882518e-17
3.353892536639056e-17
3.37405715615213e-17
3.3841394659086654e-17
3.404304085421739e-17
3.424468704934813e-17
3.434551014691351e-17
3.4547156342044225e-17
3.479921408595763e-17
3.490003718352301e-17
3.500086028108839e-17
3.5101683378653724e-17
3.5202506476219105e-17
3.540415267134982e-17
3.555538731769789e-17
3.565621041526327e-17
3.5857856610393985e-17
3.60595028055247e-17
3.616032590309008e-17
3.636197209822082e-17
3.6614029842134247e-17
3.676526448848227e-17
3.686608758604765e-17
3.7017322232395674e-17
3.7118145329961055e-17
3.7269379976309127e-17
3.737020307387446e-17
3.757184926900522e-17
3.7672672366570554e-17
3.7773495464135935e-17
3.7874318561701316e-17
3.802555320804934e-17
3.817678785439741e-17
3.827761095196277e-17
3.8378434049528124e-17
3.8529668695876197e-17
3.8630491793441553e-17
3.87817264397896e-17
3.888254953735498e-17
3.9084195732485695e-17
3.9185018830051077e-17
3.9285841927616433e-17
3.943707657396448e-17
3.958831122031253e-17
3.9689134317877885e-17
3.9789957415443266e-17
3.999160361057398e-17
4.014283825692205e-17
4.0344484452052765e-17
4.0445307549618146e-17
4.054613064718353e-17
4.064695374474886e-17
4.079818839109693e-17
4.089901148866229e-17
4.0999834586227645e-17
4.115106923257572e-17
4.125189233014105e-17
4.145353852527181e-17
4.155436162283717e-17
4.1655184720402525e-17
4.1756007817967907e-17
4.190724246431593e-17
4.200806556188131e-17
4.210888865944669e-17
4.2260123305794715e-17
4.246176950092548e-17
4.256259259849081e-17
4.266341569605619e-17
4.281465034240426e-17
4.2965884988752286e-17
4.3066708086317667e-17
4.331876583023107e-17
4.347000047657914e-17
4.3570823574144475e-17
4.3671646671709856e-17
4.377246976927524e-17
4.387329286684057e-17
4.407493906197133e-17
4.4276585257102046e-17
4.442781990345012e-17
4.452864300101545e-17
4.467987764736352e-17
4.4831112293711545e-17
4.4931935391276926e-17
4.5133581586407664e-17
4.53352277815384e-17
4.543605087910376e-17
4.5536873976669115e-17
4.5637697074234497e-17
4.573852017179988e-17
4.58897548181479e-17
4.599057791571328e-17
4.609140101327864e-17
4.6192224110843996e-17
4.629304720840938e-17
4.649469340354009e-17
4.659551650110547e-17
4.699880889136695e-17
4.7099631988932305e-17
4.720045508649766e-17
4.7502924379193756e-17
4.770457057432452e-17
4.780539367188985e-17
4.8007039867020613e-17
4.8107862964585945e-17
4.825909761093402e-17
4.8410332257282065e-17
4.86119784524128e-17
4.871280154997816e-17
4.886403619632621e-17
4.9015270842674254e-17
4.911609394023961e-17
4.921691703780499e-17
4.936815168415304e-17
4.956979787928378e-17
4.97210325256318e-17
4.9922678720762563e-17
5.0073913367110586e-17
5.017473646467597e-17
5.0325971111024015e-17
5.042679420858937e-17
5.0729263501285466e-17
5.088049814763354e-17
5.0981321245198895e-17
5.108214434276425e-17
5.1233378989112323e-17
