4.670626271401915e-19
6.746447787832822e-19
8.303313925156064e-19
9.860180062479306e-19
1.089809082069476e-18
1.2454956958017878e-18
1.401182309534112e-18
1.5049733853556696e-18
1.608764461177215e-18
1.7125555369987603e-18
1.8163466128203057e-18
1.920137688641851e-18
2.127719840284954e-18
2.2315109161064994e-18
2.490988605660369e-18
2.646675219392693e-18
2.8023618331250173e-18
2.958048446857329e-18
3.165630598500432e-18
3.373212750143535e-18
3.684585977608171e-18
3.7883770534297165e-18
3.9959592050728196e-18
4.1516458188051314e-18
4.3073324325374556e-18
4.411123508359013e-18
4.826287811645195e-18
5.0857655011990765e-18
5.241452114931401e-18
5.345243190752934e-18
5.449034266574491e-18
5.6047208803068155e-18
5.9160941077714516e-18
6.019885183592997e-18
6.2274673352361e-18
6.383153948968412e-18
6.4869450247899695e-18
6.642631638522294e-18
6.746422714343839e-18
6.902109328076163e-18
7.005900403897709e-18
7.109691479719254e-18
7.213482555540799e-18
7.421064707183902e-18
7.576751320916214e-18
7.680542396737772e-18
7.784333472559317e-18
7.888124548380862e-18
7.99191562420242e-18
8.147602237934732e-18
8.355184389577835e-18
8.45897546539938e-18
8.666557617042483e-18
8.822244230774795e-18
8.92603530659634e-18
9.081721920328665e-18
9.185512996150222e-18
9.496886223614858e-18
9.600677299436404e-18
9.756363913168728e-18
9.860154988990273e-18
1.0119632678544143e-17
1.0327214830187246e-17
1.0482901443919558e-17
1.0586692519741115e-17
1.074237913347344e-17
1.0898065747205764e-17
1.1053752360938076e-17
1.1157543436759621e-17
1.1313230050491945e-17
1.1417021126313503e-17
1.1572707740045827e-17
1.1884080967510463e-17
1.1987872043332008e-17
1.2247349732885878e-17
1.2351140808707423e-17
1.2714409574082838e-17
1.2870096187815162e-17
1.297388726363672e-17
1.3129573877369044e-17
1.323336495319059e-17
1.344094710483368e-17
1.3544738180655226e-17
1.3648529256476783e-17
1.3804215870209107e-17
1.4063693559762965e-17
1.4271275711406068e-17
1.4375066787227613e-17
1.4478857863049158e-17
1.4582648938870704e-17
1.4738335552603028e-17
1.4894022166335352e-17
1.5049708780067676e-17
1.5257290931710767e-17
1.5568664159175415e-17
1.5828141848729285e-17
1.593193292455083e-17
1.6035724000372388e-17
1.6191410614104712e-17
1.634709722783701e-17
1.665847045530166e-17
1.6969843682766308e-17
1.7125530296498632e-17
1.743690352396328e-17
1.7592590137695605e-17
1.7800172289338696e-17
1.795585890307102e-17
1.8059649978892553e-17
1.8163441054714135e-17
1.8267232130535668e-17
1.8422918744267968e-17
1.852670982008955e-17
1.8630500895911083e-17
1.8838083047554174e-17
1.9045665199197264e-17
1.9305142888751146e-17
1.9460829502483446e-17
1.9564620578305028e-17
1.9772202729948094e-17
1.9927889343680443e-17
2.0083575957412743e-17
2.01873670332343e-17
2.0291158109055858e-17
2.0446844722788157e-17
2.0654426874431273e-17
2.0810113488163572e-17
2.096580010189592e-17
2.1225277791449778e-17
2.1380964405182102e-17
2.1484755481003635e-17
2.1588546556825218e-17
2.1744233170557517e-17
2.2107501935932932e-17
2.2211293011754465e-17
2.2366979625486814e-17
2.2522666239219114e-17
2.2626457315040696e-17
2.273024839086223e-17
2.293783054250532e-17
2.3041621618326877e-17
2.3197308232059177e-17
2.3404890383702292e-17
2.3560576997434592e-17
2.3768159149077707e-17
2.3975741300720798e-17
2.4235218990274655e-17
2.4546592217739303e-17
2.4702278831471652e-17
2.4857965445203952e-17
2.5117443134757833e-17
2.5221234210579367e-17
2.5325025286400924e-17
2.5480711900133248e-17
2.558450297595478e-17
2.568829405177634e-17
2.5792085127597897e-17
2.5999667279240987e-17
2.6207249430884078e-17
2.6362936044616402e-17
2.6518622658348726e-17
2.6778100347902608e-17
2.688189142372414e-17
2.6985682499545674e-17
2.7089473575367257e-17
2.7245160189099556e-17
2.734895126492109e-17
2.7452742340742672e-17
2.776411556820732e-17
2.7971697719850386e-17
2.8075488795671944e-17
2.81792798714935e-17
2.838686202313659e-17
2.8542548636868916e-17
2.8750130788512007e-17
2.89577129401551e-17
2.916529509179821e-17
2.932098170553051e-17
2.942477278135207e-17
2.9580459395084394e-17
2.9788041546727485e-17
2.9995623698370576e-17
3.0099414774192133e-17
3.020320585001369e-17
3.0306996925835224e-17
3.041078800165676e-17
3.0566474615389106e-17
3.0722161229121405e-17
3.092974338076452e-17
3.108542999449682e-17
3.11892210703184e-17
3.13449076840507e-17
3.1448698759872235e-17
3.165628091151535e-17
3.1811967525247675e-17
3.2019549676890765e-17
3.217523629062309e-17
3.2330922904355414e-17
3.248660951808774e-17
3.264229613182006e-17
3.279798274555236e-17
3.2901773821373944e-17
3.300556489719548e-17
3.3161251510927776e-17
3.336883366257089e-17
3.3524520276303216e-17
3.368020689003554e-17
3.383589350376784e-17
3.399158011750019e-17
3.414726673123249e-17
3.4302953344964837e-17
3.4458639958697136e-17
3.4562431034518694e-17
3.466622211034025e-17
3.482190872407255e-17
3.492569979989411e-17
3.5029490875715667e-17
3.51332819515372e-17
3.523707302735876e-17
3.5340864103180315e-17
3.554844625482338e-17
3.570413286855573e-17
3.591171502019882e-17
3.617119270975268e-17
3.6274983785574235e-17
3.6378774861395793e-17
3.6482565937217326e-17
3.658635701303886e-17
3.689773024050351e-17
3.7053416854235856e-17
3.7209103467968156e-17
3.7364790081700505e-17
3.772805884707592e-17
3.788374546080822e-17
3.8091327612451334e-17
3.835080530200519e-17
3.845459637782675e-17
3.87659696052914e-17
3.886976068111293e-17
3.9025447294845255e-17
3.9233029446488346e-17
3.9336820522309903e-17
3.949250713604223e-17
3.959629821186376e-17
3.990767143932841e-17
4.0115253590971524e-17
4.032283574261459e-17
4.042662681843617e-17
4.063420897007924e-17
4.0738000045900796e-17
4.0841791121722354e-17
4.0997477735454653e-17
4.1101268811276236e-17
4.1256955425008535e-17
4.136074650083007e-17
4.146453757665165e-17
4.1568328652473184e-17
4.1775910804116274e-17
4.187970187993783e-17
4.1983492955759365e-17
4.2139179569491714e-17
4.2294866183224013e-17
4.2398657259045546e-17
4.250244833486713e-17
4.2865717100242544e-17
4.307329925188561e-17
4.3280881403528725e-17
4.3436568017261025e-17
4.3696045706814906e-17
4.395552339636879e-17
4.405931447219032e-17
4.416310554801188e-17
4.4578269851298085e-17
4.4733956465030384e-17
4.483774754085194e-17
4.49415386166735e-17
4.50972252304058e-17
4.5304807382048915e-17
4.5460493995781214e-17
4.5564285071602797e-17
4.566807614742433e-17
4.582376276115663e-17
4.6031344912799744e-17
4.618703152653207e-17
4.634271814026439e-17
4.6446509216085926e-17
4.6602195829818275e-17
4.680977798146134e-17
4.7017360133104456e-17
4.7173046746836756e-17
4.727683782265834e-17
4.743252443639064e-17
4.764010658803375e-17
4.7743897663855286e-17
4.800337535340917e-17
4.81071664292307e-17
4.8210957505052234e-17
4.836664411878458e-17
4.852233073251688e-17
4.867801734624923e-17
4.883370395998153e-17
4.909318164953541e-17
4.945645041491083e-17
4.961213702864315e-17
4.9767823642375475e-17
4.987161471819701e-17
5.0079196869840124e-17
5.0234883483572423e-17
5.039057009730477e-17
5.0494361173126305e-17
5.065004778685863e-17
5.075383886268019e-17
5.0909525476412487e-17
5.1065212090144835e-17
5.1220898703877135e-17
