4.1057452764952627e-19
5.000688892936771e-19
6.343104317599033e-19
7.238047934040541e-19
8.580463358702803e-19
9.922878783365065e-19
1.1712766016248081e-18
1.3950125057351851e-18
1.5292540482014113e-18
1.6634955906676129e-18
1.7529899523117637e-18
1.8424843139559145e-18
2.110967398888367e-18
2.3794504838208193e-18
2.5136920262870456e-18
2.6031863879311964e-18
2.692680749575347e-18
2.8269222920415734e-18
3.005911015329875e-18
3.1401525577961012e-18
3.229646919440252e-18
3.319141281084403e-18
3.4086356427285536e-18
3.54287718519478e-18
3.7218659084830814e-18
3.811360270127232e-18
3.9456018125934584e-18
4.079843355059685e-18
4.214084897525911e-18
4.303579259170062e-18
4.482567982458363e-18
4.70630388656874e-18
4.795798248212891e-18
4.974786971501193e-18
5.153775694789494e-18
5.243270056433645e-18
5.467005960544022e-18
5.645994683832324e-18
5.869730587942701e-18
5.9592249495868516e-18
6.093466492053078e-18
6.3172023961634425e-18
6.406696757807581e-18
6.540938300273807e-18
6.675179842740033e-18
6.854168566028335e-18
7.077904470138712e-18
7.212146012604938e-18
7.301640374249089e-18
7.48062909753739e-18
7.570123459181541e-18
7.659617820825692e-18
7.88335372493607e-18
8.062342448224371e-18
8.241331171512672e-18
8.375572713978899e-18
8.46506707562305e-18
8.599308618089276e-18
8.867791703021728e-18
8.957286064665879e-18
9.13627478795418e-18
9.360010692064558e-18
9.494252234530784e-18
9.583746596174935e-18
9.762735319463236e-18
9.941724042751538e-18
1.0031218404395689e-17
1.012071276603984e-17
1.0344448670150216e-17
1.0433943031794367e-17
1.0523437393438518e-17
1.0612931755082669e-17
1.079192047837097e-17
1.0926162020837197e-17
1.1060403563303398e-17
1.1194645105769624e-17
1.1373633829057926e-17
1.1463128190702077e-17
1.1597369733168303e-17
1.1686864094812454e-17
1.1865852818100755e-17
1.2000094360566982e-17
1.2089588722211132e-17
1.2179083083855283e-17
1.2268577445499434e-17
1.2358071807143585e-17
1.2492313349609811e-17
1.2581807711253962e-17
1.2716049253720188e-17
1.2850290796186414e-17
1.2939785157830565e-17
1.3074026700296791e-17
1.3208268242763018e-17
1.3297762604407168e-17
1.3521498508517545e-17
1.3655740050983772e-17
1.3789981593449998e-17
1.3924223135916224e-17
1.41479590400266e-17
1.4237453401670752e-17
1.4371694944136978e-17
1.4505936486603204e-17
1.4819166752357732e-17
1.4998155475646034e-17
1.5087649837290184e-17
1.522189137975641e-17
1.5400880103044712e-17
1.553512164551094e-17
1.562461600715509e-17
1.5714110368799228e-17
1.5803604730443366e-17
1.5982593453731668e-17
1.607208781537582e-17
1.6295823719486196e-17
1.6385318081130346e-17
1.6564306804418648e-17
1.6788042708529025e-17
1.6877537070173176e-17
1.7056525793461478e-17
1.7146020155105628e-17
1.723551451674978e-17
1.741450324003808e-17
1.7593491963326382e-17
1.772773350579261e-17
1.781722786743676e-17
1.799621659072506e-17
1.8175205314013363e-17
1.830944685647959e-17
1.839894121812374e-17
1.8533182760589966e-17
1.8712171483878267e-17
1.889116020716657e-17
1.907014893045487e-17
1.9204390472921097e-17
1.9338632015387323e-17
1.9428126377031474e-17
1.95623679194977e-17
1.9696609461963926e-17
1.9875598185252228e-17
2.0009839727718454e-17
2.0099334089362605e-17
2.023357563182883e-17
2.0323069993472982e-17
2.050205871676126e-17
2.0725794620871636e-17
2.0949530524982013e-17
2.1128519248270315e-17
2.1218013609914465e-17
2.1352255152380692e-17
2.1486496694846918e-17
2.157599105649107e-17
2.175497977977937e-17
2.184447414142352e-17
2.1933968503067672e-17
2.2068210045533898e-17
2.2202451588000124e-17
2.2291945949644275e-17
2.24261874921105e-17
2.2605176215398803e-17
2.273941775786503e-17
2.300790084279748e-17
2.3142142385263708e-17
2.3365878289374085e-17
2.3455372651018235e-17
2.3589614193484462e-17
2.3768602916772763e-17
2.399233882088314e-17
2.408183318252729e-17
2.4216074724993517e-17
2.4305569086637668e-17
2.439506344828182e-17
2.448455780992597e-17
2.457405217157012e-17
2.466354653321427e-17
2.4753040894858422e-17
2.4887282437324648e-17
2.5021523979790875e-17
2.5111018341435013e-17
2.5200512703079152e-17
2.5334754245545378e-17
2.542424860718953e-17
2.5558490149655755e-17
2.5647984511299906e-17
2.5826973234588207e-17
2.600596195787651e-17
2.6140203500342735e-17
2.6229697861986886e-17
2.6319192223631037e-17
2.6453433766097263e-17
2.6632422489385564e-17
2.676666403185179e-17
2.6945652755140092e-17
2.7035147116784243e-17
2.7124641478428394e-17
2.725888302089462e-17
2.7437871744182922e-17
2.7616860467471223e-17
2.7706354829115374e-17
2.7795849190759525e-17
2.80195850948699e-17
2.810907945651405e-17
2.833281536062443e-17
2.8467056903090656e-17
2.8556551264734807e-17
2.864604562637896e-17
2.8780287168845184e-17
2.8959275892133485e-17
2.913826461542179e-17
2.922775897706594e-17
2.931725333871009e-17
2.940674770035424e-17
2.949624206199839e-17
2.958573642364254e-17
2.967523078528669e-17
2.985421950857497e-17
2.9988461051041195e-17
3.021219695515157e-17
3.03464384976178e-17
3.05254272209061e-17
3.079391030583855e-17
3.08834046674827e-17
3.110714057159308e-17
3.119663493323723e-17
3.128612929488138e-17
3.142037083734761e-17
3.150986519899176e-17
3.177834828392421e-17
3.186784264556836e-17
3.195733700721251e-17
3.2046831368856664e-17
3.2225820092144965e-17
3.2404808815433267e-17
3.258379753872157e-17
3.276278626200987e-17
3.285228062365402e-17
3.294177498529817e-17
3.303126934694232e-17
3.3120763708586473e-17
3.3210258070230624e-17
3.3299752431874775e-17
3.3478741155163076e-17
3.36129826976293e-17
3.383671860173968e-17
3.392621296338383e-17
3.401570732502798e-17
3.414994886749421e-17
3.4284190409960434e-17
3.441843195242666e-17
3.45079263140708e-17
3.468691503735909e-17
3.4821156579825314e-17
3.5000145303113615e-17
3.513438684557984e-17
3.522388120722399e-17
3.535812274969022e-17
3.544761711133437e-17
3.553711147297852e-17
3.5671353015444747e-17
3.580559455791097e-17
3.5895088919555124e-17
3.6074077642843425e-17
3.6253066366131727e-17
3.634256072777588e-17
3.6476802270242104e-17
3.6566296631886255e-17
3.670053817435248e-17
3.683477971681871e-17
3.692427407846286e-17
3.701376844010701e-17
3.710326280175116e-17
3.719275716339531e-17
3.737174588668361e-17
3.746124024832776e-17
3.759548179079399e-17
3.7729723333260215e-17
3.786396487572644e-17
3.799820641819267e-17
3.808770077983682e-17
3.817719514148097e-17
3.826668950312512e-17
3.8400931045591346e-17
3.857991976887965e-17
3.8714161311345874e-17
3.893789721545625e-17
3.907213875792248e-17
3.929587466203283e-17
3.938536902367698e-17
3.947486338532113e-17
3.956435774696528e-17
3.969859928943151e-17
3.9922335193541885e-17
4.0011829555186036e-17
4.014607109765226e-17
4.028031264011849e-17
4.0414554182584715e-17
4.054879572505094e-17
4.072778444833924e-17
4.0817278809983393e-17
4.0906773171627544e-17
4.0996267533271695e-17
4.113050907573792e-17
4.122000343738207e-17
4.13542449798483e-17
4.1488486522314524e-17
4.1577980883958675e-17
4.1667475245602826e-17
4.18912111497132e-17
4.202545269217943e-17
4.2159694234645655e-17
4.2338682957933957e-17
4.2472924500400183e-17
4.2741407585332636e-17
4.2830901946976786e-17
4.292039630862094e-17
4.300989067026509e-17
4.318887939355339e-17
4.3323120936019616e-17
4.3412615297663767e-17
4.350210965930792e-17
4.359160402095207e-17
4.368109838259622e-17
4.386008710588452e-17
4.40390758291728e-17
4.4352306094927325e-17
4.4441800456571476e-17
4.4665536360681853e-17
4.4844525083970155e-17
4.497876662643638e-17
4.511300816890261e-17
4.520250253054676e-17
4.5336744073012984e-17
4.547098561547921e-17
4.556047997712336e-17
4.573946870041166e-17
4.5828963062055814e-17
4.5918457423699964e-17
4.614219332781034e-17
4.623168768945449e-17
4.6321182051098643e-17
4.645542359356487e-17
4.672390667849732e-17
4.6902895401785623e-17
4.7081884125073925e-17
4.7260872848362227e-17
4.761885029493883e-17
4.779783901822713e-17
4.793208056069336e-17
4.811106928398166e-17
4.829005800726996e-17
4.837955236891411e-17
4.851379391138034e-17
4.8603288273024476e-17
4.873752981549069e-17
4.891651853877899e-17
4.9095507262067293e-17
4.9363990346999746e-17
4.96324734319322e-17
4.972196779357635e-17
4.9856209336042575e-17
5.007994524015295e-17
5.021418678261918e-17
5.0348428325085405e-17
5.0527417048373706e-17
5.066165859083993e-17
5.079590013330616e-17
5.088539449495031e-17
5.1019636037416536e-17
5.128811912234899e-17
