4.633598417718185e-19
6.558380594823209e-19
8.001967227651884e-19
9.445553860480559e-19
1.0889140493309357e-18
1.2332727126138033e-18
1.4257509303242933e-18
1.5701095936071731e-18
1.6663487024624182e-18
1.8107073657452857e-18
1.9550660290281532e-18
2.099424692311033e-18
2.2437833555939006e-18
2.388142018876768e-18
2.628739791014893e-18
2.7730984542977605e-18
3.013696226435873e-18
3.1099353352911304e-18
3.3024135530016204e-18
3.3986526618568654e-18
3.591130879567368e-18
3.687369988422613e-18
3.83172865170548e-18
3.976087314988348e-18
4.120445978271228e-18
4.36104375040934e-18
4.5535219681198426e-18
4.8422392946855776e-18
5.22719573010657e-18
5.3715543933894375e-18
5.5640326110999275e-18
5.660271719955185e-18
5.852749937665675e-18
6.045228155376177e-18
6.28582592751429e-18
6.382065036369535e-18
6.47830414522478e-18
6.574543254080037e-18
6.718901917362905e-18
6.863260580645772e-18
6.959499689501017e-18
7.248217016066765e-18
7.392575679349632e-18
7.585053897060134e-18
7.68129300591538e-18
7.777532114770624e-18
7.87377122362587e-18
8.162488550191617e-18
8.354966767902107e-18
8.547444985612597e-18
8.691803648895477e-18
8.884281866605967e-18
8.980520975461212e-18
9.076760084316457e-18
9.172999193171714e-18
9.413596965309827e-18
9.509836074165072e-18
9.702314291875574e-18
9.894792509586064e-18
9.991031618441309e-18
1.0183509836151811e-17
1.0375988053862302e-17
1.0472227162717547e-17
1.0664705380428049e-17
1.0760944489283294e-17
1.0905303152566161e-17
1.1049661815849041e-17
1.1290259587987154e-17
1.1386498696842399e-17
1.1530857360125266e-17
1.1627096468980524e-17
1.1819574686691014e-17
1.1915813795546259e-17
1.2108292013256761e-17
1.2300770230967251e-17
1.2445128894250119e-17
1.2637607111960621e-17
1.2781965775243489e-17
1.3070683101809236e-17
1.3166922210664481e-17
1.3263161319519726e-17
1.3503759091657838e-17
1.3599998200513096e-17
1.3744356863795963e-17
1.3840595972651208e-17
1.4033074190361698e-17
1.4177432853644578e-17
1.4321791516927446e-17
1.4514269734637936e-17
1.4658628397920816e-17
1.475486750677606e-17
1.494734572448655e-17
1.509170438776943e-17
1.5187943496624675e-17
1.5332302159907543e-17
1.547666082319041e-17
1.5669139040900913e-17
1.5765378149756158e-17
1.5909736813039025e-17
1.600597592189427e-17
1.6102215030749528e-17
1.6294693248460018e-17
1.6390932357315263e-17
1.6583410575025765e-17
1.6824008347163878e-17
1.6920247456019123e-17
1.706460611930199e-17
1.7160845228157248e-17
1.7257084337012493e-17
1.740144300029536e-17
1.754580166357824e-17
1.7642040772433485e-17
1.7834518990143975e-17
1.7978877653426843e-17
1.8171355871137345e-17
1.826759497999259e-17
1.8363834088847835e-17
1.8748790524268827e-17
1.8845029633124072e-17
1.8941268741979317e-17
1.913374695968982e-17
1.9278105622972687e-17
1.9470583840683177e-17
1.9614942503966057e-17
1.9711181612821302e-17
1.9903659830531792e-17
2.004801849381466e-17
2.0240496711525162e-17
2.038485537480803e-17
2.0481094483663275e-17
2.057733359251852e-17
2.0769811810229022e-17
2.0962290027939512e-17
2.105852913679477e-17
2.1202887800077637e-17
2.1299126908932882e-17
2.1539724681070994e-17
2.1732202898781497e-17
2.1828442007636742e-17
2.2020920225347232e-17
2.2165278888630112e-17
2.230963755191298e-17
2.2550235324051104e-17
2.283895265061684e-17
2.2983311313899707e-17
2.3127669977182586e-17
2.3272028640465454e-17
2.3512626412603566e-17
2.3608865521458824e-17
2.3801343739169314e-17
2.4041941511307426e-17
2.4186300174590306e-17
2.4330658837873174e-17
2.442689794672842e-17
2.45712566100113e-17
2.4667495718866544e-17
2.4859973936577034e-17
2.50043325998599e-17
2.510057170871516e-17
2.5389289035280894e-17
2.548552814413614e-17
2.5629886807419018e-17
2.5774245470701886e-17
2.601484324284e-17
2.6111082351695256e-17
2.6255441014978123e-17
2.6351680123833368e-17
2.6592277895971493e-17
2.6688517004826738e-17
2.6784756113681983e-17
2.7025353885820096e-17
2.7169712549102976e-17
2.7362190766813466e-17
2.745842987566871e-17
2.7554668984523968e-17
2.7699027647806836e-17
2.779526675666208e-17
2.793962541994495e-17
2.813210363765545e-17
2.827646230093832e-17
2.846894051864881e-17
2.870953829078693e-17
2.880577739964218e-17
2.8950136062925045e-17
2.914261428063555e-17
2.923885338949079e-17
2.938321205277366e-17
2.9479451161628905e-17
2.957569027048416e-17
2.967192937933941e-17
2.976816848819465e-17
2.991252715147752e-17
3.00568858147604e-17
3.0153124923615645e-17
3.024936403247089e-17
3.039372269575377e-17
3.0538081359036625e-17
3.063432046789187e-17
3.077867913117475e-17
3.0874918240029995e-17
3.101927690331285e-17
3.1211755121023365e-17
3.135611378430622e-17
3.1548592002016735e-17
3.178918977415486e-17
3.202978754629296e-17
3.222226576400345e-17
3.236662442728633e-17
3.251098309056921e-17
3.2607222199424455e-17
3.27034613082797e-17
3.289593952599019e-17
3.3136537298128314e-17
3.328089596141117e-17
3.342525462469405e-17
3.356961328797693e-17
3.376209150568742e-17
3.39064501689703e-17
3.4195167495536034e-17
3.429140660439128e-17
3.448388482210177e-17
3.462824348538465e-17
3.4724482594239894e-17
3.482072170309514e-17
3.51094390296609e-17
3.530191724737139e-17
3.549439546508188e-17
3.583123234607525e-17
3.607183011821335e-17
3.616806922706862e-17
3.6312427890351474e-17
3.65530256624896e-17
3.6649264771344844e-17
3.698610165233819e-17
3.713046031562107e-17
3.722669942447634e-17
3.7371058087759194e-17
3.751541675104205e-17
3.780413407760781e-17
3.794849274089069e-17
3.8092851404173544e-17
3.818909051302879e-17
3.833344917631167e-17
3.847780783959455e-17
3.8574046948449793e-17
3.886276427501553e-17
3.8959003383870773e-17
3.9103362047153653e-17
3.9440198928147e-17
3.953643803700227e-17
3.972891625471276e-17
3.9825155363568003e-17
4.0017633581278493e-17
4.021011179898901e-17
4.049882912555472e-17
4.06431877888376e-17
4.078754645212048e-17
4.093190511540336e-17
4.117250288754146e-17
4.126874199639673e-17
4.136498110525195e-17
4.150933976853483e-17
4.16055788773901e-17
4.174993754067295e-17
4.189429620395581e-17
4.213489397609396e-17
4.242361130265967e-17
4.251985041151494e-17
4.271232862922543e-17
4.285668729250831e-17
4.295292640136353e-17
4.324164372792929e-17
4.338600239121217e-17
4.357848060892266e-17
4.36747197177779e-17
4.386719793548839e-17
4.396343704434364e-17
4.415591526205413e-17
4.42521543709094e-17
4.439651303419225e-17
4.458899125190274e-17
4.473334991518562e-17
4.482958902404087e-17
4.502206724175136e-17
4.531078456831712e-17
4.540702367717234e-17
4.555138234045522e-17
4.56957410037381e-17
4.5840099667020977e-17
4.6032577884731467e-17
4.6176936548014347e-17
4.646565387458006e-17
4.661001253786294e-17
4.680249075557343e-17
4.6946849418856307e-17
4.7091208082139187e-17
4.718744719099443e-17
4.7283686299849677e-17
4.737992540870492e-17
4.7476164517560167e-17
4.757240362641541e-17
4.771676228969829e-17
4.7813001398553537e-17
4.790924050740878e-17
4.810171872511927e-17
4.8342316497257397e-17
4.843855560611264e-17
4.877539248710601e-17
4.911222936809938e-17
4.9208468476954626e-17
4.9352827140237506e-17
4.9449066249092727e-17
4.9545305357947996e-17
4.9689664021230876e-17
4.9785903130086096e-17
4.9882142238941366e-17
5.002650090222422e-17
5.01708595655071e-17
5.0411457337645226e-17
5.0507696446500446e-17
5.0603935555355716e-17
5.0748294218638596e-17
5.089265288192145e-17
5.1133250654059576e-17
5.1325728871770066e-17
