3.5880556337777343e-19
3.674942061258112e-19
3.7618284887387366e-19
3.8487149162192377e-19
3.979044557440051e-19
4.0659309849206753e-19
4.152817412401053e-19
4.2397038398816775e-19
4.370033481102368e-19
4.500363122323304e-19
4.630692763543994e-19
4.761022404764931e-19
4.8479088322453085e-19
5.021681687206557e-19
5.195454542167559e-19
5.325784183388249e-19
5.412670610868874e-19
5.6733298933105e-19
5.847102748271503e-19
6.107762030713129e-19
6.238091671933942e-19
6.411864526895068e-19
6.542194168115758e-19
6.715967023076883e-19
6.846296664297697e-19
6.97662630551851e-19
7.106955946739323e-19
7.237285587960013e-19
7.36761522918095e-19
7.628274511622576e-19
7.715160939102954e-19
7.802047366583579e-19
7.932377007804392e-19
8.149593076505706e-19
8.323365931466832e-19
8.540582000168146e-19
8.670911641388836e-19
8.801241282609773e-19
8.888127710090274e-19
9.0619005650514e-19
9.148786992531777e-19
9.279116633752714e-19
9.409446274973404e-19
9.58321912993453e-19
9.713548771155342e-19
9.887321626116345e-19
9.97420805359697e-19
1.006109448107747e-18
1.0321753763519097e-18
1.0408640190999598e-18
1.0538969832220411e-18
1.0625856259700912e-18
1.0712742687181537e-18
1.0799629114662038e-18
1.0973401969623163e-18
1.1103731610843853e-18
1.123406125206479e-18
1.1407834107025792e-18
1.1494720534506293e-18
1.1711936603207607e-18
1.1885709458168733e-18
1.2016039099389423e-18
1.2102925526870047e-18
1.227669838183105e-18
1.2407028023051986e-18
1.2493914450532364e-18
1.266768730549349e-18
1.2798016946714303e-18
1.2928346587935116e-18
1.3102119442896241e-18
1.318900587037662e-18
1.3275892297857244e-18
1.3449665152818246e-18
1.353655158029887e-18
1.3623438007779371e-18
1.3797210862740497e-18
1.3884097290220998e-18
1.4014426931441811e-18
1.4188199786402813e-18
1.4275086213883438e-18
1.4361972641363939e-18
1.444885906884444e-18
1.4709518351286066e-18
1.483984799250688e-18
1.492673441998738e-18
1.5057064061208194e-18
1.5187393702429007e-18
1.5274280129909632e-18
1.5448052984870634e-18
1.5534939412351135e-18
1.5621825839831636e-18
1.570871226731226e-18
1.5882485122273263e-18
1.5969371549753887e-18
1.6186587618455202e-18
1.6273474045935703e-18
1.6490690114637017e-18
1.6577576542117518e-18
1.6751349397078644e-18
1.6968565465779958e-18
1.7098895107000771e-18
1.7229224748221585e-18
1.7359554389442398e-18
1.7489884030663088e-18
1.7620213671884024e-18
1.7750543313104714e-18
1.788087295432565e-18
1.8054645809286653e-18
1.8271861877987968e-18
1.8358748305468592e-18
1.8489077946689282e-18
1.8575964374169906e-18
1.874973722913091e-18
1.8836623656611533e-18
1.892351008409191e-18
1.9010396511572535e-18
1.914072615279335e-18
1.9444828648975164e-18
1.95751582901961e-18
1.9966147213858417e-18
2.009647685507923e-18
2.018336328255973e-18
2.0270249710040356e-18
2.0357136137520734e-18
2.053090899248186e-18
2.061779541996236e-18
2.0835011488663675e-18
2.096534112988461e-18
2.1182557198585926e-18
2.1269443626066427e-18
2.1356330053546928e-18
2.1443216481027552e-18
2.153010290850793e-18
2.1660432549728866e-18
2.1790762190949557e-18
2.2051421473391183e-18
2.231208075583281e-18
2.2398967183313434e-18
2.2529296824534124e-18
2.270306967949525e-18
2.2876842534456375e-18
2.3007172175677065e-18
2.3137501816898e-18
2.322438824437838e-18
2.3354717885599316e-18
2.3441604313079694e-18
2.357193395430063e-18
2.3745706809261633e-18
2.3876036450482446e-18
2.400636609170326e-18
2.418013894666426e-18
2.4397355015365576e-18
2.44842414428462e-18
2.4571127870326824e-18
2.4658014297807202e-18
2.4875230366508517e-18
2.496211679398914e-18
2.5135889648950143e-18
2.5353105717651458e-18
2.5439992145132082e-18
2.5613765000093084e-18
2.578753785505421e-18
2.5961310710015335e-18
2.6135083564976337e-18
2.626541320619715e-18
2.648262927489859e-18
2.661295891611928e-18
2.678673177108028e-18
2.6873618198560905e-18
2.700394783978172e-18
2.713427748100253e-18
2.7308050335963534e-18
2.7394936763444158e-18
2.756870961840516e-18
2.7655596045885785e-18
2.7742482473366162e-18
2.78728121145871e-18
2.79596985420676e-18
2.80465849695481e-18
2.8176914610768914e-18
2.843757389321054e-18
2.8611346748171667e-18
2.8698233175652044e-18
2.878511960313267e-18
2.895889245809367e-18
2.9219551740535297e-18
2.9349881381756234e-18
2.9480211022976924e-18
2.9610540664197737e-18
2.969742709167824e-18
2.982775673289905e-18
3.004497280160049e-18
3.017530244282118e-18
3.0262188870301804e-18
3.034907529778218e-18
3.047940493900312e-18
3.056629136648362e-18
3.065317779396412e-18
3.0783507435184934e-18
3.095728029014606e-18
3.113105314510706e-18
3.1261382786327875e-18
3.1348269213808376e-18
3.1435155641289e-18
3.156548528250969e-18
3.1695814923730627e-18
3.1956474206172253e-18
3.2086803847392943e-18
3.2260576702353945e-18
3.2477792771055383e-18
3.265156562601651e-18
3.2868781694717823e-18
3.3085997763419137e-18
3.3216327404639827e-18
3.3346657045860764e-18
3.3476986687081454e-18
3.360731632830239e-18
3.373764596952308e-18
3.3867975610744017e-18
3.3998305251964707e-18
3.4258964534406334e-18
3.4345850961886958e-18
3.4432737389367336e-18
3.464995345806865e-18
3.478028309928959e-18
3.491061274051028e-18
3.504094238173121e-18
3.512782880921159e-18
3.534504487791303e-18
3.547537451913384e-18
3.556226094661434e-18
3.569259058783516e-18
3.590980665653647e-18
3.608357951149747e-18
3.625735236645872e-18
3.63442387939391e-18
3.647456843516004e-18
3.660489807638073e-18
3.669178450386135e-18
3.6909000572562665e-18
3.708277342752367e-18
3.72131030687446e-18
3.729998949622498e-18
3.747376235118611e-18
3.756064877866661e-18
3.7690978419887545e-18
3.777786484736792e-18
3.786475127484855e-18
3.799508091606924e-18
3.812541055729017e-18
3.825574019851086e-18
3.842951305347199e-18
3.85598426946928e-18
3.8733615549653805e-18
3.890738840461493e-18
3.9081161259576055e-18
3.925493411453706e-18
3.942870696949806e-18
3.9645923038199374e-18
3.977625267942031e-18
3.9906582320641e-18
3.9993468748121625e-18
4.021068481682294e-18
4.0297571244303564e-18
4.038445767178394e-18
4.051478731300488e-18
4.060167374048526e-18
4.0775446595446505e-18
4.099266266414782e-18
4.112299230536851e-18
4.134020837406982e-18
4.142709480155045e-18
4.151398122903095e-18
4.164431087025176e-18
4.1818083725212765e-18
4.207874300765439e-18
4.225251586261552e-18
4.238284550383633e-18
4.246973193131683e-18
4.255661835879733e-18
4.281727764123896e-18
4.290416406871958e-18
4.299105049619996e-18
4.3077936923680585e-18
4.316482335116121e-18
4.325170977864159e-18
4.333859620612221e-18
4.342548263360271e-18
4.359925548856384e-18
4.368614191604434e-18
4.3859914771005465e-18
4.403368762596647e-18
4.416401726718728e-18
4.425090369466778e-18
4.4424676549628784e-18
4.451156297710941e-18
4.464189261833022e-18
4.4859108687031536e-18
4.498943832825235e-18
4.5250097610693976e-18
4.546731367939529e-18
4.55976433206161e-18
4.581485938931742e-18
4.590174581679792e-18
4.6075518671759044e-18
4.624929152672017e-18
4.633617795420055e-18
4.6466507595421484e-18
4.6596837236642174e-18
4.66837236641228e-18
4.67706100916033e-18
4.68574965190838e-18
4.6944382946564425e-18
4.7074712587785115e-18
4.729192865648643e-18
4.742225829770737e-18
4.750914472518787e-18
4.776980400762937e-18
4.7856690435109995e-18
4.8030463290071e-18
4.816079293129193e-18
4.829112257251262e-18
4.850833864121394e-18
4.868211149617506e-18
4.885588435113619e-18
4.902965720609719e-18
4.9159986847318005e-18
4.9246873274798506e-18
4.933375970227913e-18
4.950753255724013e-18
4.959441898472076e-18
4.9681305412201134e-18
4.985507826716226e-18
4.994196469464276e-18
5.00722943358637e-18
5.0159180763344075e-18
5.037639683204539e-18
5.0463283259526014e-18
5.055016968700664e-18
5.076738575570795e-18
5.0941158610668955e-18
5.107148825188977e-18
5.1245261106850894e-18
5.133214753433127e-18
5.154936360303271e-18
5.167969324425352e-18
5.176657967173402e-18
5.1853466099214525e-18
5.202723895417565e-18
5.211412538165615e-18
5.2201011809136776e-18
5.228789823661715e-18
5.241822787783809e-18
5.250511430531859e-18
5.267888716027972e-18
5.289610322898103e-18
5.298298965646153e-18
5.3113319297682346e-18
5.328709215264335e-18
5.337397858012397e-18
5.346086500760447e-18
5.359119464882529e-18
5.367808107630579e-18
5.385185393126691e-18
5.39821835724876e-18
5.419939964118892e-18
5.437317249615017e-18
5.4460058923630544e-18
5.472071820607217e-18
5.4894491061033296e-18
5.502482070225411e-18
5.519859355721511e-18
5.537236641217624e-18
5.550269605339705e-18
5.563302569461774e-18
5.5719912122098365e-18
5.589368497705937e-18
5.606745783202049e-18
5.615434425950099e-18
5.6501889969423244e-18
5.6632219610643934e-18
5.680599246560506e-18
5.6979765320566185e-18
5.706665174804656e-18
5.715353817552719e-18
5.728386781674788e-18
5.7414197457968814e-18
5.763141352667013e-18
5.7892072809111755e-18
5.815273209155338e-18
5.828306173277407e-18
5.84568345877352e-18
5.85437210152157e-18
5.863060744269632e-18
5.897815315261833e-18
5.906503958009895e-18
5.915192600757945e-18
5.936914207628089e-18
5.949947171750158e-18
5.9586358144982205e-18
5.976013099994321e-18
5.989046064116402e-18
5.997734706864452e-18
6.0107676709865334e-18
6.023800635108615e-18
6.067243848848878e-18
6.07593249159694e-18
6.088965455719009e-18
6.101998419841103e-18
6.1106870625891405e-18
6.123720026711234e-18
6.1410973122073344e-18
6.158474597703435e-18
6.167163240451497e-18
6.1801962045735784e-18
6.19322916869566e-18
6.20191781144371e-18
6.214950775565791e-18
6.2279837396878725e-18
6.241016703809954e-18
6.249705346558004e-18
6.258393989306054e-18
6.2670826320541165e-18
6.2801155961761855e-18
6.288804238924248e-18
6.297492881672298e-18
6.306181524420348e-18
6.319214488542442e-18
6.336591774038542e-18
6.367002023656736e-18
6.375690666404774e-18
6.388723630526867e-18
6.4061009160229675e-18
6.419133880145049e-18
6.43216684426713e-18
6.458232772511293e-18
6.466921415259343e-18
6.475610058007393e-18
6.4842987007554555e-18
6.501675986251556e-18
6.523397593121687e-18
6.5320862358697496e-18
6.545119199991819e-18
6.558152164113912e-18
6.56684080686195e-18
6.5755294496100125e-18
6.5842180923580626e-18
6.592906735106113e-18
6.605939699228194e-18
6.614628341976244e-18
6.6363499488463756e-18
6.645038591594438e-18
6.653727234342488e-18
6.671104519838601e-18
6.68413748396067e-18
6.692826126708732e-18
6.710203412204832e-18
6.718892054952895e-18
6.731925019074964e-18
6.749302304571076e-18
6.7579909473191264e-18
6.766679590067189e-18
6.784056875563289e-18
6.7927455183113515e-18
6.810122803807452e-18
6.823155767929533e-18
6.8361887320516144e-18
6.8448773747996645e-18
6.857910338921746e-18
6.8839762671659085e-18
6.8970092312879775e-18
6.914386516784102e-18
6.9317638022802026e-18
6.949141087776303e-18
6.970862694646434e-18
6.983895658768528e-18
6.996928622890597e-18
7.00561726563866e-18
7.018650229760728e-18
7.031683193882822e-18
7.053404800752953e-18
7.070782086249054e-18
7.079470728997116e-18
7.101192335867248e-18
7.109880978615298e-18
7.118569621363348e-18
7.135946906859448e-18
7.14463554960751e-18
7.16201283510361e-18
7.175045799225704e-18
7.188078763347773e-18
7.205456048843886e-18
7.227177655714017e-18
7.24455494121013e-18
7.257587905332199e-18
7.266276548080261e-18
7.274965190828311e-18
7.292342476324424e-18
7.305375440446493e-18
7.322752725942605e-18
7.340130011438718e-18
7.353162975560787e-18
7.36185161830885e-18
7.374884582430918e-18
7.400950510675081e-18
7.409639153423144e-18
7.422672117545213e-18
7.435705081667306e-18
7.444393724415356e-18
7.453082367163406e-18
7.461771009911469e-18
7.479148295407569e-18
7.49218125952965e-18
7.5008699022777e-18
7.522591509147832e-18
7.535624473269913e-18
7.548657437391995e-18
7.561690401514076e-18
7.570379044262126e-18
7.579067687010189e-18
7.596444972506289e-18
7.613822258002389e-18
7.622510900750451e-18
7.63554386487252e-18
7.657265471742664e-18
7.670298435864745e-18
7.678987078612796e-18
7.70070868548294e-18
7.709397328230977e-18
7.71808597097904e-18
7.72677461372709e-18
7.739807577849171e-18
7.748496220597233e-18
7.770217827467365e-18
7.778906470215403e-18
7.791939434337496e-18
7.809316719833597e-18
7.818005362581659e-18
7.826694005329697e-18
7.835382648077759e-18
7.844071290825822e-18
7.861448576321922e-18
7.870137219069972e-18
7.887514504566085e-18
7.896203147314135e-18
7.904891790062185e-18
7.913580432810247e-18
7.922269075558285e-18
7.935302039680379e-18
7.943990682428429e-18
7.952679325176479e-18
7.97440093204661e-18
7.987433896168704e-18
8.004811181664804e-18
8.022188467160904e-18
8.039565752657017e-18
8.065631680901167e-18
8.083008966397292e-18
8.096041930519361e-18
8.104730573267424e-18
8.117763537389493e-18
8.126452180137555e-18
8.148173787007686e-18
8.161206751129755e-18
8.17858403662588e-18
8.19161700074795e-18
8.20899428624405e-18
8.226371571740174e-18
8.243748857236275e-18
8.256781821358344e-18
8.287192070976538e-18
8.2958807137246e-18
8.308913677846669e-18
8.326290963342781e-18
8.339323927464863e-18
8.361045534334994e-18
8.369734177083057e-18
8.382767141205126e-18
8.391455783953188e-18
8.426210354945389e-18
8.443587640441501e-18
8.456620604563582e-18
8.469653568685651e-18
8.478342211433714e-18
8.495719496929814e-18
8.504408139677877e-18
8.517441103799946e-18
8.53481838929607e-18
8.54785135341814e-18
8.56522863891424e-18
8.578261603036333e-18
8.591294567158402e-18
8.604327531280496e-18
8.613016174028534e-18
8.634737780898678e-18
8.65211506639479e-18
8.660803709142828e-18
8.678180994638953e-18
8.695558280135053e-18
8.704246922883103e-18
8.712935565631153e-18
8.725968529753247e-18
8.739001493875316e-18
8.756378779371416e-18
8.76941174349351e-18
8.78678902898961e-18
8.799821993111691e-18
8.808510635859741e-18
8.817199278607804e-18
8.834576564103904e-18
8.847609528225985e-18
8.856298170974035e-18
8.878019777844167e-18
8.90408570608833e-18
8.917118670210423e-18
8.930151634332492e-18
8.956217562576655e-18
8.964906205324717e-18
8.973594848072755e-18
8.986627812194849e-18
9.004005097690949e-18
9.01703806181303e-18
9.04310399005718e-18
9.051792632805243e-18
9.064825596927324e-18
9.073514239675374e-18
9.082202882423437e-18
9.103924489293568e-18
9.121301774789669e-18
9.13433473891175e-18
9.1430233816598e-18
9.151712024407862e-18
9.182122274026044e-18
9.195155238148125e-18
9.212532523644226e-18
9.225565487766319e-18
9.234254130514357e-18
9.24728709463645e-18
9.2559757373845e-18
9.264664380132551e-18
9.277697344254632e-18
9.286385987002682e-18
9.299418951124776e-18
9.312451915246845e-18
9.325484879368926e-18
9.334173522116976e-18
9.355895128987108e-18
9.36458377173517e-18
9.38196105723127e-18
9.394994021353352e-18
9.403682664101402e-18
9.412371306849464e-18
9.425404270971533e-18
9.447125877841665e-18
9.455814520589727e-18
9.477536127459859e-18
9.486224770207921e-18
9.49925773432999e-18
9.516635019826103e-18
9.525323662574153e-18
9.534012305322215e-18
9.542700948070253e-18
9.551389590818315e-18
9.568766876314416e-18
9.58179984043651e-18
9.590488483184547e-18
9.607865768680672e-18
9.61655441142871e-18
9.629587375550803e-18
9.638276018298841e-18
9.651308982420935e-18
9.673030589291066e-18
9.690407874787167e-18
9.699096517535229e-18
9.716473803031329e-18
9.73385108852743e-18
9.742539731275492e-18
9.764261338145623e-18
9.772949980893686e-18
9.781638623641723e-18
9.799015909137848e-18
9.816393194633949e-18
9.825081837381999e-18
9.842459122878111e-18
9.859836408374211e-18
9.868525051122274e-18
9.877213693870312e-18
9.890246657992405e-18
9.898935300740455e-18
9.907623943488506e-18
9.920656907610587e-18
9.929345550358637e-18
9.94237851448073e-18
9.959755799976831e-18
9.977133085472931e-18
9.990166049595025e-18
1.0003199013717094e-17
1.0024920620587225e-17
1.0033609263335288e-17
1.0055330870205419e-17
1.0068363834327488e-17
1.0085741119823613e-17
1.0111807048067763e-17
1.0120495690815813e-17
1.0133528654937907e-17
1.0142217297685945e-17
1.0159594583182057e-17
1.0181316190052201e-17
1.019434915417427e-17
1.021172643967037e-17
1.0224759403792464e-17
1.0237792367914533e-17
1.0259513974784664e-17
1.0281235581654796e-17
1.029426854577689e-17
1.030295718852494e-17
1.032902311676909e-17
1.0346400402265215e-17
1.0359433366387284e-17
1.0368122009135346e-17
1.0385499294631447e-17
1.0407220901501578e-17
1.0424598186997678e-17
1.0441975472493803e-17
1.0455008436615872e-17
1.0463697079363934e-17
1.0472385722111972e-17
1.0481074364860035e-17
1.0489763007608097e-17
1.0511484614478229e-17
1.0520173257226266e-17
1.0537550542722391e-17
1.055058350684446e-17
1.0559272149592523e-17
1.056796079234056e-17
1.0576649435088623e-17
1.0589682399210704e-17
1.0602715363332786e-17
1.0611404006080836e-17
1.0620092648828886e-17
1.063312561295098e-17
1.065919154119513e-17
1.066788018394318e-17
1.0685257469439292e-17
1.0698290433561374e-17
1.0706979076309424e-17
1.0720012040431505e-17
1.0737389325927605e-17
1.0754766611423718e-17
1.0763455254171768e-17
1.077214389691983e-17
1.078952118241593e-17
1.0806898467912031e-17
1.0824275753408156e-17
1.0832964396156194e-17
1.0845997360278287e-17
1.0854686003026325e-17
1.087206328852245e-17
1.0880751931270488e-17
1.0919850823636744e-17
1.0932883787758813e-17
1.0941572430506875e-17
1.0950261073254913e-17
1.0958949716002976e-17
1.0976327001499076e-17
1.098935996562117e-17
1.100673725111727e-17
1.1028458857987401e-17
1.1041491822109483e-17
1.1058869107605595e-17
1.1076246393101695e-17
1.1084935035849758e-17
1.1102312321345858e-17
1.1119689606841958e-17
1.112837824959002e-17
1.113706689233807e-17
1.1150099856460152e-17
1.1158788499208214e-17
1.1167477141956252e-17
1.1180510106078346e-17
1.1193543070200415e-17
1.1206576034322496e-17
1.1215264677070546e-17
1.122829764119264e-17
1.125436356943679e-17
1.1271740854932903e-17
1.1280429497680953e-17
1.1289118140429003e-17
1.1297806783177066e-17
1.1315184068673166e-17
1.1341249996917328e-17
1.1349938639665379e-17
1.136297160378746e-17
1.1371660246535522e-17
1.1384693210657591e-17
1.1402070496153692e-17
1.1423792103023835e-17
1.1441169388519948e-17
1.146289099539008e-17
1.148461260226021e-17
1.149764556638228e-17
1.1519367173252423e-17
1.1532400137374505e-17
1.1545433101496574e-17
1.1554121744244636e-17
1.1562810386992699e-17
1.1575843351114768e-17
1.1593220636610868e-17
1.160190927935893e-17
1.1610597922106993e-17
1.1623630886229062e-17
1.1632319528977124e-17
1.1641008171725162e-17
1.1649696814473224e-17
1.1658385457221287e-17
1.1667074099969325e-17
1.1680107064091418e-17
1.1697484349587519e-17
1.1706172992335581e-17
1.1732238920579731e-17
1.1740927563327781e-17
1.1749616206075844e-17
1.1762649170197913e-17
1.1771337812945975e-17
1.1784370777068044e-17
1.1797403741190138e-17
1.1806092383938188e-17
1.18234696694343e-17
1.183650263355637e-17
1.1853879919052482e-17
1.1901667454166776e-17
1.1914700418288858e-17
1.1927733382410927e-17
1.1945110667907051e-17
1.195379931065509e-17
1.1962487953403152e-17
1.1979865238899252e-17
1.1988553881647314e-17
1.1997242524395364e-17
1.2005931167143415e-17
1.2023308452639515e-17
1.2036341416761608e-17
1.2049374380883677e-17
1.2071095987753809e-17
1.2084128951875903e-17
1.2101506237372003e-17
1.2118883522868103e-17
1.2127572165616165e-17
1.2136260808364216e-17
1.2149293772486297e-17
1.2166671057982397e-17
1.218404834347851e-17
1.2210114271722672e-17
1.2223147235844754e-17
1.2236180199966823e-17
1.2249213164088916e-17
1.2257901806836966e-17
1.2266590449585016e-17
1.2292656377829179e-17
1.2301345020577242e-17
1.231437798469931e-17
1.2327410948821392e-17
1.2336099591569442e-17
1.2344788234317504e-17
1.2366509841187636e-17
1.2383887126683736e-17
1.2401264412179849e-17
1.2409953054927899e-17
1.2418641697675961e-17
1.2427330340423999e-17
1.2436018983172061e-17
1.2453396268668162e-17
1.2488150839660387e-17
1.2505528125156487e-17
1.2518561089278568e-17
1.2527249732026618e-17
1.2540282696148712e-17
1.2557659981644812e-17
1.2579381588514944e-17
1.2609791838133138e-17
1.2631513445003269e-17
1.2644546409125338e-17
1.26532350518734e-17
1.266626801599547e-17
1.2674956658743532e-17
1.2683645301491594e-17
1.2705366908361726e-17
1.2714055551109764e-17
1.2727088515231857e-17
1.275315444347602e-17
1.2761843086224058e-17
1.2774876050346151e-17
1.278790901446822e-17
1.2809630621338352e-17
1.2822663585460445e-17
1.2844385192330577e-17
1.2861762477826677e-17
1.287913976332279e-17
1.2896517048818902e-17
1.290520569156694e-17
1.2922582977063065e-17
1.2939960262559165e-17
1.2952993226681234e-17
1.2966026190803328e-17
1.2974714833551378e-17
1.2987747797673459e-17
1.300512508316956e-17
1.301815804729164e-17
1.3044223975535803e-17
1.3057256939657885e-17
1.3070289903779954e-17
1.3078978546528016e-17
1.3096355832024116e-17
1.310938879614621e-17
1.3118077438894248e-17
1.312676608164231e-17
1.314414336713841e-17
1.3152832009886473e-17
1.3170209295382573e-17
1.3191930902252705e-17
1.3209308187748817e-17
1.3217996830496867e-17
1.323537411599298e-17
1.3257095722863111e-17
1.3274473008359224e-17
1.3304883257977405e-17
1.3317916222099487e-17
1.3326604864847549e-17
1.3339637828969618e-17
1.334832647171768e-17
1.3357015114465718e-17
1.3378736721335862e-17
1.3391769685457943e-17
1.3400458328205993e-17
1.3417835613702106e-17
1.3430868577824175e-17
1.3456934506068338e-17
1.3469967470190431e-17
1.34830004343125e-17
1.3491689077060563e-17
1.3504722041182632e-17
1.3513410683930694e-17
1.3526443648052763e-17
1.3539476612174857e-17
1.3556853897670957e-17
1.356554254041902e-17
1.3578575504541089e-17
1.3608985754159282e-17
1.3626363039655383e-17
1.3635051682403445e-17
1.3652428967899545e-17
1.3665461932021627e-17
1.3682839217517739e-17
1.370021650301384e-17
1.3708905145761902e-17
1.371759378850994e-17
1.3726282431258002e-17
1.3739315395380071e-17
1.3765381323624234e-17
1.3778414287746327e-17
1.3787102930494365e-17
1.3795791573242428e-17
1.380448021599049e-17
1.3817513180112559e-17
1.383054614423464e-17
1.3843579108356722e-17
1.3852267751104784e-17
1.3860956393852822e-17
1.3873989357974916e-17
1.3887022322096985e-17
1.3917432571715178e-17
1.3930465535837247e-17
1.393915417858531e-17
1.395218714270738e-17
1.396087578545544e-17
1.3982597392325573e-17
1.3999974677821673e-17
1.4026040606065836e-17
1.4034729248813898e-17
1.4047762212935967e-17
1.405645085568403e-17
1.406948381980611e-17
1.407817246255416e-17
1.4086861105302223e-17
1.409554974805026e-17
1.4104238390798324e-17
1.4112927033546386e-17
1.4125959997668455e-17
1.4134648640416517e-17
1.415637024728665e-17
1.41650588900347e-17
1.418678049690483e-17
1.419546913965288e-17
1.4204157782400943e-17
1.4212846425148993e-17
1.4234568032019125e-17
1.4243256674767175e-17
1.4251945317515237e-17
1.4264978281637306e-17
1.427366692438537e-17
1.428235556713342e-17
1.42953885312555e-17
1.4304077174003562e-17
1.431711013812563e-17
1.4334487423621732e-17
1.4360553351865894e-17
1.4377930637362007e-17
1.439530792285812e-17
1.4408340886980188e-17
1.44257181724763e-17
1.4438751136598382e-17
1.4447439779346445e-17
1.4460472743468514e-17
1.4469161386216576e-17
1.4482194350338645e-17
1.4490882993086708e-17
1.4508260278582808e-17
1.452129324270489e-17
1.4538670528201002e-17
1.4556047813697102e-17
1.4573425099193202e-17
1.4586458063315296e-17
1.4599491027437365e-17
1.4608179670185427e-17
1.463424559842959e-17
1.464293424117764e-17
1.465162288392569e-17
1.4660311526673753e-17
1.466900016942179e-17
1.4699410419039984e-17
1.4708099061788047e-17
1.4716787704536084e-17
1.4729820668658178e-17
1.4742853632780247e-17
1.476457523965038e-17
1.477326388239844e-17
1.4786296846520522e-17
1.4808018453390654e-17
1.4825395738886766e-17
1.4834084381634804e-17
1.485146166713093e-17
1.487318327400106e-17
1.4881871916749098e-17
1.489056055949716e-17
1.4899249202245223e-17
1.490793784499326e-17
1.4916626487741323e-17
1.4925315130489373e-17
1.4938348094611455e-17
1.4947036737359517e-17
1.4955725380107555e-17
1.4964414022855617e-17
1.4977446986977686e-17
1.498613562972575e-17
1.500351291522185e-17
1.501220155796991e-17
1.502523452209198e-17
1.5033923164840043e-17
1.5051300450336143e-17
1.5059989093084206e-17
1.5068677735832256e-17
1.5086055021328368e-17
1.5099087985450437e-17
1.511646527094655e-17
1.51251539136946e-17
1.5133842556442662e-17
1.5142531199190712e-17
1.5151219841938762e-17
1.5159908484686825e-17
1.5172941448808894e-17
1.5185974412930988e-17
1.5194663055679025e-17
1.520769601980112e-17
1.5216384662549157e-17
1.5233761948045282e-17
1.5251139233541382e-17
1.5272860840411513e-17
1.5281549483159576e-17
1.5298926768655676e-17
1.5320648375525807e-17
1.534236998239594e-17
1.5351058625144e-17
1.536409158926607e-17
1.5377124553388164e-17
1.5398846160258295e-17
1.5411879124380364e-17
1.5420567767128427e-17
1.5442289373998558e-17
1.545966665949466e-17
1.546835530224272e-17
1.547704394499077e-17
1.5490076909112852e-17
1.550310987323492e-17
1.5524831480105065e-17
1.5537864444227146e-17
1.5546553086975197e-17
1.556393037247131e-17
1.5589996300715472e-17
1.560302926483754e-17
1.5616062228959634e-17
1.5633439514455735e-17
1.5642128157203785e-17
1.5655161121325866e-17
1.568991569231808e-17
1.570294865644016e-17
1.572032594193626e-17
1.5729014584684323e-17
1.5737703227432373e-17
1.5750736191554454e-17
1.5768113477050555e-17
1.5785490762546667e-17
1.580286804804278e-17
1.582024533353888e-17
1.5828933976286942e-17
1.584196694040901e-17
1.5850655583157074e-17
1.5863688547279143e-17
1.5885410154149274e-17
1.59201647251415e-17
1.592885336788955e-17
1.594188633201163e-17
1.59549192961337e-17
1.5967952260255793e-17
1.5976640903003843e-17
1.5994018188499956e-17
1.6002706831247994e-17
1.6015739795370087e-17
1.603746140224022e-17
1.605483868773632e-17
1.606352733048438e-17
1.6080904615980482e-17
1.6093937580102563e-17
1.6102626222850613e-17
1.6128692151094776e-17
1.6150413757964907e-17
1.615910240071297e-17
1.619385697170517e-17
1.6206889935827264e-17
1.6219922899949333e-17
1.6228611542697395e-17
1.6237300185445445e-17
1.6254677470941558e-17
1.627639907781169e-17
1.6289432041933758e-17
1.6302465006055852e-17
1.6319842291551952e-17
1.6354596862544177e-17
1.637631846941431e-17
1.6385007112162347e-17
1.639369575491041e-17
1.641107304040651e-17
1.643279464727664e-17
1.6450171932772766e-17
1.6463204896894835e-17
1.6476237861016916e-17
1.6484926503764966e-17
1.6493615146513028e-17
1.651533675338316e-17
1.653705836025329e-17
1.6571812931245504e-17
1.6593534538115648e-17
1.6606567502237717e-17
1.661525614498578e-17
1.6641322073229942e-17
1.6663043680100073e-17
1.6684765286970205e-17
1.6693453929718243e-17
1.6702142572466305e-17
1.6715175536588386e-17
1.6745585786206568e-17
1.67673073930767e-17
1.6780340357198793e-17
1.678902899994683e-17
1.6802061964068924e-17
1.6815094928190993e-17
1.6828127892313087e-17
1.6836816535061125e-17
1.685853814193127e-17
1.687157110605335e-17
1.68802597488014e-17
1.688894839154945e-17
1.6906325677045563e-17
1.6919358641167644e-17
1.6936735926663744e-17
1.6958457533533876e-17
1.6975834819029988e-17
1.698886778315207e-17
1.700190074727415e-17
1.70105893900222e-17
1.7023622354144282e-17
1.7032310996892332e-17
1.7054032603762464e-17
1.7080098532006627e-17
1.708878717475469e-17
1.7101820138876758e-17
1.711050878162482e-17
1.712354174574689e-17
1.7140919031243014e-17
1.7149607673991052e-17
1.7162640638113146e-17
1.7171329280861184e-17
1.7184362244983277e-17
1.720608385185341e-17
1.721477249460146e-17
1.722346113734951e-17
1.724083842284562e-17
1.7258215708341734e-17
1.7284281636585897e-17
1.7292970279333934e-17
1.7301658922081997e-17
1.7310347564830047e-17
1.7323380528952128e-17
1.733206917170019e-17
1.7353790778570322e-17
1.736247942131836e-17
1.7371168064066422e-17
1.7379856706814485e-17
1.7401578313684616e-17
1.7414611277806685e-17
1.742764424192878e-17
1.744936584879891e-17
1.7458054491546948e-17
1.746674313429501e-17
1.7475431777043073e-17
1.7492809062539173e-17
1.7501497705287223e-17
1.7514530669409305e-17
1.7527563633531386e-17
1.75449409190275e-17
1.7553629561775536e-17
1.75623182045236e-17
1.7575351168645668e-17
1.758838413276776e-17
1.759707277551581e-17
1.7618794382385943e-17
1.7627483025133993e-17
1.7644860310630106e-17
1.7662237596126218e-17
1.7670926238874256e-17
1.7679614881622318e-17
1.76926478457444e-17
1.770568080986648e-17
1.772305809536258e-17
1.7736091059484675e-17
1.7749124023606744e-17
1.7762156987728825e-17
1.7770845630476875e-17
1.7792567237347007e-17
1.780125588009507e-17
1.780994452284312e-17
1.7827321808339232e-17
1.7849043415209363e-17
1.7857732057957413e-17
1.7870765022079495e-17
1.7879453664827557e-17
1.7892486628949626e-17
1.7905519593071707e-17
1.791855255719379e-17
1.793592984268989e-17
1.7948962806811983e-17
1.7966340092308083e-17
1.7975028735056145e-17
1.7992406020552246e-17
1.802281627017044e-17
1.804019355566654e-17
1.805322651978861e-17
1.8066259483910702e-17
1.8074948126658752e-17
1.8083636769406803e-17
1.8114047019024996e-17
1.8127079983147065e-17
1.8135768625895128e-17
1.8148801590017197e-17
1.816183455413929e-17
1.817486751826136e-17
1.8183556161009422e-17
1.8192244803757472e-17
1.8200933446505522e-17
1.8213966410627616e-17
1.8240032338871766e-17
1.8253065302993848e-17
1.826175394574191e-17
1.827478690986398e-17
1.828347555261204e-17
1.829216419536008e-17
1.8309541480856204e-17
1.8318230123604242e-17
1.8339951730474373e-17
1.8352984694596467e-17
1.8366017658718536e-17
1.83920835869627e-17
1.840946087245881e-17
1.841814951520686e-17
1.843552680070296e-17
1.8444215443451024e-17
1.8457248407573105e-17
1.8470281371695187e-17
1.8478970014443237e-17
1.8509380264061418e-17
1.8522413228183512e-17
1.853110187093155e-17
1.8544134835053643e-17
1.8557167799175712e-17
1.8565856441923775e-17
1.8574545084671825e-17
1.8583233727419875e-17
1.8591922370167937e-17
1.8604955334290006e-17
1.861364397703807e-17
1.8626676941160138e-17
1.864405422665625e-17
1.8657087190778332e-17
1.8678808797648463e-17
1.8691841761770544e-17
1.8709219047266657e-17
1.8722252011388726e-17
1.873094065413679e-17
1.873962929688484e-17
1.875266226100692e-17
1.8761350903754982e-17
1.877003954650302e-17
1.8778728189251083e-17
1.8796105474747183e-17
1.8804794117495245e-17
1.8822171402991345e-17
1.8835204367113427e-17
1.885258165260954e-17
1.8865614616731608e-17
1.887430325947967e-17
1.889168054497577e-17
1.8900369187723833e-17
1.8922090794593965e-17
1.8935123758716034e-17
1.8943812401464096e-17
1.8961189686960197e-17
1.896987832970826e-17
1.897856697245631e-17
1.898725561520436e-17
1.900897722207449e-17
1.9017665864822553e-17
1.9026354507570603e-17
1.9039387471692684e-17
1.9052420435814766e-17
1.908717500680698e-17
1.910455229230308e-17
1.9117585256425172e-17
1.912627389917321e-17
1.9139306863295304e-17
1.9161028470165435e-17
1.9169717112913485e-17
1.9182750077035567e-17
1.9195783041157648e-17
1.9204471683905698e-17
1.921316032665376e-17
1.922619329077583e-17
1.9234881933523892e-17
1.9265292183142074e-17
1.9287013790012217e-17
1.9300046754134286e-17
1.9321768361004418e-17
1.933480132512651e-17
1.934348996787455e-17
1.9369555896118712e-17
1.9391277502988843e-17
1.9404310467110937e-17
1.9417343431233006e-17
1.942603207398107e-17
1.945209800222523e-17
1.946078664497327e-17
1.947816393046938e-17
1.9486852573217432e-17
1.9499885537339525e-17
1.9512918501461594e-17
1.9521607144209657e-17
1.9530295786957694e-17
1.9543328751079788e-17
1.956505035794992e-17
1.958242764344602e-17
1.9595460607568113e-17
1.9617182214438245e-17
1.9630215178560314e-17
1.9638903821308376e-17
1.9656281106804477e-17
1.9669314070926558e-17
1.968669135642267e-17
1.9708412963292802e-17
1.9717101606040852e-17
1.9730134570162933e-17
1.9738823212910996e-17
1.9756200498407096e-17
1.9769233462529165e-17
1.9777922105277227e-17
1.979095506939931e-17
1.979964371214736e-17
1.981267667626944e-17
1.982570964039152e-17
1.9834398283139584e-17
1.9847431247261653e-17
1.9856119890009715e-17
1.9869152854131784e-17
1.9886530139627897e-17
1.990390742512401e-17
1.9916940389246078e-17
1.993431767474219e-17
1.994300631749024e-17
1.9956039281612322e-17
1.9964727924360373e-17
1.9973416567108435e-17
1.9982105209856485e-17
1.9995138173978566e-17
2.0003826816726617e-17
2.0012515459474667e-17
2.002554842359676e-17
2.0047270030466892e-17
2.006030299458896e-17
2.0068991637337023e-17
2.0077680280085073e-17
2.0086368922833123e-17
2.0095057565581186e-17
2.0103746208329224e-17
2.0112434851077286e-17
2.012112349382535e-17
2.0134156457947417e-17
2.014284510069548e-17
2.015587806481755e-17
2.017759967168768e-17
2.0194976957183793e-17
2.0203665599931843e-17
2.0225387206801974e-17
2.0247108813672106e-17
2.02601417777942e-17
2.027317474191627e-17
2.028186338466433e-17
2.029924067016043e-17
2.0307929312908494e-17
2.0325306598404594e-17
2.0338339562526675e-17
2.0347028205274725e-17
2.0360061169396807e-17
2.0368749812144857e-17
2.037743845489292e-17
2.039916006176305e-17
2.0420881668633182e-17
2.0438258954129282e-17
2.0451291918251376e-17
2.0464324882373445e-17
2.047735784649554e-17
2.0490390810617608e-17
2.049907945336567e-17
2.051211241748774e-17
2.053383402435787e-17
2.0546866988479964e-17
2.0555555631228002e-17
2.0564244273976064e-17
2.0581621559472165e-17
2.0590310202220227e-17
2.0607687487716327e-17
2.062940909458646e-17
2.0664163665578684e-17
2.0677196629700753e-17
2.0690229593822846e-17
2.0707606879318947e-17
2.071629552206701e-17
2.073367280756311e-17
2.074236145031116e-17
2.075105009305921e-17
2.0768427378555322e-17
2.0777116021303372e-17
2.0785804664051435e-17
2.0803181949547535e-17
2.0829247877791697e-17
2.0837936520539748e-17
2.0846625163287798e-17
2.085531380603586e-17
2.086834677015793e-17
2.0881379734280023e-17
2.0894412698402092e-17
2.0907445662524185e-17
2.0916134305272223e-17
2.0929167269394317e-17
2.0942200233516386e-17
2.0950888876264448e-17
2.0959577519012498e-17
2.097261048313458e-17
2.098129912588263e-17
2.1007365054126793e-17
2.1033430982370943e-17
2.1059496910615106e-17
2.1081218517485237e-17
2.1098595802981362e-17
2.1115973088477462e-17
2.1146383338095656e-17
2.1159416302217725e-17
2.1168104944965787e-17
2.1176793587713825e-17
2.119417087320995e-17
2.1202859515957988e-17
2.121154815870605e-17
2.12202368014541e-17
2.1233269765576182e-17
2.124630272969825e-17
2.1259335693820344e-17
2.1276712979316445e-17
2.1294090264812545e-17
2.1302778907560607e-17
2.131581187168269e-17
2.132450051443074e-17
2.13331891571788e-17
2.134622212130087e-17
2.1354910764048933e-17
2.1363599406796983e-17
2.1376632370919064e-17
2.1389665335041133e-17
2.1411386941911277e-17
2.1424419906033358e-17
2.1437452870155427e-17
2.144614151290349e-17
2.145917447702557e-17
2.1472207441147652e-17
2.1489584726643752e-17
2.1502617690765846e-17
2.1511306333513884e-17
2.1524339297635977e-17
2.155040522588014e-17
2.1559093868628178e-17
2.156778251137624e-17
2.157647115412429e-17
2.1593848439620403e-17
2.1602537082368453e-17
2.1615570046490534e-17
2.1641635974734697e-17
2.1650324617482747e-17
2.1676390545726898e-17
2.1693767831223022e-17
2.1711145116719123e-17
2.1724178080841192e-17
2.1750244009085354e-17
2.1767621294581467e-17
2.1776309937329517e-17
2.1798031544199648e-17
2.182409747244381e-17
2.1837130436565905e-17
2.1858852043436036e-17
2.1876229328932136e-17
2.18849179716802e-17
2.19022952571763e-17
2.19196725426724e-17
2.1928361185420462e-17
2.194139414954253e-17
2.1963115756412662e-17
2.1976148720534756e-17
2.1984837363282806e-17
2.2015247612900987e-17
2.202828057702308e-17
2.203696921977112e-17
2.2050002183893213e-17
2.205869082664125e-17
2.2067379469389313e-17
2.2076068112137375e-17
2.2084756754885413e-17
2.2093445397633475e-17
2.2123855647251657e-17
2.214123293274777e-17
2.214992157549582e-17
2.21629545396179e-17
2.217164318236595e-17
2.2189020467862064e-17
2.2197709110610114e-17
2.2206397753358164e-17
2.2228119360228295e-17
2.2254185288472458e-17
2.226721825259454e-17
2.228025121671662e-17
2.2288939859464683e-17
2.2306317144960783e-17
2.2319350109082852e-17
2.2328038751830915e-17
2.2341071715952996e-17
2.2349760358701046e-17
2.2362793322823127e-17
2.237582628694521e-17
2.239320357244131e-17
2.240189221518937e-17
2.241492517931144e-17
2.2427958143433534e-17
2.2445335428929634e-17
2.2462712714425735e-17
2.2493122964043928e-17
2.251484457091406e-17
2.2532221856410172e-17
2.2553943463280304e-17
2.2566976427402385e-17
2.2580009391524466e-17
2.2593042355646548e-17
2.2601730998394598e-17
2.261476396251668e-17
2.262779692663876e-17
2.263648556938681e-17
2.265386285488291e-17
2.2666895819005005e-17
2.2679928783127074e-17
2.2688617425875136e-17
2.2697306068623186e-17
2.27146833541193e-17
2.272337199686735e-17
2.273640496098943e-17
2.274509360373748e-17
2.2762470889233593e-17
2.2771159531981643e-17
2.2788536817477755e-17
2.2797225460225793e-17
2.2810258424347887e-17
2.2823291388469956e-17
2.2845012995340087e-17
2.285370163808815e-17
2.2862390280836212e-17
2.287107892358425e-17
2.2879767566332312e-17
2.2888456209080362e-17
2.2905833494576475e-17
2.2918866458698544e-17
2.2927555101446606e-17
2.2940588065568675e-17
2.296230967243882e-17
2.2979686957934932e-17
2.298837560068297e-17
2.3005752886179094e-17
2.3018785850301163e-17
2.3031818814423245e-17
2.3053540421293376e-17
2.3066573385415458e-17
2.309698363503365e-17
2.311001659915572e-17
2.3127393884651833e-17
2.3157804134270015e-17
2.3175181419766127e-17
2.3183870062514177e-17
2.3201247348010277e-17
2.3240346240376534e-17
2.3257723525872634e-17
2.3275100811368734e-17
2.3283789454116797e-17
2.3296822418238866e-17
2.330985538236096e-17
2.331854402510901e-17
2.333157698923109e-17
2.334026563197914e-17
2.3353298596101222e-17
2.3375020202971354e-17
2.3396741809841485e-17
2.340977477396358e-17
2.3418463416711616e-17
2.343584070220773e-17
2.3457562309077873e-17
2.3474939594573973e-17
2.3483628237322023e-17
2.3496661201444104e-17
2.3514038486940205e-17
2.3522727129688267e-17
2.3540104415184367e-17
2.355313737930646e-17
2.357051466480256e-17
2.358789195029866e-17
2.3605269235794774e-17
2.3613957878542824e-17
2.3631335164038924e-17
2.364871244953505e-17
2.3657401092283087e-17
2.368346702052725e-17
2.3696499984649343e-17
2.370518862739738e-17
2.3713877270145443e-17
2.3722565912893494e-17
2.3731254555641544e-17
2.3744287519763637e-17
2.37877307335039e-17
2.3805108019e-17
2.38224853044961e-17
2.3844206911366244e-17
2.3861584196862357e-17
2.3870272839610395e-17
2.3878961482358457e-17
2.388765012510652e-17
2.390068308922859e-17
2.391806037472469e-17
2.3939781981594833e-17
2.3961503588464964e-17
2.3978880873961077e-17
2.3991913838083146e-17
2.4009291123579258e-17
2.403101273044939e-17
2.4048390015945502e-17
2.4078800265563684e-17
2.4091833229685765e-17
2.4113554836555896e-17
2.413962076480006e-17
2.415265372892214e-17
2.4170031014418253e-17
2.4191752621288384e-17
2.4213474228158516e-17
2.4226507192280585e-17
2.423954015640268e-17
2.426560608464684e-17
2.428298337014294e-17
2.4304704977013073e-17
2.4330770905257235e-17
2.4348148190753336e-17
2.436118115487543e-17
2.438290276174556e-17
2.439593572586763e-17
2.4413313011363742e-17
2.4422001654111792e-17
2.4430690296859855e-17
2.4439378939607905e-17
2.4456756225104018e-17
2.4465444867852055e-17
2.4474133510600118e-17
2.44871664747222e-17
2.450019943884428e-17
2.450888808159233e-17
2.4526265367088443e-17
2.4539298331210512e-17
2.4556675616706625e-17
2.4565364259454675e-17
2.4574052902202737e-17
2.4587085866324806e-17
2.46001188304469e-17
2.463052908006508e-17
2.4647906365561194e-17
2.4656595008309232e-17
2.4665283651057294e-17
2.4678316615179375e-17
2.4687005257927426e-17
2.4704382543423526e-17
2.473479279304172e-17
2.47478257571638e-17
2.475651439991185e-17
2.4769547364033945e-17
2.4795613292278095e-17
2.481733489914824e-17
2.483471218464434e-17
2.4847745148766408e-17
2.486946675563654e-17
2.4882499719758633e-17
2.4895532683880702e-17
2.4908565648002796e-17
2.4917254290750834e-17
2.4925942933498896e-17
2.493463157624696e-17
2.495200886174306e-17
2.496938614723916e-17
2.4982419111361253e-17
2.4995452075483322e-17
2.5008485039605403e-17
2.5025862325101515e-17
2.5038895289223584e-17
2.5051928253345678e-17
2.5060616896093716e-17
2.507364986021581e-17
2.508233850296386e-17
2.509102714571191e-17
2.5099715788459972e-17
2.511274875258204e-17
2.5125781716704135e-17
2.5134470359452173e-17
2.5143159002200235e-17
2.5156191966322304e-17
2.5169224930444398e-17
2.5182257894566467e-17
2.519963518006258e-17
2.520832382281063e-17
2.5225701108306742e-17
2.5243078393802855e-17
2.5251767036550892e-17
2.5269144322047017e-17
2.5277832964795055e-17
2.529086592891715e-17
2.5299554571665186e-17
2.531693185716131e-17
2.532562049990935e-17
2.5338653464031443e-17
2.5351686428153512e-17
2.5364719392275605e-17
2.5373408035023643e-17
2.5395129641893775e-17
2.5408162606015868e-17
2.5416851248763918e-17
2.544291717700807e-17
2.5455950141130162e-17
2.546898310525223e-17
2.5477671748000294e-17
2.5503737676244456e-17
2.5512426318992507e-17
2.5525459283114588e-17
2.554718088998472e-17
2.55602138541068e-17
2.5573246818228882e-17
2.5581935460976932e-17
2.5599312746473045e-17
2.5612345710595114e-17
2.5629722996091226e-17
2.565144460296137e-17
2.566447756708344e-17
2.56731662098315e-17
2.568619917395357e-17
2.5694887816701633e-17
2.5712265102197733e-17
2.5720953744945795e-17
2.5729642387693833e-17
2.5742675351815927e-17
2.5751363994563977e-17
2.5760052637312027e-17
2.577308560143411e-17
2.578177424418216e-17
2.580349585105229e-17
2.5816528815174384e-17
2.5838250422044515e-17
2.5851283386166584e-17
2.5873004993036716e-17
2.5890382278532828e-17
2.5899070921280878e-17
2.5912103885402972e-17
2.5933825492273103e-17
2.594251413502114e-17
2.5959891420517266e-17
2.5977268706013366e-17
2.6016367598379598e-17
2.603374488387571e-17
2.604243352662376e-17
2.6059810812119873e-17
2.6072843776241954e-17
2.6081532418990004e-17
2.6094565383112086e-17
2.6116286989982217e-17
2.61293199541043e-17
2.613800859685235e-17
2.6151041560974442e-17
2.615973020372248e-17
2.6168418846470543e-17
2.6190140453340674e-17
2.6211862060210805e-17
2.6229239345706906e-17
2.6242272309829e-17
2.625096095257705e-17
2.62596495953251e-17
2.627268255944718e-17
2.6285715523569262e-17
2.6298748487691344e-17
2.6307437130439394e-17
2.6316125773187456e-17
2.6324814415935494e-17
2.6346536022805638e-17
2.6355224665553688e-17
2.6372601951049788e-17
2.6385634915171882e-17
2.6394323557919932e-17
2.6407356522042013e-17
2.6429078128912144e-17
2.6446455414408245e-17
2.6463832699904357e-17
2.647686566402644e-17
2.64855543067745e-17
2.65029315922706e-17
2.65203088777667e-17
2.6528997520514764e-17
2.6546374806010864e-17
2.6563752091506964e-17
2.6576785055629058e-17
2.6589818019751127e-17
2.659850666249919e-17
2.660719530524724e-17
2.662022826936932e-17
2.6641949876239452e-17
2.6650638518987515e-17
2.6676704447231677e-17
2.6685393089979715e-17
2.669842605410181e-17
2.6707114696849847e-17
2.672014766097194e-17
2.673318062509401e-17
2.6746213589216103e-17
2.6767935196086234e-17
2.6776623838834272e-17
2.6807034088452466e-17
2.6820067052574547e-17
2.6828755695322597e-17
2.683744433807066e-17
2.685916594494079e-17
2.687219890906286e-17
2.6885231873184954e-17
2.6906953480055085e-17
2.6915642122803136e-17
2.6941708051047298e-17
2.696777397929145e-17
2.6985151264787573e-17
2.699383990753561e-17
2.7011217193031724e-17
2.7045971764023937e-17
2.7059004728146018e-17
2.70720376922681e-17
2.708507065639018e-17
2.7102447941886293e-17
2.711113658463433e-17
2.7124169548756424e-17
2.7141546834252525e-17
2.7158924119748625e-17
2.7167612762496687e-17
2.718064572661877e-17
2.718933436936682e-17
2.720671165486292e-17
2.7224088940359044e-17
2.7245810547229175e-17
2.7254499189977213e-17
2.7267532154099307e-17
2.729359808234347e-17
2.7302286725091507e-17
2.731097536783957e-17
2.732400833196165e-17
2.7341385617457764e-17
2.73500742602058e-17
2.7367451545701926e-17
2.7384828831198026e-17
2.741958340219024e-17
2.7436960687686352e-17
2.744564933043439e-17
2.7454337973182452e-17
2.7463026615930514e-17
2.7471715258678552e-17
2.7480403901426615e-17
2.7489092544174665e-17
2.7502125508296746e-17
2.7519502793792846e-17
2.753253575791494e-17
2.7541224400662978e-17
2.755425736478507e-17
2.756729032890714e-17
2.7584667614403253e-17
2.7593356257151303e-17
2.7606389221273384e-17
2.7615077864021434e-17
2.7623766506769497e-17
2.7632455149517547e-17
2.764983243501366e-17
2.7658521077761697e-17
2.767155404188379e-17
2.768893132737989e-17
2.7714997255624054e-17
2.7728030219746135e-17
2.7754096147990286e-17
2.776278479073835e-17
2.778016207623445e-17
2.780188368310458e-17
2.7823605289974723e-17
2.7832293932722774e-17
2.7840982575470836e-17
2.7849671218218874e-17
2.7867048503715e-17
2.78844257892111e-17
2.79018030747072e-17
2.791049171745526e-17
2.791918036020331e-17
2.794090196707344e-17
2.7949590609821493e-17
2.7958279252569556e-17
2.7971312216691625e-17
2.798868950218774e-17
2.801041110905788e-17
2.802344407317995e-17
2.803647703730203e-17
2.804951000142411e-17
2.8058198644172175e-17
2.8071231608294244e-17
2.8079920251042306e-17
2.810164185791244e-17
2.812336346478257e-17
2.81450850716527e-17
2.81624623571488e-17
2.8175495321270895e-17
2.8188528285392964e-17
2.821893853501116e-17
2.8231971499133226e-17
2.824500446325532e-17
2.827107039149948e-17
2.828410335562155e-17
2.8297136319743645e-17
2.8314513605239746e-17
2.833623521210988e-17
2.834492385485794e-17
2.835795681898001e-17
2.837533410447611e-17
2.8392711389972234e-17
2.840140003272027e-17
2.8414432996842365e-17
2.84231216395904e-17
2.8431810282338465e-17
2.844049892508653e-17
2.8453531889208597e-17
2.84709091747047e-17
2.848828646020082e-17
2.849697510294886e-17
2.851435238844497e-17
2.8531729673941085e-17
2.8544762638063154e-17
2.8562139923559266e-17
2.8570828566307316e-17
2.857951720905538e-17
2.859255017317745e-17
2.860123881592551e-17
2.861861610142161e-17
2.863164906554369e-17
2.8644682029665773e-17
2.8653370672413836e-17
2.8670747957909936e-17
2.8688125243406036e-17
2.870115820752813e-17
2.872722413577228e-17
2.874460142126839e-17
2.8766323028138524e-17
2.8805421920504756e-17
2.883148784874892e-17
2.884886513424503e-17
2.887493106248918e-17
2.8892308347985306e-17
2.8909685633481406e-17
2.8922718597603475e-17
2.89400958830996e-17
2.894878452584764e-17
2.89574731685957e-17
2.897050613271777e-17
2.8992227739587913e-17
2.9026982310580126e-17
2.904001527470221e-17
2.905304823882429e-17
2.907042552432039e-17
2.907911416706845e-17
2.909649145256455e-17
2.9105180095312614e-17
2.9122557380808714e-17
2.9135590344930795e-17
2.915296763042691e-17
2.9161656273174946e-17
2.917903355867107e-17
2.919206652279314e-17
2.920509948691522e-17
2.92181324510373e-17
2.9231165415159384e-17
2.9239854057907434e-17
2.9261575664777565e-17
2.927460862889966e-17
2.929633023576979e-17
2.930501887851783e-17
2.932239616401395e-17
2.933542912813602e-17
2.935280641363212e-17
2.9365839377754216e-17
2.9400593948746416e-17
2.940928259149448e-17
2.943100419836461e-17
2.944403716248669e-17
2.945272580523474e-17
2.947010309073084e-17
2.9478791733478904e-17
2.9500513340349036e-17
2.9517890625845136e-17
2.953526791134126e-17
2.954830087546333e-17
2.956567816095943e-17
2.957436680370749e-17
2.9596088410577624e-17
2.9604777053325686e-17
2.9622154338821786e-17
2.964387594569192e-17
2.966125323118802e-17
2.968297483805816e-17
2.969166348080621e-17
2.9700352123554274e-17
2.970904076630231e-17
2.9717729409050375e-17
2.9730762373172456e-17
2.9739451015920506e-17
2.9756828301416606e-17
2.97698612655387e-17
2.97872385510348e-17
2.981330447927896e-17
2.9830681764775063e-17
2.986109201439326e-17
2.987412497851534e-17
2.988281362126339e-17
2.989150226401145e-17
2.990019090675949e-17
2.991322387088158e-17
2.9934945477751714e-17
2.9943634120499764e-17
2.9961011405995876e-17
2.9978388691491977e-17
2.999142165561406e-17
3.000445461973614e-17
3.001748758385822e-17
3.002617622660627e-17
3.0052242154850433e-17
3.0091341047216665e-17
3.010871833271279e-17
3.011740697546083e-17
3.013043993958292e-17
3.013912858233096e-17
3.014781722507902e-17
3.01608501892011e-17
3.016953883194915e-17
3.0182571796071234e-17
3.020429340294138e-17
3.0212982045689416e-17
3.022601500981151e-17
3.023470365255955e-17
3.024773661668164e-17
3.025642525942969e-17
3.026511390217774e-17
3.028249118767384e-17
3.0304212794543985e-17
3.0312901437292035e-17
3.03215900800401e-17
3.0330278722788136e-17
3.035200032965827e-17
3.036068897240633e-17
3.037372193652841e-17
3.0391099222024523e-17
3.0412820828894655e-17
3.0430198114390755e-17
3.043888675713882e-17
3.0469297006757e-17
3.047798564950505e-17
3.048667429225311e-17
3.049970725637518e-17
3.051708454187129e-17
3.0534461827367406e-17
3.0551839112863506e-17
3.056052775561157e-17
3.05822493624817e-17
3.059093800522974e-17
3.060397096935183e-17
3.061265961209988e-17
3.062569257622196e-17
3.063438121897001e-17
3.0647414183092094e-17
3.0656102825840156e-17
3.0669135789962225e-17
3.067782443271029e-17
3.0686513075458326e-17
3.069954603958042e-17
3.071257900370249e-17
3.072561196782458e-17
3.073430061057262e-17
3.0751677896068745e-17
3.076036653881678e-17
3.0782088145686914e-17
3.079512110980901e-17
3.080380975255706e-17
3.082987568080121e-17
3.08429086449233e-17
3.085159728767135e-17
3.0868974573167464e-17
3.0886351858663564e-17
3.0899384822785646e-17
3.0908073465533696e-17
3.091676210828176e-17
3.092979507240383e-17
3.094282803652592e-17
3.095586100064799e-17
3.098192692889215e-17
3.1007992857136315e-17
3.1021025821258384e-17
3.103840310675451e-17
3.104709174950255e-17
3.105578039225061e-17
3.106881335637268e-17
3.108184632049477e-17
3.109487928461684e-17
3.1107912248738935e-17
3.111660089148697e-17
3.1129633855609066e-17
3.1138322498357116e-17
3.1164388426601267e-17
3.118611003347141e-17
3.121217596171556e-17
3.1233897568585704e-17
3.1259963496829855e-17
3.127734078232597e-17
3.130775103194415e-17
3.131643967469221e-17
3.133381696018831e-17
3.1364227209806505e-17
3.1377260173928574e-17
3.1385948816676637e-17
3.140332610217274e-17
3.141635906629483e-17
3.14293920304169e-17
3.144676931591301e-17
3.1459802280035094e-17
3.147283524415716e-17
3.1485868208279256e-17
3.1494556851027306e-17
3.151627845789744e-17
3.15423443861416e-17
3.155972167163771e-17
3.1577098957133813e-17
3.1598820564003945e-17
3.162488649224811e-17
3.163791945637019e-17
3.165095242049227e-17
3.16726740273624e-17
3.168570699148448e-17
3.1703084276980595e-17
3.1716117241102664e-17
3.1724805883850727e-17
3.1733494526598777e-17
3.174218316934683e-17
3.175087181209489e-17
3.175956045484293e-17
3.177259341896502e-17
3.178997070446112e-17
3.18030036685832e-17
3.181169231133125e-17
3.1837758239575415e-17
3.184644688232348e-17
3.1855135525071515e-17
3.187685713194166e-17
3.188989009606374e-17
3.191161170293387e-17
3.1920300345681934e-17
3.192898898842997e-17
3.1942021952552066e-17
3.1950710595300104e-17
3.1959399238048166e-17
3.197243220217025e-17
3.19984981304144e-17
3.201587541591052e-17
3.202456405865856e-17
3.204194134415467e-17
3.2059318629650785e-17
3.2072351593772854e-17
3.208972887926897e-17
3.209841752201702e-17
3.211145048613911e-17
3.213751641438326e-17
3.2154893699879374e-17
3.2172270985375474e-17
3.2180959628123536e-17
3.2198336913619636e-17
3.2211369877741705e-17
3.223309148461185e-17
3.22417801273599e-17
3.2259157412856e-17
3.2272190376978093e-17
3.2280879019726143e-17
3.2289567662474193e-17
3.231997791209239e-17
3.234169951896252e-17
3.235473248308459e-17
3.236342112583265e-17
3.237210976858071e-17
3.238514273270278e-17
3.239817569682486e-17
3.2419897303695007e-17
3.243727458919111e-17
3.247637348155734e-17
3.24850621243054e-17
3.25024394098015e-17
3.2511128052549564e-17
3.2528505338045664e-17
3.2537193980793726e-17
3.2545882623541764e-17
3.256325990903789e-17
3.257629287315996e-17
3.259367015865606e-17
3.260235880140412e-17
3.2611047444152183e-17
3.2637113372396333e-17
3.2650146336518415e-17
3.265883497926648e-17
3.2671867943388546e-17
3.269358955025868e-17
3.270662251438077e-17
3.272399979987687e-17
3.273703276399894e-17
3.2745721406747e-17
3.2763098692243103e-17
3.2784820299113235e-17
3.279785326323533e-17
3.28108862273574e-17
3.284564079834962e-17
3.285867376247169e-17
3.2871706726593785e-17
3.2889084012089885e-17
3.291514994033405e-17
3.29238385830821e-17
3.295859315407431e-17
3.2989003403692505e-17
3.3010725010562636e-17
3.304547958155485e-17
3.305851254567693e-17
3.3071545509799e-17
3.308892279529511e-17
3.3110644402165256e-17
3.3123677366287325e-17
3.3141054651783425e-17
3.314974329453149e-17
3.315843193727955e-17
3.317146490140162e-17
3.318015354414968e-17
3.319318650827175e-17
3.3206219472393844e-17
3.3223596757889944e-17
3.3232285400637994e-17
3.3245318364760075e-17
3.3262695650256176e-17
3.328876157850034e-17
3.330179454262243e-17
3.33148275067445e-17
3.332786047086658e-17
3.3345237756362695e-17
3.3362615041858795e-17
3.3379992327354895e-17
3.339736961285102e-17
3.341474689834712e-17
3.343212418384322e-17
3.3445157147965314e-17
3.3458190112087383e-17
3.3484256040331546e-17
3.349728900445363e-17
3.351032196857571e-17
3.353204357544584e-17
3.35407322181939e-17
3.354942086094194e-17
3.357114246781207e-17
3.3597208396056234e-17
3.3605897038804297e-17
3.3614585681552347e-17
3.362761864567443e-17
3.364499593117053e-17
3.365368457391859e-17
3.369278346628482e-17
3.3701472109032885e-17
3.3718849394528985e-17
3.373188235865108e-17
3.3740571001399117e-17
3.375360396552121e-17
3.376663692964328e-17
3.377532557239134e-17
3.379270285788744e-17
3.3814424464757573e-17
3.3823113107505636e-17
3.3831801750253686e-17
3.384483471437577e-17
3.386221199987187e-17
3.387524496399396e-17
3.3883933606742e-17
3.389696657086409e-17
3.391434385636019e-17
3.3927376820482274e-17
3.3944754105978387e-17
3.3953442748726424e-17
3.397082003422255e-17
3.398385299834462e-17
3.400557460521475e-17
3.402295189071085e-17
3.404901781895501e-17
3.4057706461703075e-17
3.4066395104451125e-17
3.4075083747199175e-17
3.408377238994724e-17
3.4096805354069307e-17
3.410549399681737e-17
3.413155992506153e-17
3.4157625853305694e-17
3.418369178154986e-17
3.4196724745671926e-17
3.420541338841999e-17
3.4214102031168026e-17
3.423582363803817e-17
3.424451228078622e-17
3.425320092353428e-17
3.4283611173152464e-17
3.4300988458648577e-17
3.4314021422770646e-17
3.434443167238884e-17
3.435312031513689e-17
3.4374841922007033e-17
3.4400907850251184e-17
3.442262945712133e-17
3.4435662421243397e-17
3.446172834948756e-17
3.447476131360964e-17
3.448344995635769e-17
3.4509515884601853e-17
3.4531237491471985e-17
3.4544270455594066e-17
3.457033638383823e-17
3.458771366933434e-17
3.4613779597578504e-17
3.462246824032654e-17
3.4635501204448635e-17
3.4648534168570704e-17
3.4665911454066817e-17
3.467460009681487e-17
3.469197738231097e-17
3.470066602505903e-17
3.470935466780709e-17
3.473976491742526e-17
3.4757142202921386e-17
3.4765830845669424e-17
3.477886380979152e-17
3.4787552452539555e-17
3.481361838078372e-17
3.482230702353178e-17
3.483968430902788e-17
3.4865750237272043e-17
3.4878783201394125e-17
3.4891816165516206e-17
3.491353777238634e-17
3.49222264151344e-17
3.49396037006305e-17
3.495263666475257e-17
3.497870259299673e-17
3.4987391235744794e-17
3.5000424199866863e-17
3.5009112842614926e-17
3.5026490128111026e-17
3.503517877085909e-17
3.504386741360714e-17
3.505690037772922e-17
3.507862198459935e-17
3.509165494872143e-17
3.5104687912843514e-17
3.5122065198339614e-17
3.5130753841087677e-17
3.515247544795781e-17
3.516985273345391e-17
3.518723001895002e-17
3.5208951625820165e-17
3.5239361875438334e-17
3.5248050518186396e-17
3.525673916093446e-17
3.526977212505653e-17
3.528280508917861e-17
3.529149373192666e-17
3.530018237467472e-17
3.531321533879679e-17
3.5343625588414984e-17
3.5356658552537066e-17
3.536969151665915e-17
3.53783801594072e-17
3.539575744490331e-17
3.541747905177344e-17
3.543485633726954e-17
3.5443544980017604e-17
3.5460922265513704e-17
3.5473955229635785e-17
3.5486988193757867e-17
3.549567683650593e-17
3.5504365479253967e-17
3.551739844337606e-17
3.553912005024619e-17
3.555649733574229e-17
3.557387462123839e-17
3.5586907585360486e-17
3.5595596228108536e-17
3.560862919223062e-17
3.561731783497867e-17
3.563035079910075e-17
3.564772808459685e-17
3.566076104871894e-17
3.567379401284101e-17
3.5691171298337124e-17
3.5699859941085174e-17
3.5708548583833237e-17
3.5721581547955306e-17
3.57346145120774e-17
3.57519917975735e-17
3.576502476169557e-17
3.577805772581766e-17
3.579109068993973e-17
3.5799779332687794e-17
3.5817156618183894e-17
3.5830189582305975e-17
3.585191118917612e-17
3.586494415329819e-17
3.587797711742027e-17
3.591273168841248e-17
3.5921420331160545e-17
3.593010897390858e-17
3.5943141938030676e-17
3.5951830580778726e-17
3.596920786627484e-17
3.5977896509022877e-17
3.5995273794519e-17
3.600396243726704e-17
3.602133972276315e-17
3.6034372686885233e-17
3.6043061329633296e-17
3.6060438615129396e-17
3.6069127257877446e-17
3.608216022199953e-17
3.609519318612161e-17
3.610388182886966e-17
3.611691479299174e-17
3.614732504260992e-17
3.6156013685357984e-17
3.6173390970854084e-17
3.6182079613602147e-17
3.6199456899098247e-17
3.623421147009047e-17
3.624724443421254e-17
3.6277654683830735e-17
3.6295031969326835e-17
3.6308064933448916e-17
3.632544221894503e-17
3.633413086169308e-17
3.635585246856321e-17
3.638626271818139e-17
3.6394951360929454e-17
3.6403640003677505e-17
3.643839457466972e-17
3.64514275387918e-17
3.646011618153985e-17
3.646880482428791e-17
3.648183778840998e-17
3.649052643115804e-17
3.649921507390609e-17
3.6512248038028174e-17
3.6529625323524274e-17
3.6538313966272337e-17
3.656003557314247e-17
3.656872421589053e-17
3.65817571800126e-17
3.659479014413468e-17
3.660782310825676e-17
3.6642577679248975e-17
3.6655610643371056e-17
3.666864360749314e-17
3.669036521436327e-17
3.671643114260743e-17
3.6746841392225613e-17
3.678594028459186e-17
3.679897324871394e-17
3.682069485558407e-17
3.683372781970615e-17
3.684676078382823e-17
3.685544942657628e-17
3.6872826712072395e-17
3.6881515354820446e-17
3.690323696169058e-17
3.691626992581266e-17
3.692495856856072e-17
3.693364721130876e-17
3.695536881817889e-17
3.6977090425049034e-17
3.7007500674667215e-17
3.701618931741528e-17
3.7029222281537347e-17
3.705094388840748e-17
3.705963253115554e-17
3.708135413802567e-17
3.7094387102147753e-17
3.7124797351765935e-17
3.713783031588803e-17
3.716389624413219e-17
3.718127352962829e-17
3.718996217237634e-17
3.720299513649842e-17
3.7211683779246485e-17
3.7224716743368554e-17
3.7237749707490636e-17
3.725078267161272e-17
3.725947131436078e-17
3.728553724260493e-17
3.7307258849475074e-17
3.731594749222311e-17
3.7324636134971174e-17
3.733766909909324e-17
3.737242367008547e-17
3.7385456634207537e-17
3.740717824107768e-17
3.7424555526573793e-17
3.743324416932183e-17
3.7446277133443925e-17
3.7467998740314056e-17
3.7476687383062106e-17
3.749406466855822e-17
3.750709763268029e-17
3.754185220367251e-17
3.7563573810542644e-17
3.759398406016084e-17
3.761570566703097e-17
3.762873863115304e-17
3.76548045593972e-17
3.769390345176343e-17
3.771128073725956e-17
3.7724313701381627e-17
3.773734666550371e-17
3.775037962962579e-17
3.776341259374787e-17
3.777644555786995e-17
3.7785134200618e-17
3.7802511486114115e-17
3.7819888771610215e-17
3.784595469985438e-17
3.786333198535048e-17
3.788939791359464e-17
3.791111952046477e-17
3.7924152484586866e-17
3.795456273420505e-17
3.796759569832713e-17
3.79806286624492e-17
3.799800594794532e-17
3.801103891206739e-17
3.802407187618947e-17
3.8037104840311554e-17
3.8050137804433635e-17
3.8058826447181685e-17
3.806751508992975e-17
3.8076203732677786e-17
3.808923669679988e-17
3.809792533954793e-17
3.811095830367001e-17
3.811964694641806e-17
3.813267991054014e-17
3.8141368553288205e-17
3.8154401517410274e-17
3.8171778802906374e-17
3.818481176702847e-17
3.821522201664665e-17
3.82239106593947e-17
3.823694362351679e-17
3.8258665230386924e-17
3.8271698194508993e-17
3.8289075480005106e-17
3.830645276550122e-17
3.831948572962329e-17
3.832817437237135e-17
3.834989597924148e-17
3.835858462198953e-17
3.836727326473758e-17
3.8384650550233694e-17
3.8419405121225907e-17
3.844547104947007e-17
3.84671926563402e-17
3.850629154870643e-17
3.8519324512828526e-17
3.8536701798324626e-17
3.8554079083820727e-17
3.856711204794282e-17
3.858448933343892e-17
3.859317797618698e-17
3.860621094030905e-17
3.8619243904431133e-17
3.864096551130128e-17
3.865834279679738e-17
3.866703143954543e-17
3.868006440366751e-17
3.869309736778959e-17
3.87104746532857e-17
3.87452292242779e-17
3.8758262188399997e-17
3.8766950831148034e-17
3.878867243801818e-17
3.879736108076623e-17
3.881039404488831e-17
3.883645997313247e-17
3.8849492937254554e-17
3.8875558865498716e-17
3.889728047236885e-17
3.891900207923898e-17
3.893203504336106e-17
3.895810097160521e-17
3.8979822578475355e-17
3.8988511221223405e-17
3.9001544185345486e-17
3.902326579221563e-17
3.904064307771173e-17
3.904933172045978e-17
3.905802036320783e-17
3.9071053327329924e-17
3.908408629145199e-17
3.9097119255574074e-17
3.9114496541070187e-17
3.9127529505192256e-17
3.917531704030655e-17
3.9188350004428643e-17
3.920138296855071e-17
3.9218760254046825e-17
3.9240481860916956e-17
3.92622034677871e-17
3.927089211053514e-17
3.92795807532832e-17
3.930130236015333e-17
3.9314335324275413e-17
3.9331712609771526e-17
3.9344745573893595e-17
3.9366467180763726e-17
3.938384446625984e-17
3.939687743038192e-17
3.9409910394504e-17
3.942294335862608e-17
3.9444664965496214e-17
3.9457697929618296e-17
3.947507521511441e-17
3.949679682198454e-17
3.950548546473258e-17
3.952720707160272e-17
3.95402400357248e-17
3.955327299984687e-17
3.9561961642594934e-17
3.9583683249465065e-17
3.959237189221313e-17
3.9601060534961165e-17
3.960974917770923e-17
3.963147078457936e-17
3.964015942732742e-17
3.965319239144949e-17
3.9666225355571584e-17
3.9705324247937816e-17
3.9722701533433916e-17
3.974876746167808e-17
3.976614474717419e-17
3.979221067541834e-17
3.9813932282288486e-17
3.98313095677846e-17
3.984434253190667e-17
3.985737549602876e-17
3.98660641387768e-17
3.987909710289889e-17
3.989647438839499e-17
3.9918195995265124e-17
3.9931228959387205e-17
3.994860624488332e-17
4.000508242274566e-17
4.0018115386867743e-17
4.0026804029615793e-17
4.0052869957859956e-17
4.0061558600608006e-17
4.009631317160023e-17
4.01093461357223e-17
4.012237909984438e-17
4.0148445028088544e-17
4.0170166634958676e-17
4.020057688457686e-17
4.023098713419505e-17
4.025270874106518e-17
4.028746331205741e-17
4.0296151954805445e-17
4.033090652579767e-17
4.036566109678987e-17
4.0374349739537933e-17
4.038738270366e-17
4.0396071346408065e-17
4.0409104310530146e-17
4.0417792953278196e-17
4.044385888152236e-17
4.047426913114055e-17
4.0495990738010684e-17
4.0509023702132753e-17
4.0517712344880816e-17
4.0530745309002885e-17
4.054812259449901e-17
4.056115555862108e-17
4.057418852274316e-17
4.059156580823927e-17
4.060894309373537e-17
4.0639353343353567e-17
4.0652386307475636e-17
4.06610749502237e-17
4.06784522357198e-17
4.069148519984189e-17
4.071755112808604e-17
4.0730584092208124e-17
4.0739272734956186e-17
4.0752305699078255e-17
4.0769682984574355e-17
4.077837162732242e-17
4.078706027007048e-17
4.080009323419255e-17
4.081747051968865e-17
4.0834847805184774e-17
4.084353644793281e-17
4.0852225090680874e-17
4.0873946697551006e-17
4.0891323983047106e-17
4.090001262579517e-17
4.090870126854322e-17
4.093042287541336e-17
4.0952144482283494e-17
4.096517744640556e-17
4.0982554731901675e-17
4.101296498151986e-17
4.103034226701597e-17
4.104337523113805e-17
4.10520638738861e-17
4.1073785480756245e-17
4.1086818444878314e-17
4.1104195730374414e-17
4.112591733724456e-17
4.113460597999261e-17
4.11650162296108e-17
4.11823935151069e-17
4.1199770800603e-17
4.1221492407473146e-17
4.1230181050221196e-17
4.123886969296926e-17
4.126059129983939e-17
4.126927994258744e-17
4.128665722808355e-17
4.129969019220562e-17
4.13127231563277e-17
4.1325756120449784e-17
4.1343133405945884e-17
4.136919933419005e-17
4.138223229831214e-17
4.141698686930434e-17
4.1451741440296566e-17
4.14734630471667e-17
4.149518465403683e-17
4.15082176181589e-17
4.152125058228099e-17
4.153428354640306e-17
4.1542972189151123e-17
4.1577726760143336e-17
4.159510404563945e-17
4.1603792688387486e-17
4.161682565250958e-17
4.162551429525763e-17
4.163854725937971e-17
4.165158022350178e-17
4.1686334794494005e-17
4.1695023437242056e-17
4.1703712079990106e-17
4.17167450441122e-17
4.172543368686024e-17
4.17341223296083e-17
4.175584393647843e-17
4.1764532579226493e-17
4.177322122197453e-17
4.1799287150218694e-17
4.181232011434079e-17
4.182969739983689e-17
4.185141900670702e-17
4.18644519708291e-17
4.188617357769923e-17
4.1899206541821313e-17
4.1912239505943395e-17
4.1920928148691445e-17
4.1933961112813526e-17
4.194699407693561e-17
4.197306000517977e-17
4.198174864792782e-17
4.199043729067587e-17
4.201650321892003e-17
4.2025191861668095e-17
4.2033880504416133e-17
4.2046913468538227e-17
4.2059946432660296e-17
4.209904532502655e-17
4.213379989601875e-17
4.2151177181514865e-17
4.216855446701098e-17
4.2181587431133047e-17
4.2198964716629147e-17
4.221634200212527e-17
4.222503064487331e-17
4.224240793036942e-17
4.2255440894491503e-17
4.2272818179987604e-17
4.2281506822735666e-17
4.2298884108231766e-17
4.231626139372788e-17
4.235101596472009e-17
4.236404892884217e-17
4.2394459178460354e-17
4.240749214258245e-17
4.242052510670452e-17
4.245093535632271e-17
4.246396832044478e-17
4.248134560594089e-17
4.2503067212811036e-17
4.2529133141055187e-17
4.255519906929935e-17
4.25638877120474e-17
4.257257635479546e-17
4.2602986604413643e-17
4.2624708211283775e-17
4.264642981815392e-17
4.266380710365002e-17
4.268987303189418e-17
4.270290599601625e-17
4.271159463876431e-17
4.2728971924260413e-17
4.2746349209756526e-17
4.275938217387861e-17
4.2772415138000676e-17
4.279413674487082e-17
4.2824546994489e-17
4.284626860135913e-17
4.2863645886855245e-17
4.288102317235136e-17
4.288971181509941e-17
4.289840045784746e-17
4.291577774334356e-17
4.292881070746565e-17
4.2959220957083834e-17
4.2989631206702015e-17
4.3011352813572147e-17
4.303307442044229e-17
4.305479602731242e-17
4.306348467006047e-17
4.3076517634182565e-17
4.3089550598304634e-17
4.3102583562426716e-17
4.3111272205174766e-17
4.3128649490670866e-17
4.314168245479296e-17
4.315037109754101e-17
4.315905974028906e-17
4.317209270441114e-17
4.3193814311281285e-17
4.3215535918151417e-17
4.323725752502155e-17
4.32459461677696e-17
4.325897913189168e-17
4.328504506013584e-17
4.3315455309754024e-17
4.3345865559372205e-17
4.335455420212027e-17
4.3367587166242337e-17
4.339799741586053e-17
4.341971902273066e-17
4.3428407665478724e-17
4.3441440629600793e-17
4.3450129272348856e-17
4.3467506557844956e-17
4.347619520059302e-17
4.349357248608912e-17
4.352398273570731e-17
4.353267137845536e-17
4.3545704342577444e-17
4.3580458913569657e-17
4.3589147556317707e-17
4.360652484181381e-17
4.362390212730993e-17
4.3645623734180063e-17
4.36543123769281e-17
4.3684722626546295e-17
4.3697755590668376e-17
4.3706444233416427e-17
4.373685448303462e-17
4.374554312578267e-17
4.375857608990475e-17
4.3780297696774883e-17
4.3797674982270984e-17
4.381070794639308e-17
4.381939658914113e-17
4.383677387463724e-17
4.387587276700347e-17
4.388890573112555e-17
4.3914971659369715e-17
4.3923660302117766e-17
4.393234894486583e-17
4.395407055173596e-17
4.396275919448401e-17
4.398448080135414e-17
4.399751376547622e-17
4.4010546729598304e-17
4.4023579693720385e-17
4.4036612657842454e-17
4.4058334264712585e-17
4.407136722883468e-17
4.408005587158273e-17
4.408874451433078e-17
4.409743315707884e-17
4.410612179982688e-17
4.4136532049445073e-17
4.4149565013567155e-17
4.418431958455937e-17
4.419300822730743e-17
4.420169687005547e-17
4.421472983417756e-17
4.423210711967366e-17
4.425382872654379e-17
4.4275550333413924e-17
4.429292761891004e-17
4.431464922578018e-17
4.432333786852822e-17
4.433202651127628e-17
4.435374811814641e-17
4.4375469725016544e-17
4.4384158367764606e-17
4.441022429600877e-17
4.444497886700097e-17
4.446235615249708e-17
4.447104479524513e-17
4.4492766402115264e-17
4.450579936623736e-17
4.453186529448151e-17
4.455358690135165e-17
4.457096418684775e-17
4.458399715096982e-17
4.4605718757839964e-17
4.4618751721962046e-17
4.464481765020621e-17
4.467957222119841e-17
4.46926051853205e-17
4.47099824708166e-17
4.4718671113564665e-17
4.4731704077686734e-17
4.4757770005930897e-17
4.4775147291426997e-17
4.478383593417506e-17
4.479252457692312e-17
4.480121321967116e-17
4.480990186241922e-17
4.482293482654129e-17
4.4840312112037416e-17
4.4853345076159485e-17
4.4875066683029616e-17
4.488809964715171e-17
4.489678828989975e-17
4.491416557539586e-17
4.492719853951794e-17
4.4957608789136135e-17
4.4979330396006267e-17
4.4988019038754305e-17
4.500539632425043e-17
4.50184292883725e-17
4.504883953799069e-17
4.505752818073874e-17
4.5070561144860824e-17
4.508359410898289e-17
4.510097139447902e-17
4.512703732272317e-17
4.514441460821928e-17
4.5170480536463443e-17
4.5196546464707606e-17
4.5209579428829675e-17
4.521826807157774e-17
4.5231301035699806e-17
4.52443339998219e-17
4.525302264256994e-17
4.527474424944007e-17
4.5292121534936194e-17
4.5305154499058263e-17
4.5313843141806326e-17
4.5326876105928395e-17
4.5348597712798526e-17
4.540072956928685e-17
4.5409418212034914e-17
4.5426795497531014e-17
4.5439828461653095e-17
4.5452861425775177e-17
4.5470238711271277e-17
4.550064896088947e-17
4.5526714889133633e-17
4.5544092174629734e-17
4.5570158102873896e-17
4.5587535388369996e-17
4.562228995936222e-17
4.563532292348429e-17
4.564401156623235e-17
4.565704453035442e-17
4.5665733173102484e-17
4.5678766137224566e-17
4.569614342272068e-17
4.570917638684275e-17
4.573958663646094e-17
4.576130824333107e-17
4.5769996886079135e-17
4.577868552882717e-17
4.5791718492949267e-17
4.582647306394147e-17
4.584385034943758e-17
4.585688331355966e-17
4.586991627768173e-17
4.5887293563177855e-17
4.5917703812796024e-17
4.5943769741040187e-17
4.596983566928435e-17
4.599155727615448e-17
4.6004590240276574e-17
4.6017623204398643e-17
4.6026311847146706e-17
4.6039344811268775e-17
4.606541073951294e-17
4.607844370363503e-17
4.610016531050516e-17
4.61088539532532e-17
4.6130575560123344e-17
4.6139264202871394e-17
4.6152297166993476e-17
4.617401877386362e-17
4.618270741661166e-17
4.620442902348179e-17
4.6221806308977913e-17
4.6260905201344145e-17
4.6278282486840245e-17
4.629565977233636e-17
4.630434841508441e-17
4.632172570058052e-17
4.6356480271572733e-17
4.6373857557068833e-17
4.6382546199816896e-17
4.6399923485312996e-17
4.642164509218313e-17
4.644771102042729e-17
4.646943262729742e-17
4.6478121270045484e-17
4.6486809912793534e-17
4.650853151966368e-17
4.652590880515978e-17
4.655197473340394e-17
4.656500769752601e-17
4.657369634027407e-17
4.6630172518136417e-17
4.66605827677546e-17
4.666927141050266e-17
4.668664869599876e-17
4.670837030286889e-17
4.6725747588365005e-17
4.6734436231113055e-17
4.676484648073125e-17
4.67735351234793e-17
4.679091240897541e-17
4.680828969447151e-17
4.682132265859359e-17
4.683001130134164e-17
4.6843044265463724e-17
4.6856077229585806e-17
4.686911019370789e-17
4.687779883645594e-17
4.689952044332607e-17
4.6951652299814394e-17
4.698206254943259e-17
4.6995095513554657e-17
4.702116144179882e-17
4.70341944059209e-17
4.7086326262409214e-17
4.711673651202741e-17
4.712976947614949e-17
4.713845811889754e-17
4.715149108301963e-17
4.71645240471417e-17
4.7173212689889764e-17
4.7186245654011833e-17
4.7194934296759896e-17
4.7203622939507946e-17
4.7212311582255996e-17
4.722100022500406e-17
4.723837751050016e-17
4.725575479599626e-17
4.727313208149237e-17
4.7299198009736534e-17
4.7325263937980684e-17
4.7351329866224847e-17
4.736436283034694e-17
4.737739579446901e-17
4.739477307996512e-17
4.7407806044087203e-17
4.742083900820927e-17
4.74382162937054e-17
4.747731518607163e-17
4.750338111431579e-17
4.752075839981189e-17
4.7555512970804117e-17
4.757723457767425e-17
4.759461186317035e-17
4.761198914866645e-17
4.762502211278854e-17
4.763805507691061e-17
4.7677153969276855e-17
4.7690186933398937e-17
4.7698875576147e-17
4.771190854026907e-17
4.772494150439115e-17
4.774231878988726e-17
4.775969607538336e-17
4.7785762003627525e-17
4.7798794967749606e-17
4.781617225324572e-17
4.7824860895993757e-17
4.783789386011585e-17
4.785092682423792e-17
4.786830410973403e-17
4.7898714359352213e-17
4.7907403002100276e-17
4.7924780287596376e-17
4.794215757309249e-17
4.798125646545873e-17
4.8002978072328864e-17
4.8011666715076914e-17
4.8024699679198995e-17
4.803338832194706e-17
4.8042076964695096e-17
4.808117585706135e-17
4.809855314255745e-17
4.811593042805355e-17
4.8137652034923684e-17
4.8155029320419796e-17
4.816806228454188e-17
4.818109524866396e-17
4.819847253416007e-17
4.821150549828214e-17
4.823322710515227e-17
4.8246260069274366e-17
4.827232599751853e-17
4.828970328301463e-17
4.83027362471367e-17
4.831142488988476e-17
4.832011353263282e-17
4.833314649675489e-17
4.8363556746373085e-17
4.8398311317365286e-17
4.841134428148738e-17
4.842003292423543e-17
4.842872156698348e-17
4.844609885247958e-17
4.8463476137975705e-17
4.8485197744845836e-17
4.8493886387593874e-17
4.851126367309e-17
4.8519952315838037e-17
4.853298527996013e-17
4.854167392270817e-17
4.856773985095233e-17
4.8576428493700393e-17
4.8602494421944556e-17
4.8615527386066625e-17
4.862856035018872e-17
4.865028195705885e-17
4.866765924255495e-17
4.867634788530301e-17
4.8698069492173144e-17
4.871110245629521e-17
4.8737168384539376e-17
4.875020134866146e-17
4.878061159827964e-17
4.87893002410277e-17
4.880233320514977e-17
4.8845776418890045e-17
4.8858809383012126e-17
4.8876186668508227e-17
4.889790827537836e-17
4.89196298822485e-17
4.892831852499655e-17
4.8958728774614746e-17
4.8971761738736815e-17
4.902823791659917e-17
4.904127088072124e-17
4.9058648166217365e-17
4.9076025451713466e-17
4.9093402737209566e-17
4.910643570133166e-17
4.912815730820179e-17
4.914987891507192e-17
4.9171600521942054e-17
4.9197666450186216e-17
4.9215043735682317e-17
4.924110966392648e-17
4.924979830667454e-17
4.927586423491869e-17
4.9288897199040773e-17
4.9306274484536874e-17
4.9314963127284936e-17
4.933668473415507e-17
4.934537337690313e-17
4.936709498377326e-17
4.938012794789533e-17
4.938881659064339e-17
4.9410538197513524e-17
4.9419226840261574e-17
4.944529276850574e-17
4.946267005400185e-17
4.947135869674989e-17
4.950176894636808e-17
4.952349055323821e-17
4.9532179195986275e-17
4.9545212160108344e-17
4.9562589445604457e-17
4.96016883379707e-17
4.96190656234668e-17
4.96364429089629e-17
4.9671197479955126e-17
4.9684230444077195e-17
4.971464069369539e-17
4.973201797919149e-17
4.974505094331358e-17
4.9766772550183714e-17
4.9784149835679815e-17
4.979718279980191e-17
4.9805871442549946e-17
4.982759304942008e-17
4.983628169216814e-17
4.984931465629022e-17
4.98623476204123e-17
4.98797249059084e-17
4.9892757870030496e-17
4.9901446512778534e-17
4.9918823798274647e-17
4.9927512441022697e-17
4.994054540514479e-17
4.995357836926686e-17
4.997529997613699e-17
5.0001365904381154e-17
5.0023087511251285e-17
5.005784208224351e-17
5.007087504636558e-17
5.007956368911364e-17
5.010128529598377e-17
5.0131695545601967e-17
5.014907283109807e-17
5.016645011659417e-17
5.017948308071626e-17
5.01881717234643e-17
5.020554900896041e-17
5.021858197308249e-17
5.0227270615830555e-17
5.027505815094485e-17
5.0301124079189e-17
5.033153432880718e-17
5.0348911614303294e-17
5.0361944578425375e-17
5.0374977542547456e-17
5.0383666185295506e-17
5.040973211353967e-17
5.04314537204098e-17
5.045751964865396e-17
5.048792989827216e-17
5.052268446926436e-17
5.053137311201242e-17
5.054006175476047e-17
5.05617833616306e-17
5.057481632575268e-17
5.0609570896744895e-17
5.0622603860866977e-17
5.064432546773711e-17
5.065735843185919e-17
5.067039139598127e-17
5.0679080038729333e-17
5.06921130028514e-17
5.07094902883475e-17
5.0718178931095565e-17
5.074424485933973e-17
5.075293350208778e-17
5.077899943033194e-17
5.079203239445402e-17
5.080506535857609e-17
5.0822442644072216e-17
5.0831131286820253e-17
5.0839819929568316e-17
5.0848508572316366e-17
5.0857197215064416e-17
5.087457450056053e-17
5.088326314330858e-17
5.090064042880468e-17
5.090932907155274e-17
5.0918017714300804e-17
5.092670635704884e-17
5.09658052494151e-17
5.098752685628523e-17
5.100490414178133e-17
5.102662574865146e-17
5.1035314391399523e-17
5.104400303414756e-17
5.1052691676895624e-17
5.1074413283765755e-17
5.108310192651382e-17
5.110047921200992e-17
5.112654514025408e-17
5.1156955389872274e-17
5.116564403262031e-17
5.1187365639490444e-17
5.120908724636059e-17
5.122212021048267e-17
5.12438418173528e-17
5.1291629352467094e-17
5.1309006637963194e-17
5.1317695280711257e-17
5.1330728244833326e-17
5.134810553032944e-17
5.135679417307749e-17
