4.20099254009232e-19
6.12304875698685e-19
7.084076865433991e-19
8.045104973881132e-19
9.006133082328397e-19
1.0447675244999294e-18
1.1408703353446312e-18
1.2369731461893577e-18
1.3811273624564474e-18
1.6213843895682389e-18
1.7655386058353163e-18
1.957744227524757e-18
2.0538470383694834e-18
2.2460526600589116e-18
2.3902068763260013e-18
2.5824124980154296e-18
2.7265667142825193e-18
2.8707209305495844e-18
3.0629265522390373e-18
3.2070807685061147e-18
3.4473377956179185e-18
3.543440606462633e-18
3.68759482272971e-18
3.7836976335744365e-18
3.879800444419151e-18
4.072006066108591e-18
4.264211687798032e-18
4.360314498642746e-18
4.4564173094874725e-18
4.648622931176901e-18
4.744725742021627e-18
4.93693136371108e-18
5.033034174555782e-18
5.177188390822872e-18
5.321342607089949e-18
5.417445417934663e-18
5.51354822877939e-18
5.609651039624116e-18
5.705753850468818e-18
5.849908066735908e-18
5.946010877580634e-18
6.042113688425348e-18
6.186267904692426e-18
6.378473526381866e-18
6.714833364338384e-18
6.810936175183098e-18
6.955090391450188e-18
7.099244607717265e-18
7.291450229406706e-18
7.483655851096134e-18
7.579758661940861e-18
7.675861472785587e-18
7.771964283630301e-18
7.868067094475016e-18
8.012221310742105e-18
8.108324121586832e-18
8.204426932431534e-18
8.30052974327626e-18
8.4927353649657e-18
8.636889581232778e-18
8.829095202922219e-18
8.925198013766933e-18
9.021300824611659e-18
9.117403635456386e-18
9.309609257145814e-18
9.501814878835267e-18
9.694020500524695e-18
9.838174716791785e-18
9.934277527636487e-18
1.012648314932594e-17
1.0366740176437731e-17
1.0558945798127184e-17
1.0655048608971886e-17
1.0847254230661339e-17
1.0991408446928416e-17
1.1183614068617857e-17
1.1279716879462583e-17
1.1471922501152012e-17
1.1760230933686166e-17
1.1856333744530893e-17
1.2000487960797982e-17
1.2144642177065048e-17
1.23368477987545e-17
1.2529053420443929e-17
1.276931044755572e-17
1.291346466382281e-17
1.3009567474667536e-17
1.3201773096356965e-17
1.3297875907201691e-17
1.3538132934313483e-17
1.3778389961425287e-17
1.387449277227e-17
1.401864698853709e-17
1.4258904015648882e-17
1.4403058231915972e-17
1.4643315259027763e-17
1.473941806987249e-17
1.4835520880717204e-17
1.4931623691561918e-17
1.5027726502406644e-17
1.5219932124096085e-17
1.53160349349408e-17
1.546018915120789e-17
1.5556291962052603e-17
1.5748497583742044e-17
1.589265180000912e-17
1.5988754610853835e-17
1.6132908827120925e-17
1.622901163796565e-17
1.6373165854232716e-17
1.656537147592217e-17
1.6709525692189234e-17
1.6853679908456324e-17
1.69978341247234e-17
1.714198834099048e-17
1.733419396267992e-17
1.7478348178946997e-17
1.7574450989791723e-17
1.7814708016903515e-17
1.7958862233170604e-17
1.805496504401532e-17
1.8199119260282396e-17
1.8295222071127122e-17
1.8391324881971836e-17
1.8535479098238914e-17
1.8679633314506004e-17
1.8775736125350705e-17
1.8919890341617795e-17
1.9064044557884885e-17
1.920819877415195e-17
1.9304301584996676e-17
1.9448455801263754e-17
1.959261001753083e-17
1.9688712828375557e-17
1.9832867044642623e-17
2.0025072666332075e-17
2.0121175477176802e-17
2.0217278288021504e-17
2.0361432504288593e-17
2.0553638125978022e-17
2.0745843747667475e-17
2.088999796393454e-17
2.0986100774779266e-17
2.1130254991046356e-17
2.122635780189107e-17
2.1370512018158147e-17
2.1514666234425237e-17
2.161076904526994e-17
2.1899077477804106e-17
2.213933450491591e-17
2.2235437315760636e-17
2.23795915320277e-17
2.252374574829479e-17
2.2619848559139505e-17
2.2764002775406583e-17
2.2908156991673672e-17
2.3004259802518386e-17
2.324451682963019e-17
2.3340619640474904e-17
2.3532825262164345e-17
2.3676979478431422e-17
2.38211336946985e-17
2.3917236505543226e-17
2.4013339316387953e-17
2.4109442127232655e-17
2.420554493807738e-17
2.4493853370611536e-17
2.4638007586878625e-17
2.478216180314569e-17
2.5022418830257507e-17
2.5214624451946935e-17
2.5358778668214025e-17
2.550293288448109e-17
2.564708710074818e-17
2.5743189911592906e-17
2.5839292722437608e-17
2.5935395533282334e-17
2.603149834412706e-17
2.6127601154971787e-17
2.622370396581649e-17
2.6415909587505942e-17
2.6560063803773007e-17
2.6656166614617733e-17
2.675226942546246e-17
2.6848372236307174e-17
2.699252645257425e-17
2.713668066884134e-17
2.7232783479686055e-17
2.732888629053077e-17
2.7521091912220222e-17
2.771329753390965e-17
2.785745175017674e-17
2.8001605966443805e-17
2.809770877728853e-17
2.819381158813326e-17
2.828991439897797e-17
2.848212002066741e-17
2.867432564235684e-17
2.877042845320157e-17
2.891458266946866e-17
2.9106788291158086e-17
2.9250942507425175e-17
2.934704531826989e-17
2.9443148129114604e-17
2.953925093995933e-17
2.9635353750804057e-17
2.987561077791585e-17
2.9971713588760575e-17
3.011586780502764e-17
3.0356124832139456e-17
3.050027904840652e-17
3.059638185925125e-17
3.0740536075518325e-17
3.0932741697207765e-17
3.1124947318897206e-17
3.1317152940586647e-17
3.1509358562276075e-17
3.1653512778543164e-17
3.184571840023259e-17
3.2037924021922046e-17
3.2230129643611474e-17
3.23262324544562e-17
3.251843807614564e-17
3.266259229241272e-17
3.280674650867981e-17
3.290284931952451e-17
3.30470035357916e-17
3.319115775205869e-17
3.3335311968325754e-17
3.3479466184592844e-17
3.362362040085991e-17
3.3863877427971725e-17
3.4056083049661154e-17
3.4248288671350607e-17
3.434439148219531e-17
3.4440494293040035e-17
3.4632699914729475e-17
3.4824905536418916e-17
3.492100834726364e-17
3.506516256353071e-17
3.52093167797978e-17
3.5353470996064875e-17
3.549762521233195e-17
3.564177942859904e-17
3.5785933644866107e-17
3.5930087861133196e-17
3.6074242077400274e-17
3.617034488824499e-17
3.641060191535679e-17
3.660280753704623e-17
3.674696175331331e-17
3.693916737500275e-17
3.713137299669219e-17
3.727552721295927e-17
3.741968142922636e-17
3.751578424007106e-17
3.765993845633815e-17
3.790019548344994e-17
3.828460672682882e-17
3.842876094309591e-17
3.8524863753940626e-17
3.8669017970207704e-17
3.8813172186474793e-17
3.8909274997319495e-17
3.900537780816422e-17
3.914953202443131e-17
3.93897890515431e-17
3.948589186238783e-17
3.9630046078654894e-17
3.9774200294921984e-17
3.9918354511189074e-17
4.006250872745614e-17
4.025471434914559e-17
4.0398868565412657e-17
4.0543022781679746e-17
4.068717699794681e-17
4.08313312142139e-17
4.097548543048099e-17
4.107158824132569e-17
4.121574245759278e-17
4.1455999484704574e-17
4.169625651181638e-17
4.1792359322661104e-17
4.193651353892817e-17
4.208066775519526e-17
4.227287337688469e-17
4.241702759315178e-17
4.2513130403996503e-17
4.265728462026357e-17
4.280143883653066e-17
4.2897541647375385e-17
4.304169586364245e-17
4.3137798674487176e-17
4.32339014853319e-17
4.337805570159897e-17
4.3474158512443694e-17
4.357026132328842e-17
4.366636413413312e-17
4.381051835040021e-17
4.400272397208964e-17
4.4194929593779093e-17
4.438713521546852e-17
4.453128943173561e-17
4.46754436480027e-17
4.47715464588474e-17
4.4963752080536856e-17
4.520400910764865e-17
4.5300111918493374e-17
4.558842035102753e-17
4.5684523161872255e-17
4.5876728783561683e-17
4.602088299982877e-17
4.6261140026940564e-17
4.6405294243207654e-17
4.650139705405238e-17
4.6645551270319446e-17
4.688580829743124e-17
4.6981911108275964e-17
4.7126065324543053e-17
4.7222168135387755e-17
4.731827094623248e-17
4.7510476567921935e-17
4.7606579378766636e-17
4.7750733595033726e-17
4.784683640587845e-17
4.799099062214552e-17
4.823124764925731e-17
4.8471504676369125e-17
4.856760748721385e-17
4.8711761703480917e-17
4.890396732517037e-17
4.9048121541437435e-17
4.924032716312689e-17
4.938448137939395e-17
4.948058419023868e-17
4.967278981192811e-17
4.9768892622772834e-17
4.9913046839039924e-17
5.005720105530699e-17
5.0153303866151715e-17
5.024940667699644e-17
5.0345509487841143e-17
5.0489663704108233e-17
5.063381792037532e-17
5.077797213664239e-17
5.092212635290948e-17
5.1114331974598906e-17
5.130653759628836e-17
