4.125970170232797e-19
5.163735467025513e-19
6.720383412214586e-19
8.795914005800017e-19
9.83367930259261e-19
1.0871444599385325e-18
1.2946975192970756e-18
1.3984740489763472e-18
1.6060271083348903e-18
1.7098036380141618e-18
1.8135801676934334e-18
1.9692449622123407e-18
2.124909756731248e-18
2.2286862864105073e-18
2.3843510809294146e-18
2.540015875448322e-18
2.6437924051275935e-18
2.747568934806865e-18
2.9032337293257724e-18
3.007010259005044e-18
3.1626750535239513e-18
3.2664515832032105e-18
3.5258929074013894e-18
3.681557701920297e-18
3.837222496439204e-18
4.044775555797747e-18
4.2004403503166545e-18
4.304216879995926e-18
4.6155464690337284e-18
4.8230995283922715e-18
4.978764322911179e-18
5.0825408525904504e-18
5.238205647109358e-18
5.393870441628265e-18
5.54953523614716e-18
5.7052000306660674e-18
5.9127530900246105e-18
6.120306149383154e-18
6.3797474735813325e-18
6.742965327458771e-18
6.846741857138042e-18
7.00240665165695e-18
7.158071446175857e-18
7.313736240694764e-18
7.469401035213672e-18
7.728842359411838e-18
7.884507153930745e-18
7.988283683610017e-18
8.143948478128924e-18
8.507166332006375e-18
8.714719391364918e-18
8.974160715563084e-18
9.285490304600899e-18
9.544931628799078e-18
9.856261217836893e-18
1.0063814277195423e-17
1.0271367336553967e-17
1.047892039591251e-17
1.0790249984950324e-17
1.0894026514629596e-17
1.1153467838827762e-17
1.1361020898186306e-17
1.1620462222384484e-17
1.1776127016903392e-17
1.1931791811422299e-17
1.203556834110157e-17
1.2191233135620466e-17
1.2346897930139373e-17
1.2554450989497916e-17
1.2658227519177188e-17
1.2917668843375367e-17
1.312522190273391e-17
1.333277496209244e-17
1.3488439756611348e-17
1.359221628629062e-17
1.3695992815969891e-17
1.3851657610488798e-17
1.4007322405007706e-17
1.4162987199526613e-17
1.4474316788564415e-17
1.4629981583083323e-17
1.4837534642441866e-17
1.4941311172121137e-17
1.5096975966640045e-17
1.5200752496319316e-17
1.5356417290838223e-17
1.5667746879876026e-17
1.587529993923457e-17
1.6082852998593112e-17
1.6186629528272384e-17
1.634229432279129e-17
1.6497959117310198e-17
1.6757400441508365e-17
1.6964953500866908e-17
1.7120618295385815e-17
1.7224394825065087e-17
1.7328171354744358e-17
1.7483836149263266e-17
1.7587612678942537e-17
1.769138920862181e-17
1.779516573830108e-17
1.7950830532819975e-17
1.8158383592178518e-17
1.8314048386697426e-17
1.8417824916376697e-17
1.852160144605597e-17
1.8677266240574876e-17
1.8936707564773043e-17
1.909237235929195e-17
1.9248037153810857e-17
1.9403701948329765e-17
1.9559366742848672e-17
1.9974472861565758e-17
2.018202592092429e-17
2.0337690715443196e-17
2.0597132039641375e-17
2.0700908569320647e-17
2.080468509899992e-17
2.1064126423198097e-17
2.1167902952877357e-17
2.1271679482556628e-17
2.1427344277075535e-17
2.1583009071594443e-17
2.1686785601273714e-17
2.1946226925471893e-17
2.2153779984830436e-17
2.2257556514509708e-17
2.2361333044188967e-17
2.256888610354751e-17
2.282832742774569e-17
2.3087768751943868e-17
2.329532181130241e-17
2.339909834098167e-17
2.3606651400340213e-17
2.376231619485912e-17
2.3969869254217664e-17
2.412553404873657e-17
2.4333087108095114e-17
2.4436863637774386e-17
2.459252843229328e-17
2.485196975649146e-17
2.495574628617073e-17
2.5059522815850003e-17
2.5318964140048182e-17
2.5422740669727453e-17
2.557840546424636e-17
2.5734070258765256e-17
2.5993511582963435e-17
2.6097288112642706e-17
2.6252952907161613e-17
2.640861770168052e-17
2.66680590258787e-17
2.687561208523723e-17
2.6979388614916502e-17
2.723882993911468e-17
2.749827126331286e-17
2.7653936057831767e-17
2.78614891171903e-17
2.796526564686957e-17
2.806904217654884e-17
2.822470697106775e-17
2.843226003042629e-17
2.853603656010556e-17
2.8639813089784835e-17
2.879547788430374e-17
2.895114267882264e-17
2.9106807473341544e-17
2.931436053270009e-17
2.952191359205863e-17
2.9729466651417174e-17
2.988513144593608e-17
2.998890797561535e-17
3.0092684505294624e-17
3.0196461034973883e-17
3.045590235917206e-17
3.0559678888851334e-17
3.071534368337024e-17
3.081912021304951e-17
3.1026673272408056e-17
3.113044980208733e-17
3.133800286144586e-17
3.144177939112513e-17
3.170122071532331e-17
3.180499724500258e-17
3.196066203952149e-17
3.237576815823856e-17
3.253143295275747e-17
3.2687097747276376e-17
3.2946539071474555e-17
3.310220386599345e-17
3.330975692535199e-17
3.3517309984710536e-17
3.362108651438981e-17
3.372486304406908e-17
3.3880527838588e-17
3.3984304368267246e-17
3.419185742762579e-17
3.4295633957305085e-17
3.445129875182398e-17
3.4606963546342875e-17
3.4762628340861795e-17
3.497018140022034e-17
3.5073957929899585e-17
3.517773445957888e-17
3.528151098925813e-17
3.543717578377705e-17
3.564472884313559e-17
3.5800393637654486e-17
3.590417016733376e-17
3.6059834961852677e-17
3.6163611491531924e-17
3.626738802121122e-17
3.6423052815730115e-17
3.657871761024901e-17
3.6786270669607553e-17
3.6890047199286825e-17
3.704571199380572e-17
3.7149488523485016e-17
3.740892984768318e-17
3.7512706377362454e-17
3.766837117188135e-17
3.7927812496079516e-17
3.813536555543806e-17
3.83429186147966e-17
3.849858340931552e-17
3.860235993899479e-17
3.8861801263192984e-17
3.9017466057711855e-17
3.9173130852230774e-17
3.9276907381910046e-17
3.948446044126859e-17
3.958823697094786e-17
3.974390176546678e-17
3.9899566559985675e-17
4.005523135450457e-17
4.0159007884183866e-17
4.0366560943542385e-17
4.057411400290093e-17
4.06778905325802e-17
4.088544359193874e-17
4.114488491613691e-17
4.1404326240335076e-17
4.161187929969362e-17
4.176754409421254e-17
4.197509715357108e-17
4.2286426742608896e-17
4.244209153712779e-17
4.259775633164671e-17
4.2753421126165606e-17
4.285719765584488e-17
4.296097418552415e-17
4.3116638980043044e-17
4.3427968569080883e-17
4.353174509876013e-17
4.3791186422958297e-17
4.389496295263759e-17
4.405062774715649e-17
4.420629254167538e-17
4.431006907135468e-17
4.462139866039247e-17
4.477706345491139e-17
4.4932728249430284e-17
4.5036504779109555e-17
4.514028130878883e-17
4.52440578384681e-17
4.545161089782664e-17
4.5659163957185185e-17
4.576294048686443e-17
4.586671701654373e-17
4.5970493546222975e-17
4.607427007590227e-17
4.6229934870421166e-17
4.633371140010044e-17
4.648937619461936e-17
4.6593152724298604e-17
4.6748817518817524e-17
4.685259404849677e-17
4.695637057817607e-17
4.7060147107855314e-17
4.716392363753461e-17
4.7371476696893153e-17
4.763091802109132e-17
4.783847108044986e-17
4.7942247610129134e-17
4.8046024139808406e-17
4.814980066948765e-17
4.825357719916695e-17
4.8357353728846196e-17
4.846113025852549e-17
4.861679505304439e-17
4.872057158272366e-17
4.882434811240293e-17
4.8980012906921825e-17
4.9135677701440745e-17
4.923945423111999e-17
4.934323076079929e-17
4.9447007290478535e-17
4.9602672084997455e-17
4.986211340919562e-17
4.996588993887492e-17
5.0069666468554164e-17
5.0225331263073084e-17
5.043288432243163e-17
5.058854911695052e-17
5.0692325646629794e-17
5.100365523566761e-17
5.110743176534688e-17
5.12630965598658e-17
5.1366873089545046e-17
