4.460726128968222e-19
5.456341583239707e-19
6.949764764646936e-19
8.443187946054164e-19
9.438803400325896e-19
1.0932226581733125e-18
1.2425649763140353e-18
1.3421265217411839e-18
1.4416880671683324e-18
1.541249612595481e-18
1.7403727034498028e-18
1.8897150215905256e-18
2.0888381124448227e-18
2.28796120329912e-18
2.387522748726293e-18
2.4870842941534416e-18
2.58664583958059e-18
2.6862073850077387e-18
2.7857689304348873e-18
2.885330475862036e-18
3.034672794002771e-18
3.2337958848570805e-18
3.5822612938521004e-18
3.880945930133571e-18
4.0302882482742936e-18
4.129849793701442e-18
4.279192111842165e-18
4.4285344299829e-18
4.577876748123635e-18
4.727219066264358e-18
4.826780611691507e-18
4.926342157118655e-18
5.025903702545804e-18
5.1254652479729524e-18
5.2748075661137e-18
5.3743691115408484e-18
5.7228345205358684e-18
5.822396065963017e-18
5.9717383841037645e-18
6.220642247671636e-18
6.3202037930987844e-18
6.5193268839530815e-18
6.818011520234552e-18
7.017134611088849e-18
7.216257701943146e-18
7.315819247370307e-18
7.415380792797468e-18
7.514942338224616e-18
7.614503883651765e-18
7.813626974506062e-18
7.91318851993321e-18
8.062530838073958e-18
8.162092383501107e-18
8.31143470164183e-18
8.460777019782552e-18
8.560338565209701e-18
8.65990011063685e-18
8.809242428777597e-18
8.95858474691832e-18
9.257269383199766e-18
9.456392474054087e-18
9.60573479219481e-18
9.705296337621959e-18
9.804857883049107e-18
9.904419428476256e-18
1.0003980973903404e-17
1.0103542519330553e-17
1.02528848374713e-17
1.0501788701039172e-17
1.0651131019179895e-17
1.0750692564607043e-17
1.090003488274779e-17
1.1148938746315662e-17
1.134806183716996e-17
1.1447623382597108e-17
1.1596965700737855e-17
1.1746308018878578e-17
1.1845869564305727e-17
1.1945431109732875e-17
1.2144554200587172e-17
1.2293896518727908e-17
1.2443238836868618e-17
1.2542800382295767e-17
1.2791704245863687e-17
1.294104656400441e-17
1.3090388882145133e-17
1.3189950427572282e-17
1.3339292745713004e-17
1.3488635063853727e-17
1.363797738199445e-17
1.3936662018275896e-17
1.403622356370307e-17
1.423534665455739e-17
1.4384688972698114e-17
1.4484250518125262e-17
1.4633592836265985e-17
1.4733154381693134e-17
1.4982058245261005e-17
1.5081619790688153e-17
1.5181181336115302e-17
1.53803044269696e-17
1.5479865972396772e-17
1.5728769835964668e-17
1.6077235244959688e-17
1.6176796790386837e-17
1.632613910852756e-17
1.6525262199381857e-17
1.667460451752258e-17
1.6774166062949728e-17
1.69235083810905e-17
1.702306992651765e-17
1.7122631471944798e-17
1.727197379008552e-17
1.7471096880939818e-17
1.7570658426366966e-17
1.7670219971794115e-17
1.7869343062648412e-17
1.8018685380789135e-17
1.8118246926216283e-17
1.8267589244357006e-17
1.8416931562497778e-17
1.8516493107924927e-17
1.8616054653352075e-17
1.8715616198779224e-17
1.8815177744206372e-17
1.891473928963352e-17
1.9064081607774244e-17
1.9163643153201392e-17
1.9412547016769264e-17
1.9561889334909987e-17
1.9810793198477907e-17
2.0009916289332204e-17
2.0159258607472927e-17
2.030860092561365e-17
2.04081624710408e-17
2.0507724016467947e-17
2.065706633460867e-17
2.0806408652749393e-17
2.0955750970890116e-17
2.1055312516317264e-17
2.1204654834458036e-17
2.1304216379885185e-17
2.1403777925312334e-17
2.1553120243453056e-17
2.170246256159378e-17
2.1851804879734502e-17
2.20509279705888e-17
2.2200270288729522e-17
2.2349612606870245e-17
2.2498954925010968e-17
2.2598516470438166e-17
2.2747858788578888e-17
2.2946981879433186e-17
2.3096324197573908e-17
2.3195885743001057e-17
2.3295447288428205e-17
2.3544351151996077e-17
2.3843035788277523e-17
2.404215887913187e-17
2.4141720424559018e-17
2.429106274269974e-17
2.439062428812689e-17
2.4539966606267612e-17
2.4689308924408335e-17
2.4888432015262632e-17
2.508755510611693e-17
2.53364589696848e-17
2.5485801287825572e-17
2.5734705151393444e-17
2.5884047469534167e-17
2.603338978767489e-17
2.6182732105815612e-17
2.628229365124276e-17
2.638185519666991e-17
2.663075906023778e-17
2.673032060566493e-17
2.6829882151092103e-17
2.6929443696519276e-17
2.7128566787373573e-17
2.7277909105514296e-17
2.7477032196368593e-17
2.7626374514509316e-17
2.782549760536361e-17
2.7974839923504336e-17
2.812418224164506e-17
2.822374378707221e-17
2.8422866877926554e-17
2.862198996878085e-17
2.8721551514208e-17
2.882111305963515e-17
2.897045537777587e-17
2.907001692320302e-17
2.931892078677089e-17
2.9468263104911613e-17
2.991629005933383e-17
3.001585160476098e-17
3.026475546832885e-17
3.046387855918315e-17
3.061322087732387e-17
3.0762563195464594e-17
3.1011467059032465e-17
3.116080937717324e-17
3.131015169531396e-17
3.140971324074111e-17
3.165861710430898e-17
3.175817864973613e-17
3.190752096787685e-17
3.210664405873115e-17
3.225598637687187e-17
3.245510946772617e-17
3.2654232558580515e-17
3.285335564943481e-17
3.295291719486196e-17
3.3102259513002684e-17
3.3251601831143407e-17
3.340094414928413e-17
3.350050569471128e-17
3.3649848012852e-17
3.3799190330992724e-17
3.4048094194560644e-17
3.414765573998779e-17
3.4296998058128516e-17
3.444634037626924e-17
3.4645463467123536e-17
3.4745025012550684e-17
3.489436733069141e-17
3.524283273968643e-17
3.5441955830540774e-17
3.554151737596792e-17
3.564107892139507e-17
3.5790421239535793e-17
3.5939763557676516e-17
3.608910587581724e-17
3.623844819395796e-17
3.633800973938511e-17
3.6487352057525833e-17
3.6736255921093705e-17
3.688559823923448e-17
3.70349405573752e-17
3.713450210280235e-17
3.728384442094307e-17
3.738340596637022e-17
3.753274828451094e-17
3.763230982993809e-17
3.773187137536524e-17
3.783143292079239e-17
3.798077523893311e-17
3.808033678436026e-17
3.822967910250103e-17
3.8379021420641755e-17
3.8478582966068903e-17
3.857814451149605e-17
3.86777060569232e-17
3.877726760235035e-17
3.88768291477775e-17
3.902617146591822e-17
3.9175513784058943e-17
3.927507532948609e-17
3.9424417647626815e-17
3.9523979193053963e-17
3.9623540738481136e-17
3.982266382933546e-17
3.9922225374762607e-17
4.0021786920189755e-17
4.022091001104405e-17
4.03204715564712e-17
4.0469813874611924e-17
4.0619156192752647e-17
4.0718717738179795e-17
4.0818279283606944e-17
4.1017402374461265e-17
4.111696391988844e-17
4.1316087010742736e-17
4.1415648556169884e-17
4.156499087431061e-17
4.171433319245133e-17
4.19632370560192e-17
4.2112579374159924e-17
4.226192169230065e-17
4.241126401044137e-17
4.275972941943644e-17
4.285929096486359e-17
4.310819482843146e-17
4.325753714657218e-17
4.335709869199933e-17
4.345666023742648e-17
4.36060025555672e-17
4.370556410099435e-17
4.38051256464215e-17
4.390468719184867e-17
4.405402950998942e-17
4.420337182813014e-17
4.4352714146270865e-17
4.455183723712516e-17
4.475096032797946e-17
4.4950083418833757e-17
4.509942573697448e-17
4.519898728240163e-17
4.5398110373255975e-17
4.559723346411027e-17
4.569679500953742e-17
4.589591810039172e-17
4.614482196395959e-17
4.629416428210031e-17
4.654306814566818e-17
4.6742191236522505e-17
4.7040875872803975e-17
4.7140437418231124e-17
4.7289779736371847e-17
4.7389341281798995e-17
4.753868359993972e-17
4.768802591808044e-17
4.7837368236221164e-17
4.793692978164831e-17
4.803649132707546e-17
4.823561441792981e-17
4.8335175963356956e-17
4.848451828149768e-17
4.858407982692483e-17
4.8683641372351976e-17
4.8783202917779124e-17
4.893254523591985e-17
4.908188755406057e-17
4.923122987220129e-17
4.933079141762844e-17
4.952991450848274e-17
4.9629476053909936e-17
4.977881837205066e-17
4.987837991747781e-17
5.002772223561853e-17
5.0177064553759253e-17
5.02766260991864e-17
5.037618764461355e-17
5.0525529962754273e-17
5.0674872280894996e-17
5.0873995371749293e-17
5.1122899235317214e-17
5.132202232617151e-17
