3.7986847468433166e-19
6.484944465984905e-19
8.096700297469514e-19
9.171204185126001e-19
1.1320211960439223e-18
1.239471584809571e-18
1.3469219735752198e-18
1.561822751106542e-18
1.8841739174034883e-18
2.0990746949348105e-18
2.2065250837004592e-18
2.3677006668489447e-18
2.4751510556145935e-18
2.7437770275287277e-18
2.904952610677213e-18
3.066128193825674e-18
3.281028971356996e-18
3.4422045545054816e-18
3.764555720802428e-18
4.033181692716587e-18
4.140632081482211e-18
4.248082470247884e-18
4.40925805339637e-18
4.5167084421620185e-18
4.785334414076153e-18
4.946509997224638e-18
5.107685580373124e-18
5.268861163521609e-18
5.537487135435719e-18
5.806113107349878e-18
5.913563496115502e-18
6.074739079263987e-18
6.289639856795309e-18
6.450815439943795e-18
6.665716217475092e-18
6.773166606240741e-18
6.8806169950064145e-18
7.149242966920524e-18
7.256693355686198e-18
7.471594133217495e-18
7.63276971636598e-18
7.74022010513163e-18
8.0625712714286e-18
8.170021660194249e-18
8.438647632108383e-18
8.599823215256869e-18
8.760998798405354e-18
8.868449187171003e-18
9.029624770319488e-18
9.137075159085137e-18
9.244525547850786e-18
9.459426325382083e-18
9.620601908530569e-18
9.728052297296242e-18
9.94295307482754e-18
1.0050403463593213e-17
1.0157853852358837e-17
1.0426479824272996e-17
1.0587655407421482e-17
1.0748830990569943e-17
1.0856281379335591e-17
1.1017456962484077e-17
1.1178632545632562e-17
1.139353332316386e-17
1.1554708906312345e-17
1.1662159295078019e-17
1.1769609683843667e-17
1.2091960850140614e-17
1.2306861627671936e-17
1.2414312016437585e-17
1.2682937988351719e-17
1.2951563960265853e-17
1.3112739543414339e-17
1.3327640320945636e-17
1.3542541098476934e-17
1.3757441876008256e-17
1.3972342653539578e-17
1.4133518236688063e-17
1.4240968625453688e-17
1.4402144208602173e-17
1.4724495374899144e-17
1.4993121346813278e-17
1.5154296929961764e-17
1.5315472513110224e-17
1.5584098485024383e-17
1.5852724456938518e-17
1.6067625234469815e-17
1.62288008176183e-17
1.633625120638395e-17
1.6497426789532435e-17
1.665860237268092e-17
1.676605276144657e-17
1.6873503150212218e-17
1.698095353897789e-17
1.7088403927743515e-17
1.7357029899657674e-17
1.7571930677188972e-17
1.7840556649103106e-17
1.8055457426634428e-17
1.8162907815400077e-17
1.8324083398548538e-17
1.8485258981697023e-17
1.8592709370462697e-17
1.8807610147993994e-17
1.9022510925525292e-17
1.9183686508673777e-17
1.9344862091822263e-17
1.9506037674970748e-17
1.9667213258119233e-17
1.982838884126772e-17
1.9935839230033368e-17
2.0150740007564665e-17
2.0258190396330314e-17
2.0365640785095987e-17
2.0526816368244473e-17
2.0687991951392934e-17
2.0956617923307068e-17
2.106406831207274e-17
2.127896908960404e-17
2.1547595061518173e-17
2.1655045450283822e-17
2.1816221033432307e-17
2.1977396616580793e-17
2.2138572199729278e-17
2.2299747782877764e-17
2.2407198171643388e-17
2.251464856040906e-17
2.262209894917471e-17
2.2836999726706032e-17
2.2944450115471656e-17
2.305190050423733e-17
2.3266801281768627e-17
2.3427976864917113e-17
2.3535427253682786e-17
2.364287764244841e-17
2.3750328031214084e-17
2.3857778419979732e-17
2.396522880874538e-17
2.4072679197511055e-17
2.4233854780659515e-17
2.4395030363808e-17
2.4556205946956486e-17
2.4771106724487784e-17
2.4878557113253433e-17
2.5039732696401918e-17
2.525463347393324e-17
2.536208386269889e-17
2.5469534251464538e-17
2.579188541776151e-17
2.5899335806527157e-17
2.6060511389675643e-17
2.6221686972824128e-17
2.6329137361589777e-17
2.659776333350391e-17
2.670521372226956e-17
2.681266411103521e-17
2.6920114499800882e-17
2.7081290082949368e-17
2.7188740471714992e-17
2.7296190860480665e-17
2.75648168323948e-17
2.7672267221160448e-17
2.799461838745742e-17
2.8155793970605905e-17
2.8316969553754366e-17
2.8424419942520014e-17
2.853187033128569e-17
2.8746771108816985e-17
2.896167188634828e-17
2.912284746949677e-17
2.923029785826244e-17
2.933774824702809e-17
2.944519863579374e-17
2.955264902455939e-17
2.9713824607707873e-17
2.987500019085636e-17
3.0089900968387656e-17
3.025107655153614e-17
3.0465977329067464e-17
3.062715291221595e-17
3.0734603300981574e-17
3.0949504078512896e-17
3.1056954467278545e-17
3.127185524480984e-17
3.159420641110681e-17
3.1701656799872486e-17
3.186283238302095e-17
3.202400796616943e-17
3.218518354931792e-17
3.2400084326849216e-17
3.266871029876335e-17
3.2776160687529023e-17
3.293733627067751e-17
3.309851185382597e-17
3.3367137825740104e-17
3.35820386032714e-17
3.385066457518556e-17
3.395811496395121e-17
3.411929054709967e-17
3.4280466130248155e-17
3.444164171339664e-17
3.4602817296545126e-17
3.47102676853108e-17
3.487144326845926e-17
3.5032618851607746e-17
3.5140069240373395e-17
3.530124482352188e-17
3.551614560105318e-17
3.562359598981885e-17
3.583849676735015e-17
3.6053397544881446e-17
3.626829832241277e-17
3.6429473905561254e-17
3.65369242943269e-17
3.664437468309255e-17
3.6805550266241037e-17
3.696672584938952e-17
3.718162662692082e-17
3.728907701568647e-17
3.755770298760063e-17
3.771887857074909e-17
3.7880054153897574e-17
3.798750454266322e-17
3.8202405320194545e-17
3.8309855708960193e-17
3.841730609772584e-17
3.857848168087433e-17
3.884710765278846e-17
3.900828323593695e-17
3.9223184013468245e-17
3.938435959661673e-17
3.959926037414803e-17
3.981416115167935e-17
3.9975336734827836e-17
4.024396270674197e-17
4.035141309550762e-17
4.0673764261804565e-17
4.078121465057024e-17
4.088866503933589e-17
4.0996115428101536e-17
4.115729101125002e-17
4.1318466594398507e-17
4.158709256631264e-17
4.169454295507829e-17
4.180199334384394e-17
4.1963168926992424e-17
4.2178069704523746e-17
4.2285520093289395e-17
4.250042087082069e-17
4.266159645396918e-17
4.2822772037117663e-17
4.2983947620266124e-17
4.314512320341461e-17
4.325257359218028e-17
4.336002398094593e-17
4.357492475847723e-17
4.38972759247742e-17
4.4165901896688334e-17
4.432707747983682e-17
4.454197825736812e-17
4.47031538405166e-17
4.481060422928225e-17
4.49180546180479e-17
4.5079230201196386e-17
4.534785617311052e-17
4.556275695064184e-17
4.577765772817314e-17
4.610000889447011e-17
4.6261184477618596e-17
4.6476085255149894e-17
4.663726083829838e-17
4.674471122706403e-17
4.695961200459535e-17
4.717451278212665e-17
4.7281963170892296e-17
4.7389413559657945e-17
4.749686394842362e-17
4.7711764725954916e-17
4.7819215114720565e-17
4.803411589225189e-17
4.8302741864165997e-17
4.851764264169732e-17
4.862509303046297e-17
4.8839993807994265e-17
4.9108619779908424e-17
4.926979536305691e-17
4.937724575182256e-17
4.980704730688518e-17
4.9968222890033663e-17
5.023684886194777e-17
5.0344299250713446e-17
5.0451749639479095e-17
5.0559200028244744e-17
5.077410080577604e-17
5.0935276388924527e-17
5.10427267776902e-17
5.120390236083866e-17
5.131135274960431e-17
