4.0292995694195687e-19
5.58196026156165e-19
6.617067389656289e-19
7.652174517751051e-19
9.204835209893132e-19
1.0239942337987894e-18
1.1792603030129975e-18
1.4380370850366695e-18
1.5415477978461457e-18
1.6450585106556096e-18
1.7485692234650858e-18
1.8520799362745497e-18
2.0073460054887578e-18
2.110856718298234e-18
2.266122787512442e-18
2.5766549259408584e-18
2.7319209951550665e-18
2.8871870643692623e-18
3.1459638463929467e-18
3.3012299156071548e-18
3.404740628416631e-18
3.508251341226095e-18
3.663517410440303e-18
3.818783479654511e-18
4.025804905273451e-18
4.232826330892391e-18
4.3880924001065994e-18
4.75037989493976e-18
5.009156676963432e-18
5.216178102582372e-18
5.319688815391848e-18
5.423199528201312e-18
5.57846559741552e-18
5.8372423794392045e-18
5.940753092248681e-18
6.096019161462889e-18
6.251285230677097e-18
6.613572725510233e-18
6.768838794724441e-18
6.975860220343393e-18
7.079370933152857e-18
7.338147715176542e-18
7.545169140795482e-18
7.90745663562863e-18
8.269744130461778e-18
8.425010199675986e-18
8.735542338104402e-18
8.942563763723355e-18
9.046074476532819e-18
9.201340545747027e-18
9.30485125855649e-18
9.460117327770699e-18
9.563628040580187e-18
9.770649466199115e-18
9.874160179008604e-18
1.0339958386651203e-17
1.0443469099460692e-17
1.065049052507962e-17
1.0754001237889108e-17
1.0909267307103292e-17
1.101277801991278e-17
1.1219799445531708e-17
1.142682087115066e-17
1.1582086940364868e-17
1.1685597653174332e-17
1.184086372238854e-17
1.2047885148007468e-17
1.2254906573626445e-17
1.2410172642840629e-17
1.26689494248643e-17
1.2927726206887973e-17
1.3031236919697461e-17
1.313474763250695e-17
1.3290013701721133e-17
1.3548790483744805e-17
1.3704056552959038e-17
1.3807567265768502e-17
1.4066344047792174e-17
1.4169854760601638e-17
1.432512082981587e-17
1.442863154262531e-17
1.4532142255434798e-17
1.4635652968244287e-17
1.4739163681053726e-17
1.4842674393863215e-17
1.4997940463077423e-17
1.515320653229163e-17
1.5256717245101095e-17
1.536022795791056e-17
1.556724938352951e-17
1.572251545274372e-17
1.5826026165553208e-17
1.598129223476739e-17
1.6188313660386344e-17
1.6395335086005296e-17
1.6498845798814735e-17
1.6654111868028968e-17
1.6757622580838432e-17
1.6861133293647896e-17
1.7068154719266848e-17
1.7378686857695264e-17
1.7585708283314217e-17
1.77409743525284e-17
1.7947995778147353e-17
1.8155017203766305e-17
1.825852791657577e-17
1.8413793985789977e-17
1.867257076781365e-17
1.8827836837027857e-17
1.893134754983732e-17
1.903485826264681e-17
1.9138368975456273e-17
1.939714575747997e-17
1.950065647028941e-17
1.9604167183098898e-17
1.9707677895908386e-17
1.9811188608717826e-17
1.9966454677932058e-17
2.0069965390741498e-17
2.0276986816360475e-17
2.0432252885574658e-17
2.0535763598384147e-17
2.069102966759833e-17
2.0846295736812563e-17
2.0949806449622027e-17
2.105331716243149e-17
2.115682787524098e-17
2.1260338588050418e-17
2.141560465726465e-17
2.1519115370074115e-17
2.1674381439288323e-17
2.182964750850253e-17
2.224369035974041e-17
2.239895642895462e-17
2.2554222498168828e-17
2.2709488567383036e-17
2.3071776062216172e-17
2.3227042131430404e-17
2.3330552844239868e-17
2.3434063557049332e-17
2.353757426985882e-17
2.3796351051882493e-17
2.410688319031091e-17
2.4210393903120373e-17
2.4313904615929837e-17
2.4624436754358253e-17
2.472794746716774e-17
2.4883213536381925e-17
2.5090234962000877e-17
2.519374567481034e-17
2.5400767100429294e-17
2.5607788526048246e-17
2.576305459526243e-17
2.5970076020881382e-17
2.622885280290508e-17
2.6384118872119262e-17
2.6539384941333495e-17
2.6746406366952423e-17
2.705693850538084e-17
2.7263959930999767e-17
2.7367470643809255e-17
2.747098135661872e-17
2.767800278223767e-17
2.78850242078566e-17
2.804029027707083e-17
2.8195556346285015e-17
2.8299067059094504e-17
2.8402577771903943e-17
2.8557843841118176e-17
2.8764865266737104e-17
2.886837597954659e-17
2.8971886692356056e-17
2.923066347437975e-17
2.9385929543593936e-17
2.979997239483184e-17
3.011050453326026e-17
3.026577060247444e-17
3.052454738449811e-17
3.06280580973076e-17
3.0731568810117065e-17
3.099034559214076e-17
3.119736701775969e-17
3.13526330869739e-17
3.1507899156188106e-17
3.1663165225402314e-17
3.176667593821178e-17
3.1870186651021266e-17
3.1973697363830706e-17
3.212896343304494e-17
3.22324741458544e-17
3.2439495571473355e-17
3.264651699709228e-17
3.2801783066306515e-17
3.2905293779115954e-17
3.300880449192544e-17
3.3267581273949115e-17
3.3371091986758603e-17
3.347460269956804e-17
3.3629868768782275e-17
3.388864555080595e-17
3.4095666976424875e-17
3.430268840204383e-17
3.450970982766278e-17
3.4664975896876963e-17
3.497550803530538e-17
3.507901874811487e-17
3.5234284817329076e-17
3.5389550886543284e-17
3.559657231216221e-17
3.5751838381376445e-17
3.590710445059063e-17
3.611412587620958e-17
3.6217636589019045e-17
3.637290265823328e-17
3.6579924083852205e-17
3.673519015306639e-17
3.689045622228062e-17
3.6993966935090085e-17
3.709747764789955e-17
3.735625442992322e-17
3.745976514273271e-17
3.75632758555422e-17
3.766678656835164e-17
3.782205263756587e-17
3.7977318706780054e-17
3.8236095488803726e-17
3.8598382983636886e-17
3.89089151220653e-17
3.906418119127951e-17
3.921944726049372e-17
3.947822404251739e-17
3.9633490111731624e-17
3.978875618094581e-17
3.994402225016004e-17
4.004753296296948e-17
4.025455438858843e-17
4.0358065101397895e-17
4.051333117061213e-17
4.0720352596231056e-17
4.0875618665445264e-17
4.1082640091064216e-17
4.12379061602784e-17
4.139317222949263e-17
4.1548438298706816e-17
4.170370436792105e-17
4.1910725793539977e-17
4.2014236506349465e-17
4.2117747219158904e-17
4.227301328837314e-17
4.23765240011826e-17
4.2480034713992065e-17
4.2635300783206273e-17
4.273881149601574e-17
4.2842322208825226e-17
4.299758827803941e-17
4.315285434725364e-17
4.3256365060063106e-17
4.335987577287257e-17
4.35151418420868e-17
4.3670407911300986e-17
4.3773918624110474e-17
4.392918469332466e-17
4.4032695406134146e-17
4.413620611894361e-17
4.4239716831753074e-17
4.4394982900967307e-17
4.455024897018149e-17
4.465375968299098e-17
4.475727039580044e-17
4.4860781108609907e-17
4.5016047177824115e-17
4.511955789063358e-17
4.532657931625253e-17
4.5533600741871483e-17
4.574062216749041e-17
4.5947643593109364e-17
4.605115430591883e-17
4.6154665018728316e-17
4.6258175731537755e-17
4.6361686444347244e-17
4.656870786996617e-17
4.6723973939180404e-17
4.682748465198987e-17
4.703450607760882e-17
4.7138016790418284e-17
4.729328285963249e-17
4.7448548928846676e-17
4.7552059641656164e-17
4.765557035446565e-17
4.775908106727509e-17
4.7914347136489325e-17
4.806961320570351e-17
4.8276634631322486e-17
4.8380145344131925e-17
4.853541141334616e-17
4.869067748256034e-17
4.8897698908179293e-17
4.90529649773935e-17
4.920823104660771e-17
4.941525247222666e-17
4.9570518541440846e-17
4.982929532346452e-17
5.0036316749083495e-17
5.019158281829768e-17
5.034684888751191e-17
5.0502114956726094e-17
5.060562566953558e-17
5.0709136382345047e-17
5.0864402451559255e-17
5.107142387717818e-17
5.1226689946392415e-17
