3.523374380433886e-19
4.3329345428554283e-19
5.547274786487927e-19
7.571175192541968e-19
8.785515436174467e-19
9.59507559859601e-19
1.121419592343934e-18
1.2023756085861007e-18
1.283331624828255e-18
1.4047656491915048e-18
1.485721665433659e-18
1.6476336979179922e-18
1.7285897141601464e-18
1.8905017466444796e-18
1.971457762886646e-18
2.0928917872498837e-18
2.2143258116131336e-18
2.295281827855288e-18
2.3762378440974544e-18
2.4976718684607043e-18
2.7000619090661084e-18
2.7810179253082626e-18
2.8619739415504292e-18
2.9429299577925958e-18
3.0643639821558333e-18
3.145319998398e-18
3.2262760146401665e-18
3.3881880471244873e-18
3.590578087729904e-18
3.712012112093141e-18
3.833446136456379e-18
3.954880160819629e-18
4.1167921933039495e-18
4.2382262176671994e-18
4.359660242030449e-18
4.4406162582726035e-18
4.52157227451477e-18
4.602528290756937e-18
4.683484306999091e-18
4.926352355725591e-18
5.007308371967745e-18
5.209698412573149e-18
5.331132436936399e-18
5.4120884531785655e-18
5.533522477541803e-18
5.695434510026136e-18
5.7763905262682904e-18
6.019258574994778e-18
6.1002145912369444e-18
6.221648615600194e-18
6.343082639963432e-18
6.464516664326682e-18
6.585950688689919e-18
6.707384713053169e-18
6.909774753658573e-18
7.031208778021823e-18
7.112164794263977e-18
7.233598818627227e-18
7.355032842990465e-18
7.476466867353715e-18
7.678856907959119e-18
7.759812924201285e-18
7.881246948564523e-18
8.043158981048856e-18
8.24554902165426e-18
8.326505037896427e-18
8.407461054138581e-18
8.65032910286508e-18
8.731285119107235e-18
8.852719143470485e-18
8.974153167833722e-18
9.136065200318055e-18
9.257499224681293e-18
9.378933249044543e-18
9.50036727340778e-18
9.62180129777103e-18
9.743235322134268e-18
9.864669346497518e-18
9.945625362739684e-18
1.0148015403345088e-17
1.0228971419587243e-17
1.0309927435829409e-17
1.0471839468313742e-17
1.0674229508919146e-17
1.0836141541403467e-17
1.0957575565766717e-17
1.1038531582008884e-17
1.1159965606372121e-17
1.1281399630735371e-17
1.1362355646977525e-17
1.1483789671340775e-17
1.1605223695704013e-17
1.1767135728188346e-17
1.2010003776914833e-17
1.2090959793157e-17
1.2171915809399154e-17
1.2293349833762404e-17
1.2414783858125642e-17
1.2495739874367808e-17
1.2576695890609975e-17
1.2738607923094296e-17
1.2900519955578616e-17
1.2981475971820783e-17
1.3102909996184033e-17
1.322434402054727e-17
1.334577804491052e-17
1.3467212069273758e-17
1.3588646093637008e-17
1.3669602109879174e-17
1.3791036134242412e-17
1.3912470158605662e-17
1.40339041829689e-17
1.415533820733215e-17
1.4276772231695387e-17
1.4357728247937553e-17
1.4479162272300803e-17
1.460059629666404e-17
1.4681552312906207e-17
1.4762508329148374e-17
1.488394235351161e-17
1.500537637787486e-17
1.51268104022381e-17
1.524824442660135e-17
1.5369678450964586e-17
1.5491112475327836e-17
1.5733980524054323e-17
1.585541454841756e-17
1.609828259714406e-17
1.626019462962838e-17
1.638162865399163e-17
1.6543540686475952e-17
1.6664974710839202e-17
1.678640873520244e-17
1.6907842759565677e-17
1.7110232800171094e-17
1.7272144832655414e-17
1.735310084889758e-17
1.747453487326082e-17
1.7595968897624068e-17
1.7676924913866235e-17
1.775788093010839e-17
1.787931495447164e-17
1.8000748978834877e-17
1.8122183003198126e-17
1.8203139019440293e-17
1.844600706816678e-17
1.8526963084408935e-17
1.8688875116893268e-17
1.885078714937759e-17
1.897222117374084e-17
1.9093655198104076e-17
1.9174611214346243e-17
1.925556723058841e-17
1.9377001254951647e-17
1.9457957271193813e-17
1.9619869303678134e-17
1.9741303328041384e-17
1.982225934428355e-17
1.9943693368646788e-17
2.0024649384888955e-17
2.010560540113112e-17
2.0267517433615442e-17
2.034847344985761e-17
2.0469907474220846e-17
2.067229751482625e-17
2.07937315391895e-17
2.1036599587915988e-17
2.1158033612279237e-17
2.1319945644763558e-17
2.1400901661005725e-17
2.1522335685368962e-17
2.160329170161113e-17
2.172472572597438e-17
2.18866377584587e-17
2.2008071782821937e-17
2.2250939831548425e-17
2.2372373855911675e-17
2.245332987215384e-17
2.2534285888395995e-17
2.2615241904638162e-17
2.269619792088033e-17
2.2817631945243566e-17
2.2939065969606816e-17
2.3020021985848982e-17
2.3222412026454387e-17
2.3343846050817624e-17
2.3505758083301957e-17
2.3667670115786278e-17
2.3789104140149528e-17
2.3870060156391682e-17
2.3991494180754932e-17
2.40724501969971e-17
2.4274840237602503e-17
2.4355796253844657e-17
2.4639142310692228e-17
2.480105434317656e-17
2.4882010359418727e-17
2.5003444383781965e-17
2.520583442438737e-17
2.532726844875062e-17
2.544870247311387e-17
2.5529658489356023e-17
2.561061450559819e-17
2.5732048529961427e-17
2.5853482554324677e-17
2.5974916578687915e-17
2.6217784627414414e-17
2.642017466801982e-17
2.6541608692383056e-17
2.6663042716746306e-17
2.6824954749230627e-17
2.698686678171496e-17
2.714877881419928e-17
2.7351168854804685e-17
2.75535588954101e-17
2.767499291977334e-17
2.779642694413659e-17
2.787738296037874e-17
2.799881698474199e-17
2.812025100910524e-17
2.8322641049710647e-17
2.848455308219497e-17
2.864646511467929e-17
2.876789913904254e-17
2.888933316340579e-17
2.897028917964794e-17
2.9132201212132276e-17
2.921315722837443e-17
2.9294113244616596e-17
2.9415547268979846e-17
2.9496503285222e-17
2.9698893325827405e-17
2.9820327350190654e-17
2.9982239382674975e-17
3.0103673407038225e-17
3.0265585439522546e-17
3.0508453488249046e-17
3.0629887512612283e-17
3.0751321536975533e-17
3.087275556133877e-17
3.111562361006526e-17
3.131801365067066e-17
3.139896966691283e-17
3.152040369127608e-17
3.16823157237604e-17
3.180374974812365e-17
3.1884705764365804e-17
3.196566178060797e-17
3.208709580497121e-17
3.2289485845576624e-17
3.237044186181878e-17
3.253235389430311e-17
3.265378791866635e-17
3.2734743934908516e-17
3.289665596739285e-17
3.3018089991756086e-17
3.309904600799825e-17
3.322048003236149e-17
3.334191405672474e-17
3.346334808108798e-17
3.3544304097330144e-17
3.362526011357231e-17
3.3706216129814465e-17
3.378717214605663e-17
3.390860617041988e-17
3.3989562186662036e-17
3.4110996211025286e-17
3.419195222726745e-17
3.431338625163069e-17
3.4475298284115023e-17
3.4637210316599344e-17
3.471816633284151e-17
3.488007836532583e-17
3.5082468405931235e-17
3.51634244221734e-17
3.524438043841557e-17
3.540629247089989e-17
3.556820450338422e-17
3.5649160519626377e-17
3.5730116535868543e-17
3.581107255211071e-17
3.597298458459503e-17
3.60539406008372e-17
3.6175374625200435e-17
3.637776466580584e-17
3.649919869016909e-17
3.6580154706411256e-17
3.6701588730774493e-17
3.682302275513774e-17
3.690397877137991e-17
3.6984934787622064e-17
3.706589080386423e-17
3.718732482822748e-17
3.73492368607118e-17
3.7430192876953955e-17
3.751114889319612e-17
3.7673060925680455e-17
3.779449495004369e-17
3.791592897440694e-17
3.7996884990649097e-17
3.8118319015012347e-17
3.8199275031254513e-17
3.840166507185992e-17
3.852309909622317e-17
3.8644533120586405e-17
3.876596714494964e-17
3.8927879177433975e-17
3.900883519367614e-17
3.9211225234281546e-17
3.9332659258644784e-17
3.9454093283008033e-17
3.95350492992502e-17
3.965648332361344e-17
3.977791734797669e-17
3.985887336421884e-17
4.0020785396703175e-17
4.014221942106641e-17
4.022317543730858e-17
4.034460946167183e-17
4.042556547791398e-17
4.054699950227723e-17
4.066843352664047e-17
4.0830345559124804e-17
4.095177958348804e-17
4.107321360785129e-17
4.1154169624093445e-17
4.131608165657778e-17
4.1437515680941016e-17
4.151847169718318e-17
4.159942771342535e-17
4.1720861737788587e-17
4.1842295762151837e-17
4.1923251778394003e-17
4.2206597835241574e-17
4.232803185960481e-17
4.240898787584698e-17
4.248994389208913e-17
4.25708999083313e-17
4.269233393269455e-17
4.285424596517887e-17
4.297567998954212e-17
4.3056636005784274e-17
4.325902604638969e-17
4.3339982062631844e-17
4.350189409511618e-17
4.3582850111358344e-17
4.370428413572158e-17
4.3906674176326986e-17
4.398763019256915e-17
4.410906421693239e-17
4.4311454257537806e-17
4.4432888281901044e-17
4.4594800314385377e-17
4.467575633062753e-17
4.47567123468697e-17
4.487814637123295e-17
4.49591023874751e-17
4.504005840371727e-17
4.5121014419959435e-17
4.520197043620159e-17
4.536388246868592e-17
4.5566272509291327e-17
4.5809140558017814e-17
4.5930574582381064e-17
4.6092486614865385e-17
4.621392063922862e-17
4.629487665547079e-17
4.641631067983404e-17
4.649726669607619e-17
4.6659178728560526e-17
4.6821090761044847e-17
4.698300279352918e-17
4.71449148260135e-17
4.726634885037675e-17
4.742826088286107e-17
4.754969490722431e-17
4.767112893158756e-17
4.779256295595081e-17
4.787351897219296e-17
4.795447498843513e-17
4.807590901279838e-17
4.8278299053403784e-17
4.839973307776702e-17
4.848068909400919e-17
4.8561645110251354e-17
4.864260112649352e-17
4.8723557142735675e-17
4.892594718334108e-17
4.904738120770433e-17
4.9168815232067567e-17
4.9249771248309733e-17
4.9371205272672983e-17
4.949263929703622e-17
4.9654551329520554e-17
4.973550734576271e-17
4.997837539448921e-17
5.018076543509461e-17
5.0261721451336766e-17
5.0383155475700016e-17
5.046411149194218e-17
5.0545067508184337e-17
5.0666501532547587e-17
5.0747457548789753e-17
5.086889157315299e-17
5.094984758939516e-17
5.1030803605637324e-17
5.111175962187948e-17
5.123319364624273e-17
5.1314149662484895e-17
