4.2078183532257397e-19
5.759462346479328e-19
8.345535668568682e-19
9.89717966182227e-19
1.0931608990657913e-18
1.2483252983911501e-18
1.3517682312747267e-18
1.5586540970418677e-18
1.765539962809021e-18
1.8689828956925853e-18
1.972425828576162e-18
2.1275902279015207e-18
2.2310331607850974e-18
2.3344760936686617e-18
2.4896404929940205e-18
2.748247825202956e-18
2.955133690970097e-18
3.0585766238536735e-18
3.472348355387968e-18
3.575791288271532e-18
3.679234221155109e-18
3.8343986204804675e-18
3.937841553364044e-18
4.0412844862476084e-18
4.248170352014762e-18
4.455056217781903e-18
4.6102206171072614e-18
4.76538501643262e-18
4.868827949316197e-18
5.023992348641556e-18
5.1791567479669145e-18
5.3860426137340554e-18
5.541207013059414e-18
5.644649945942991e-18
5.748092878826555e-18
5.903257278151914e-18
6.058421677477273e-18
6.265307543244426e-18
6.36875047612799e-18
6.523914875453349e-18
6.627357808336926e-18
6.834243674104067e-18
6.989408073429426e-18
7.196293939196579e-18
7.299736872080143e-18
7.506622737847296e-18
7.661787137172655e-18
7.76523007005622e-18
7.920394469381578e-18
8.023837402265155e-18
8.127280335148732e-18
8.28244473447409e-18
8.437609133799449e-18
8.592773533124808e-18
8.851380865333731e-18
8.954823798217308e-18
9.316874063309807e-18
9.575481395518743e-18
9.67892432840232e-18
9.782367261285884e-18
9.88581019416946e-18
9.989253127053037e-18
1.0196138992820178e-17
1.0351303392145537e-17
1.0713353657238037e-17
1.0816796590121613e-17
1.0971960989446972e-17
1.1334011254539472e-17
1.148917565386483e-17
1.1696061519631984e-17
1.1902947385399125e-17
1.2058111784724484e-17
1.216155471760806e-17
1.2316719116933419e-17
1.252360498270056e-17
1.2627047915584137e-17
1.2833933781351278e-17
1.2989098180676636e-17
1.3195984046443777e-17
1.3299426979327354e-17
1.340286991221093e-17
1.355803431153629e-17
1.3661477244419854e-17
1.376492017730343e-17
1.397180604307057e-17
1.412697044239593e-17
1.4437299241046648e-17
1.4592463640372006e-17
1.4747628039697365e-17
1.4851070972580942e-17
1.50062353719063e-17
1.5213121237673442e-17
1.5420007103440595e-17
1.552345003632416e-17
1.5833778834974877e-17
1.5937221767858453e-17
1.6144107633625594e-17
1.624755056650917e-17
1.6454436432276312e-17
1.655787936515989e-17
1.676476523092703e-17
1.6919929630252388e-17
1.7023372563135965e-17
1.72819798953449e-17
1.7540587227553824e-17
1.76440301604374e-17
1.7747473093320977e-17
1.785091602620454e-17
1.80060804255299e-17
1.8109523358413477e-17
1.8212966291297053e-17
1.8368130690622412e-17
1.8471573623505976e-17
1.8626738022831335e-17
1.8833623888598488e-17
1.8937066821482053e-17
1.9092231220807412e-17
1.9195674153690988e-17
1.9506002952341706e-17
1.9661167351667065e-17
1.9919774683876e-17
2.007493908320136e-17
2.02818249489685e-17
2.043698934829386e-17
2.0592153747619217e-17
2.0799039613386358e-17
2.0902482546269935e-17
2.1109368412037076e-17
2.1264532811362435e-17
2.136797574424601e-17
2.152314014357137e-17
2.173002600933851e-17
2.188519040866387e-17
2.2092076274431023e-17
2.2247240673756382e-17
2.240240507308174e-17
2.2609290938848882e-17
2.2712733871732458e-17
2.2816176804616023e-17
2.29196197374996e-17
2.3023062670383176e-17
2.3178227069708535e-17
2.32816700025921e-17
2.3385112935475676e-17
2.3540277334801034e-17
2.3747163200568175e-17
2.3850606133451752e-17
2.395404906633533e-17
2.4109213465660687e-17
2.4264377864986046e-17
2.4419542264311405e-17
2.4574706663636764e-17
2.4678149596520328e-17
2.4781592529403905e-17
2.488503546228748e-17
2.4988478395171046e-17
2.524708572737998e-17
2.5453971593147122e-17
2.560913599247248e-17
2.59194647911232e-17
2.6178072123332134e-17
2.643667945554107e-17
2.664356532130821e-17
2.6747008254191787e-17
2.700561558640071e-17
2.7109058519284287e-17
2.7212501452167863e-17
2.7367665851493222e-17
2.7574551717260363e-17
2.78331590494693e-17
2.798832344879466e-17
2.8143487848120016e-17
2.824693078100358e-17
2.835037371388716e-17
2.8453816646770734e-17
2.860898104609609e-17
2.8712423978979657e-17
2.8867588378305016e-17
2.897103131118859e-17
2.907447424407217e-17
2.9177917176955733e-17
2.928136010983931e-17
2.9384803042722887e-17
2.9539967442048245e-17
2.964341037493181e-17
2.979857477425717e-17
2.990201770714076e-17
3.016062503934968e-17
3.0264067972233245e-17
3.036751090511681e-17
3.057439677088396e-17
3.072956117020932e-17
3.093644703597645e-17
3.1091611435301833e-17
3.129849730106896e-17
3.140194023395255e-17
3.1557104633277885e-17
3.171226903260327e-17
3.181571196548683e-17
3.19191548983704e-17
3.2229483697021115e-17
3.2332926629904704e-17
3.248809102923004e-17
3.2591533962113627e-17
3.2694976894997216e-17
3.285014129432255e-17
3.295358422720614e-17
3.3057027160089703e-17
3.3263913025856856e-17
3.336735595874042e-17
3.3470798891623985e-17
3.3574241824507574e-17
3.372940622383291e-17
3.388457062315829e-17
3.4039735022483626e-17
3.4143177955367215e-17
3.4246620888250804e-17
3.445350675401793e-17
3.466039261978506e-17
3.476383555266865e-17
3.491899995199401e-17
3.5177607284202956e-17
3.543621461641188e-17
3.5539657549295444e-17
3.564310048217901e-17
3.579826488150439e-17
3.590170781438793e-17
3.6056872213713315e-17
3.621203661303865e-17
3.636720101236403e-17
3.6470643945247597e-17
3.6729251277456544e-17
3.693613714322367e-17
3.703958007610726e-17
3.71430230089908e-17
3.734990887475798e-17
3.76085162069669e-17
3.771195913985047e-17
3.7970566472059415e-17
3.8177452337826543e-17
3.83326167371519e-17
3.8436059670035466e-17
3.8539502602919055e-17
3.8746388468686184e-17
3.895327433445334e-17
3.9263603133104055e-17
3.947048899887121e-17
3.9677374864638337e-17
3.983253926396372e-17
3.9987703663289054e-17
4.0091146596172643e-17
4.019458952905621e-17
4.0349753928381567e-17
4.0453196861265155e-17
4.060836126059049e-17
4.081524712635764e-17
4.1022132992124796e-17
4.117729739145013e-17
4.138418325721731e-17
4.153934765654264e-17
4.164279058942623e-17
4.1746233522309796e-17
4.195311938807695e-17
4.221172672028587e-17
4.236689111961123e-17
4.252205551893659e-17
4.262549845182018e-17
4.272894138470372e-17
4.28841057840291e-17
4.309099164979623e-17
4.3246156049121614e-17
4.345304191488874e-17
4.365992778065587e-17
4.386681364642305e-17
4.397025657930659e-17
4.407369951219018e-17
4.4228863911515536e-17
4.4487471243724484e-17
4.4590914176608024e-17
4.484952150881697e-17
4.500468590814233e-17
4.510812884102592e-17
4.5263293240351253e-17
4.536673617323484e-17
4.5470179106118407e-17
4.567706497188556e-17
4.588395083765269e-17
4.609083670341984e-17
4.6194279636303406e-17
4.634944403562879e-17
4.6504608434954124e-17
4.665977283427951e-17
4.676321576716305e-17
4.6866658700046636e-17
4.6970101632930225e-17
4.712526603225556e-17
4.722870896513915e-17
4.7435594830906277e-17
4.7539037763789866e-17
4.764248069667343e-17
4.7745923629556994e-17
4.790108802888238e-17
4.800453096176592e-17
4.8107973894649506e-17
4.8211416827533095e-17
4.836658122685843e-17
4.857346709262558e-17
4.867691002550915e-17
4.883207442483453e-17
4.893551735771807e-17
4.903896029060166e-17
4.919412468992702e-17
4.9349289089252377e-17
4.9504453488577735e-17
4.971133935434489e-17
4.981478228722845e-17
4.996994668655381e-17
5.012511108587917e-17
5.0331996951646324e-17
5.043543988452989e-17
5.059060428385525e-17
5.0745768683180606e-17
5.084921161606417e-17
5.095265454894776e-17
5.1056097481831323e-17
5.121126188115668e-17
