4.929991982662395e-19
6.840606209818032e-19
8.273566880184698e-19
9.706527550551487e-19
1.0661834664129305e-18
1.1617141777707e-18
1.4005409561651608e-18
1.6393677345596215e-18
1.782663801596288e-18
2.021490579990749e-18
2.1647866470274155e-18
2.260317358385185e-18
2.403613425421864e-18
2.6424402038163123e-18
2.881266982210773e-18
2.976797693568555e-18
3.0723284049263367e-18
3.311155183320785e-18
3.406685894678567e-18
3.5499819617152336e-18
3.645512673073028e-18
3.741043384430797e-18
3.884339451467476e-18
4.027635518504155e-18
4.170931585540822e-18
4.361993008256385e-18
4.457523719614155e-18
4.553054430971949e-18
4.744115853687513e-18
4.935177276403076e-18
5.030707987760846e-18
5.174004054797525e-18
5.317300121834204e-18
5.412830833191973e-18
5.55612690022864e-18
5.699422967265319e-18
5.890484389980882e-18
6.081545812696446e-18
6.177076524054228e-18
6.3203725910908945e-18
6.415903302448689e-18
6.60696472516424e-18
6.702495436522022e-18
6.798026147879804e-18
6.8935568592375855e-18
6.989087570595367e-18
7.180148993310931e-18
7.275679704668713e-18
7.466741127384276e-18
7.610037194420943e-18
7.801098617136507e-18
7.896629328494289e-18
7.99216003985207e-18
8.087690751209852e-18
8.183221462567634e-18
8.3265175296043e-18
8.422048240962095e-18
8.565344307998761e-18
8.708640375035428e-18
8.995232509108774e-18
9.138528576145452e-18
9.329589998861016e-18
9.425120710218786e-18
9.61618213293435e-18
9.807243555649913e-18
1.0141601045402143e-17
1.0237131756759937e-17
1.0332662468117707e-17
1.0428193179475501e-17
1.066701995786995e-17
1.0953612091943295e-17
1.1049142803301077e-17
1.1192438870337743e-17
1.1335734937374422e-17
1.1431265648732192e-17
1.1622327071447755e-17
1.171785778280555e-17
1.1813388494163319e-17
1.1908919205521113e-17
1.205221527255778e-17
1.2147745983915562e-17
1.2243276695273344e-17
1.2338807406631113e-17
1.2529868829346677e-17
1.2625399540704471e-17
1.2816460963420035e-17
1.3007522386135598e-17
1.3246349164530047e-17
1.3341879875887829e-17
1.3437410587245598e-17
1.3580706654282277e-17
1.3724002721318956e-17
1.3962829499713404e-17
1.4058360211071186e-17
1.4153890922428968e-17
1.4392717700823416e-17
1.4488248412181198e-17
1.4631544479217877e-17
1.482260590193344e-17
1.5109198036006774e-17
1.5204728747364568e-17
1.54913208814379e-17
1.5634616948474568e-17
1.5730147659832362e-17
1.5921209082547926e-17
1.611227050526349e-17
1.620780121662126e-17
1.6398862639336823e-17
1.65421587063735e-17
1.6637689417731283e-17
1.6733220129089053e-17
1.6828750840446847e-17
1.6924281551804617e-17
1.7067577618841295e-17
1.7163108330199077e-17
1.725863904155686e-17
1.735416975291464e-17
1.7497465819951308e-17
1.7640761886987986e-17
1.7831823309703538e-17
1.7927354021061332e-17
1.8118415443776896e-17
1.830947686649246e-17
1.8548303644886908e-17
1.873936506760247e-17
1.897819184599692e-17
1.9121487913033586e-17
1.921701862439138e-17
1.931254933574915e-17
1.945584540278583e-17
1.9599141469822508e-17
1.9694672181180277e-17
1.988573360389584e-17
2.0029029670932508e-17
2.0172325737969187e-17
2.0267856449326968e-17
2.0411152516363635e-17
2.0554448583400314e-17
2.0697744650436993e-17
2.0793275361794762e-17
2.093657142883144e-17
2.1223163562904787e-17
2.1318694274262556e-17
2.1461990341299235e-17
2.1557521052657017e-17
2.174858247537258e-17
2.1844113186730363e-17
2.2035174609445926e-17
2.2130705320803708e-17
2.2226236032161478e-17
2.2321766743519272e-17
2.2465062810555938e-17
2.2656124233271502e-17
2.2942716367344847e-17
2.3086012434381526e-17
2.3277073857097078e-17
2.337260456845486e-17
2.3515900635491526e-17
2.361143134684932e-17
2.3802492769564884e-17
2.3993554192280448e-17
2.4089084903638217e-17
2.4232380970674896e-17
2.4471207749069345e-17
2.461450381610601e-17
2.4853330594500472e-17
2.4948861305858254e-17
2.5139922728573817e-17
2.5283218795610496e-17
2.5426514862647163e-17
2.5522045574004932e-17
2.566534164104161e-17
2.5760872352399393e-17
2.590416841943606e-17
2.6095229842151623e-17
2.6190760553509418e-17
2.6334056620546084e-17
2.6429587331903866e-17
2.6572883398940533e-17
2.6668414110298314e-17
2.681171017733498e-17
2.6907240888692775e-17
2.7050536955729442e-17
2.7241598378445005e-17
2.7337129089802787e-17
2.752819051251835e-17
2.7719251935233915e-17
2.786254800227058e-17
2.795807871362836e-17
2.8053609424986145e-17
2.8196905492022824e-17
2.8292436203380593e-17
2.843573227041727e-17
2.853126298177504e-17
2.872232440449063e-17
2.8961151182885066e-17
2.9056681894242836e-17
2.915221260560063e-17
2.9247743316958424e-17
2.939103938399509e-17
2.948657009535286e-17
2.962986616238955e-17
2.972539687374732e-17
2.982092758510509e-17
2.9916458296462884e-17
3.0011989007820654e-17
3.029858114189401e-17
3.044187720893068e-17
3.0585173275967345e-17
3.0824000054361806e-17
3.09195307657196e-17
3.1062826832756266e-17
3.1158357544114036e-17
3.1253888255471806e-17
3.13494189668296e-17
3.1444949678187394e-17
3.158824574522406e-17
3.197036859065519e-17
3.206589930201296e-17
3.2161430013370727e-17
3.225696072472852e-17
3.2352491436086315e-17
3.259131821448075e-17
3.2686848925838545e-17
3.287791034855411e-17
3.311673712694857e-17
3.321226783830634e-17
3.330779854966411e-17
3.34033292610219e-17
3.3594390683737467e-17
3.3689921395095236e-17
3.378545210645303e-17
3.38809828178108e-17
3.3976513529168594e-17
3.416757495188416e-17
3.4406401730278594e-17
3.459746315299416e-17
3.4740759220030824e-17
3.493182064274641e-17
3.512288206546195e-17
3.526617813249864e-17
3.540947419953531e-17
3.5552770266571976e-17
3.5648300977929745e-17
3.5839362400645334e-17
3.5934893112003103e-17
3.603042382336087e-17
3.6173719890397564e-17
3.6269250601755333e-17
3.6412546668792e-17
3.655584273582869e-17
3.669913880286536e-17
3.679466951422313e-17
3.689020022558092e-17
3.703349629261759e-17
3.722455771533315e-17
3.732008842669092e-17
3.7415619138048715e-17
3.755891520508538e-17
3.7749976627800946e-17
3.789327269483761e-17
3.8036568761874303e-17
3.822763018458984e-17
3.8323160895947637e-17
3.8466456962984303e-17
3.860975303002097e-17
3.875304909705766e-17
3.884857980841543e-17
3.9039641231130994e-17
3.918293729816766e-17
3.9278468009525455e-17
3.946952943224102e-17
3.9612825499277685e-17
3.975612156631435e-17
3.9851652277672146e-17
4.0042713700387685e-17
4.0233775123103273e-17
4.032930583446104e-17
4.042483654581881e-17
4.0568132612855504e-17
4.0663663324213273e-17
4.075919403557107e-17
4.095025545828663e-17
4.10935515253233e-17
4.128461294803886e-17
4.142790901507553e-17
4.152343972643332e-17
4.166673579346999e-17
4.176226650482776e-17
4.190556257186445e-17
4.2048858638901116e-17
4.219215470593778e-17
4.233545077297445e-17
4.2478746840011116e-17
4.257427755136891e-17
4.2717573618405576e-17
4.290863504112114e-17
4.300416575247891e-17
4.324299253087337e-17
4.3434053953588934e-17
4.3672880731983395e-17
4.381617679902006e-17
4.405500357741452e-17
4.419829964445119e-17
4.429383035580896e-17
4.4437126422845625e-17
4.453265713420342e-17
4.4675953201240086e-17
4.486701462395565e-17
4.501031069099234e-17
4.510584140235011e-17
4.5249137469386777e-17
4.534466818074457e-17
4.5535729603460134e-17
4.56790256704968e-17
4.582232173753347e-17
4.606114851592793e-17
4.6204444582964595e-17
4.634774065000126e-17
4.6443271361359056e-17
4.6538802072716825e-17
4.6634332784074595e-17
4.6777628851111286e-17
4.6873159562469055e-17
4.701645562950572e-17
4.7159751696542413e-17
4.730304776357908e-17
4.7494109186294644e-17
4.763740525333131e-17
4.7828466676046874e-17
4.811505881012023e-17
4.82583548771569e-17
4.835388558851467e-17
4.849718165555136e-17
4.859271236690913e-17
4.878377378962469e-17
4.8974835212340256e-17
4.9070365923698025e-17
4.916589663505582e-17
4.926142734641359e-17
4.940472341345028e-17
4.9548019480486947e-17
4.973908090320251e-17
4.983461161456028e-17
4.9930142325918074e-17
5.0121203748633613e-17
5.03122651713492e-17
5.045556123838587e-17
5.055109194974364e-17
5.064662266110143e-17
5.07421533724592e-17
5.0837684083816995e-17
5.0933214795174765e-17
5.1028745506532534e-17
5.121980692924812e-17
5.136310299628479e-17
