4.499124336896622e-19
5.497649092383205e-19
6.995436225612955e-19
8.493223358842829e-19
9.491748114329412e-19
1.1488797625302454e-18
1.2487322380789037e-18
1.3985109514018787e-18
1.5482896647248538e-18
1.6980683780478412e-18
1.7979208535964995e-18
2.047552042468133e-18
2.197330755791108e-18
2.297183231339766e-18
2.3970357068884244e-18
2.5967406579857286e-18
2.696593133534387e-18
2.846371846857362e-18
2.9462243224060202e-18
3.0460767979546785e-18
3.1459292735033244e-18
3.2457817490519827e-18
3.3456342246006286e-18
3.445486700149287e-18
3.545339175697945e-18
3.6451916512466034e-18
3.844896602343908e-18
3.994675315666883e-18
4.14445402898987e-18
4.344158980087174e-18
4.643716406733137e-18
4.743568882281795e-18
4.89334759560477e-18
5.0431263089277575e-18
5.1429787844764035e-18
5.292757497799391e-18
5.442536211122378e-18
5.6921673999940116e-18
5.841946113316987e-18
5.991724826639974e-18
6.191429777737278e-18
6.4410609666089116e-18
6.590839679931899e-18
6.8903971065778615e-18
7.040175819900837e-18
7.189954533223824e-18
7.339733246546799e-18
7.489511959869786e-18
7.589364435418432e-18
7.789069386515737e-18
8.038700575387382e-18
8.288331764259016e-18
8.43811047758199e-18
8.88744661755094e-18
9.037225330873916e-18
9.187004044196903e-18
9.386708995294207e-18
9.486561470842865e-18
9.586413946391511e-18
9.736192659714499e-18
9.885971373037486e-18
9.985823848586132e-18
1.008567632413479e-17
1.0285381275232095e-17
1.0485086226329411e-17
1.0684791177426715e-17
1.083456989074969e-17
1.1034274841847007e-17
1.1184053555169982e-17
1.1383758506267286e-17
1.1683315932913261e-17
1.1833094646236236e-17
1.1982873359559211e-17
1.208272583510787e-17
1.2182578310656528e-17
1.2631914450625465e-17
1.2881545639497111e-17
1.3031324352820086e-17
1.3181103066143061e-17
1.3430734255014707e-17
1.3580512968337682e-17
1.3730291681660669e-17
1.3830144157209315e-17
1.4079775346080948e-17
1.4229554059403936e-17
1.447918524827557e-17
1.4628963961598544e-17
1.4778742674921532e-17
1.5078300101567494e-17
1.522807881489047e-17
1.5327931290439127e-17
1.557756247931076e-17
1.5727341192633748e-17
1.5927046143731052e-17
1.602689861927971e-17
1.6176677332602686e-17
1.6276529808151344e-17
1.642630852147432e-17
1.6626013472571636e-17
1.6725865948120294e-17
1.687564466144327e-17
1.7025423374766244e-17
1.722512832586356e-17
1.732498080141222e-17
1.7424833276960865e-17
1.7524685752509523e-17
1.762453822805817e-17
1.7774316941381156e-17
1.7874169416929815e-17
1.8273579319124423e-17
1.837343179467308e-17
1.852321050799607e-17
1.8922620410190677e-17
1.917225159906231e-17
1.9322030312385298e-17
1.9471809025708273e-17
1.972144021457992e-17
1.9821292690128564e-17
2.002099764122587e-17
2.0270628830097502e-17
2.042040754342049e-17
2.0570186256743477e-17
2.0670038732292123e-17
2.081981744561511e-17
2.1019522396712414e-17
2.1119374872261073e-17
2.1369006061132706e-17
2.151878477445568e-17
2.1668563487778668e-17
2.1768415963327327e-17
2.1868268438875973e-17
2.201804715219896e-17
2.2217752103296264e-17
2.2417457054393568e-17
2.2567235767716556e-17
2.271701448103953e-17
2.281686695658819e-17
2.2916719432136847e-17
2.3016571907685493e-17
2.3116424383234152e-17
2.3266203096557127e-17
2.3465908047654443e-17
2.35657605232031e-17
2.3765465474300406e-17
2.391524418762338e-17
2.401509666317204e-17
2.4164875376495026e-17
2.4264727852043672e-17
2.441450656536666e-17
2.4514359040915306e-17
2.4614211516463964e-17
2.476399022978695e-17
2.4863842705335597e-17
2.4963695180884256e-17
2.5113473894207218e-17
2.5263252607530218e-17
2.5363105083078852e-17
2.5462957558627535e-17
2.5712588747499168e-17
2.5812441223047802e-17
2.5912293698596484e-17
2.6062072411919435e-17
2.6161924887468118e-17
2.626177736301675e-17
2.6461482314114068e-17
2.6611261027437043e-17
2.67111135029857e-17
2.6810965978534335e-17
2.6960744691857335e-17
2.7060597167405993e-17
2.7210375880728968e-17
2.7509933307374918e-17
2.7709638258472235e-17
2.780949073402089e-17
2.8009195685118185e-17
2.810904816066687e-17
2.840860558731282e-17
2.855838430063582e-17
2.870816301395877e-17
2.8907867965056085e-17
2.9057646678379084e-17
2.9207425391702035e-17
2.9357204105025034e-17
2.9506982818348034e-17
2.9706687769445326e-17
2.9806540244993984e-17
2.990639272054262e-17
3.0106097671639934e-17
3.030580262273725e-17
3.0405655098285885e-17
3.0555433811608884e-17
3.0705212524931884e-17
3.080506500048052e-17
3.0904917476029176e-17
3.1004769951577834e-17
3.13542536159981e-17
3.15040323293211e-17
3.170373728041842e-17
3.185351599374139e-17
3.195336846929005e-17
3.2103147182613026e-17
3.2202999658161684e-17
3.230285213371032e-17
3.2402704609259e-17
3.255248332258195e-17
3.2852040749227926e-17
3.30018194625509e-17
3.310167193809956e-17
3.3251450651422534e-17
3.335130312697122e-17
3.350108184029417e-17
3.360093431584285e-17
3.3700786791391484e-17
3.380063926694014e-17
3.395041798026312e-17
3.410019669358612e-17
3.424997540690907e-17
3.4449680358006384e-17
3.4599459071329384e-17
3.474923778465236e-17
3.484909026020102e-17
3.494894273574965e-17
3.5048795211298334e-17
3.514864768684697e-17
3.5348352637944284e-17
3.549813135126726e-17
3.5697836302364575e-17
3.589754125346187e-17
3.604731996678487e-17
3.61471724423335e-17
3.62969511556565e-17
3.6396803631205134e-17
3.6496656106753817e-17
3.659650858230245e-17
3.679621353339977e-17
3.709577096004572e-17
3.7245549673368717e-17
3.7445254624466033e-17
3.7595033337788984e-17
3.784466452666062e-17
3.8094295715532275e-17
3.8194148191080933e-17
3.829400066662957e-17
3.839385314217825e-17
3.8493705617726884e-17
3.86934105688242e-17
3.8893115519921517e-17
3.899296799547015e-17
3.914274670879315e-17
3.9292525422116125e-17
3.954215661098776e-17
3.9642009086536417e-17
3.974186156208505e-17
3.989164027540805e-17
3.9991492750956684e-17
4.0091345226505367e-17
4.0390902653151317e-17
4.049075512869995e-17
4.0690460079797267e-17
4.0840238793120267e-17
4.1189722457540533e-17
4.138942740863785e-17
4.148927988418651e-17
4.16889848352838e-17
4.178883731083248e-17
4.193861602415546e-17
4.218824721302709e-17
4.228809968857575e-17
4.2387952164124383e-17
4.2487804639673066e-17
4.25876571152217e-17
4.27374358285447e-17
4.2837288304093333e-17
4.293714077964199e-17
4.303699325519065e-17
4.318677196851365e-17
4.343640315738528e-17
4.3586181870708233e-17
4.378588682180555e-17
4.393566553512855e-17
4.40854442484515e-17
4.4285149199548816e-17
4.43850016750975e-17
4.453478038842045e-17
4.468455910174345e-17
4.4884264052840766e-17
4.49841165283894e-17
4.51338952417124e-17
4.538352643058403e-17
4.553330514390701e-17
4.568308385722998e-17
4.583286257055298e-17
4.5932715046101616e-17
4.613241999719893e-17
4.6232272472747566e-17
4.633212494829625e-17
4.658175613716788e-17
4.6681608612716516e-17
4.688131356381383e-17
4.708101851491115e-17
4.7230797228234124e-17
4.7430502179331416e-17
4.7580280892654416e-17
4.768013336820305e-17
4.792976455707468e-17
4.807954327039768e-17
4.8279248221495e-17
4.837910069704363e-17
4.8478953172592316e-17
4.857880564814095e-17
4.867865812368961e-17
4.88783630747869e-17
4.897821555033558e-17
4.912799426365853e-17
4.9227846739207216e-17
4.932769921475585e-17
4.942755169030453e-17
4.957733040362748e-17
4.97770353547248e-17
4.99268140680478e-17
5.012651901914509e-17
5.022637149469375e-17
5.05259289213397e-17
5.062578139688838e-17
5.0725633872437016e-17
5.0875412585760015e-17
5.097526506130865e-17
5.107511753685731e-17
5.132474872572894e-17
