4.576655956578505e-19
5.564463255384011e-19
6.552270554189763e-19
8.52788515180102e-19
1.0503499749412278e-18
1.1491307048217783e-18
1.2479114347023535e-18
1.4454728944634793e-18
1.643034354224605e-18
1.8405958139857308e-18
1.988766908806569e-18
2.087547638687132e-18
2.2357187335079823e-18
2.334499463388533e-18
2.4826705582093833e-18
2.630841653030234e-18
2.92718384267191e-18
3.0259645725524853e-18
3.2729163972538863e-18
3.421087492074737e-18
3.519868221955287e-18
3.6186489518358626e-18
3.8656007765372636e-18
4.013771871358114e-18
4.112552601238665e-18
4.21133333111924e-18
4.31011406099979e-18
4.4088947908803656e-18
4.606456250641491e-18
4.804017710402617e-18
4.952188805223455e-18
5.050969535104018e-18
5.149750264984581e-18
5.347311724745707e-18
5.59426354944712e-18
5.8906057390887964e-18
6.038776833909647e-18
6.1375575637901974e-18
6.236338293670773e-18
6.335119023551323e-18
6.433899753431898e-18
6.532680483312449e-18
6.730241943073575e-18
6.82902267295415e-18
7.075974497655551e-18
7.174755227536114e-18
7.322926322356952e-18
7.421707052237527e-18
7.816829971759779e-18
8.014391431520904e-18
8.31073362116258e-18
8.607075810804282e-18
8.804637270565407e-18
8.952808365386246e-18
9.150369825147371e-18
9.249150555027934e-18
9.347931284908497e-18
9.44671201478906e-18
9.545492744669623e-18
9.644273474550186e-18
9.891225299251587e-18
9.990006029132162e-18
1.0088786759012712e-17
1.0187567488893288e-17
1.0286348218773838e-17
1.0434519313594689e-17
1.0632080773355814e-17
1.0730861503236377e-17
1.0928422962997503e-17
1.1224765152639192e-17
1.152110734228088e-17
1.1669278437101718e-17
1.1866839896862844e-17
1.2261962816385096e-17
1.2508914641086497e-17
1.2607695370967072e-17
1.275586646578791e-17
1.2904037560608748e-17
1.3150989385310162e-17
1.3348550845071287e-17
1.3546112304832413e-17
1.3644893034712976e-17
1.3743673764593539e-17
1.3842454494474102e-17
1.4040015954235228e-17
1.428696777893663e-17
1.4484529238697754e-17
1.4731481063399168e-17
1.483026179327973e-17
1.4929042523160293e-17
1.5027823253040856e-17
1.5175994347861707e-17
1.5422946172563108e-17
1.5571117267383958e-17
1.5719288362204796e-17
1.5916849821965922e-17
1.6015630551846485e-17
1.6163801646667336e-17
1.6262582376547886e-17
1.636136310642846e-17
1.6558924566189587e-17
1.6707095661010425e-17
1.6805876390890988e-17
1.695404748571184e-17
1.705282821559239e-17
1.7151608945472964e-17
1.7250389675353515e-17
1.7645512594875766e-17
1.789246441957718e-17
1.8139416244278593e-17
1.8386368068979994e-17
1.8534539163800832e-17
1.868271025862167e-17
1.883088135344252e-17
1.897905244826337e-17
1.912722354308421e-17
1.927539463790506e-17
1.942356573272591e-17
1.952234646260646e-17
1.962112719248701e-17
1.9719907922367587e-17
1.9966859747068988e-17
2.0115030841889838e-17
2.0213811571770413e-17
2.0312592301650964e-17
2.0559544126352365e-17
2.0707715221173215e-17
2.0806495951053766e-17
2.0954667045874617e-17
2.1053447775755192e-17
2.1152228505635742e-17
2.1300399600456593e-17
2.1448570695277443e-17
2.159674179009827e-17
2.189308397973997e-17
2.199186470962052e-17
2.228820689926222e-17
2.2436377994083072e-17
2.2535158723963623e-17
2.2683329818784473e-17
2.2782110548665024e-17
2.2979672008426174e-17
2.3127843103247e-17
2.3226623833127575e-17
2.3473575657828976e-17
2.3572356387709527e-17
2.3671137117590102e-17
2.3868698577351228e-17
2.4016869672172078e-17
2.4214431131933204e-17
2.441199259169433e-17
2.465894441639573e-17
2.4905896241097132e-17
2.5054067335917982e-17
2.5152848065798533e-17
2.5350409525559658e-17
2.549858062038051e-17
2.5696142080141635e-17
2.5794922810022185e-17
2.5943093904843036e-17
2.614065536460416e-17
2.6288826459425012e-17
2.6387607189305587e-17
2.6486387919186138e-17
2.6634559014006988e-17
2.678273010882784e-17
2.688151083870839e-17
2.698029156858894e-17
2.7079072298469515e-17
2.717785302835009e-17
2.742480485305149e-17
2.7523585582932042e-17
2.7622366312812617e-17
2.7721147042693167e-17
2.786931813751402e-17
2.801748923233487e-17
2.811626996221542e-17
2.8215050692095994e-17
2.8313831421976545e-17
2.8462002516797395e-17
2.8610173611618246e-17
2.8708954341498796e-17
2.880773507137937e-17
2.905468689608077e-17
2.920285799090162e-17
2.940041945066275e-17
2.95485905454836e-17
2.9795542370185e-17
2.994371346500585e-17
3.014127492476695e-17
3.043761711440865e-17
3.0536397844289203e-17
3.0733959304050354e-17
3.0931520763811455e-17
3.103030149369203e-17
3.1227862953453156e-17
3.142542441321428e-17
3.162298587297541e-17
3.177115696779626e-17
3.186993769767681e-17
3.201810879249766e-17
3.2215670252258784e-17
3.236384134707961e-17
3.251201244190046e-17
3.2610793171781036e-17
3.275896426660186e-17
3.290713536142271e-17
3.3154087186124113e-17
3.325286791600469e-17
3.3351648645885264e-17
3.364799083552694e-17
3.379616193034779e-17
3.3944333025168616e-17
3.4141894484929767e-17
3.424067521481032e-17
3.433945594469087e-17
3.453701740445202e-17
3.463579813433257e-17
3.478396922915342e-17
3.488274995903397e-17
3.503092105385482e-17
3.512970178373537e-17
3.527787287855622e-17
3.552482470325762e-17
3.577177652795905e-17
3.58705572578396e-17
3.601872835266045e-17
3.61668994474813e-17
3.6315070542302125e-17
3.6611412731943826e-17
3.6710193461824377e-17
3.680897419170495e-17
3.69571452865258e-17
3.705592601640635e-17
3.7204097111227203e-17
3.7302877841107754e-17
3.740165857098833e-17
3.754982966580918e-17
3.764861039568973e-17
3.789556222039113e-17
3.7994342950271706e-17
3.809312368015226e-17
3.834007550485368e-17
3.848824659967451e-17
3.8587027329555084e-17
3.8685808059435634e-17
3.8833979154256485e-17
3.8982150249077335e-17
3.9080930978957886e-17
3.9229102073778736e-17
3.942666353353986e-17
3.952544426342044e-17
3.967361535824126e-17
3.977239608812184e-17
3.992056718294269e-17
4.001934791282324e-17
4.011812864270379e-17
4.031569010246494e-17
4.041447083234549e-17
4.051325156222604e-17
4.071081302198719e-17
4.1056545576569143e-17
4.125410703633027e-17
4.140227813115112e-17
4.155044922597197e-17
4.164922995585252e-17
4.1748010685733096e-17
4.194557214549422e-17
4.204435287537477e-17
4.214313360525535e-17
4.22913047000762e-17
4.2439475794897024e-17
4.25382565247776e-17
4.268642761959845e-17
4.2834598714419275e-17
4.293337944429985e-17
4.3130940904060976e-17
4.32791119988818e-17
4.337789272876238e-17
4.347667345864295e-17
4.362484455346378e-17
4.3822406013224904e-17
4.3921186743105454e-17
4.401996747298603e-17
4.426691929768743e-17
4.441509039250828e-17
4.456326148732913e-17
4.466204221720968e-17
4.481021331203053e-17
4.490899404191111e-17
4.5057165136731934e-17
4.5205336231552784e-17
4.5353507326373635e-17
4.555106878613476e-17
4.569923988095561e-17
4.5847410975776437e-17
4.609436280047786e-17
4.619314353035841e-17
4.6489485720000114e-17
4.6687047179761215e-17
4.678582790964179e-17
4.6884608639522365e-17
4.7082170099283466e-17
4.7279731559044617e-17
4.737851228892517e-17
4.752668338374602e-17
4.767485447856687e-17
4.787241593832797e-17
4.7971196668208545e-17
4.806997739808912e-17
4.816875812796967e-17
4.831692922279052e-17
4.841570995267107e-17
4.8514490682551647e-17
4.86132714124322e-17
4.881083287219332e-17
4.8959003967014173e-17
4.9057784696894724e-17
4.9255346156655874e-17
4.94035172514767e-17
4.9502297981357275e-17
4.9601078711237826e-17
4.979864017099895e-17
4.99468112658198e-17
5.004559199570035e-17
5.014437272558093e-17
5.0341934185342054e-17
5.053949564510318e-17
5.063827637498373e-17
5.0737057104864305e-17
5.088522819968513e-17
5.0984008929565706e-17
5.108278965944628e-17
5.123096075426711e-17
