3.579347114392508e-19
5.73091242125443e-19
7.882477728116599e-19
1.1109825688409728e-18
1.2723499668556416e-18
1.4337173648702858e-18
1.5412956302133942e-18
1.7026630282280507e-18
1.810241293571159e-18
1.9716086915858156e-18
2.1867652222720324e-18
2.4019217529582246e-18
2.5632891509728934e-18
2.8322348143306583e-18
2.9936022123453025e-18
3.1549696103599713e-18
3.3163370083746154e-18
3.477704406389284e-18
3.639071804403928e-18
3.746650069747049e-18
3.908017467761693e-18
4.12317399844791e-18
4.338330529134127e-18
4.499697927148771e-18
4.66106532516344e-18
4.822432723178084e-18
4.983800121192753e-18
5.1989566518789574e-18
5.306534917222066e-18
5.52169144790827e-18
5.629269713251379e-18
5.790637111266035e-18
5.952004509280692e-18
6.1671610399669086e-18
6.274739305310005e-18
6.5436849686677696e-18
6.651263234010866e-18
6.8664197646970825e-18
7.027787162711739e-18
7.189154560726395e-18
7.296732826069492e-18
7.404311091412612e-18
7.619467622098805e-18
7.834624152785021e-18
7.94220241812813e-18
8.049780683471238e-18
8.157358948814334e-18
8.318726346829003e-18
8.641461142858316e-18
8.80282854087296e-18
8.964195938887629e-18
9.233141602245394e-18
9.34071986758849e-18
9.448298132931586e-18
9.609665530946243e-18
9.717243796289363e-18
9.82482206163246e-18
1.0039978592318676e-17
1.020134599033332e-17
1.0416502521019537e-17
1.0524080786362633e-17
1.0793026449720398e-17
1.1008182980406615e-17
1.1115761245749711e-17
1.1223339511092832e-17
1.1384706909107476e-17
1.1546074307122145e-17
1.1707441705136789e-17
1.1868809103151458e-17
1.2030176501166102e-17
1.2191543899180771e-17
1.2460489562538536e-17
1.262185696055318e-17
1.27294352258963e-17
1.2944591756582493e-17
1.3213537419940258e-17
1.3482483083298023e-17
1.3590061348641119e-17
1.3859007011998884e-17
1.4020374410013553e-17
1.4181741808028197e-17
1.4450687471385962e-17
1.4719633134743726e-17
1.498857879810149e-17
1.5311313594130804e-17
1.552647012481702e-17
1.5741626655503213e-17
1.5849204920846334e-17
1.6010572318860978e-17
1.61181505842041e-17
1.6440885380233412e-17
1.6548463645576508e-17
1.6656041910919604e-17
1.687119844160582e-17
1.703256583962049e-17
1.7193933237635134e-17
1.7301511502978255e-17
1.7516668033664447e-17
1.7678035431679116e-17
1.7785613697022212e-17
1.7893191962365308e-17
1.800077022770843e-17
1.8215926758394646e-17
1.8431083289080838e-17
1.8538661554423934e-17
1.8646239819767055e-17
1.875381808511015e-17
1.8968974615796368e-17
1.9130342013811036e-17
1.9399287677168777e-17
1.9506865942511897e-17
1.972202247319809e-17
1.982960073854121e-17
1.9937179003884306e-17
2.0098546401898975e-17
2.025991379991362e-17
2.0421281197928288e-17
2.0528859463271384e-17
2.0690226861286053e-17
2.0905383391972245e-17
2.117432905533001e-17
2.1389485586016227e-17
2.1497063851359323e-17
2.1658431249373992e-17
2.1766009514717088e-17
2.1981166045403305e-17
2.20887443107464e-17
2.2196322576089497e-17
2.2357689974104166e-17
2.2519057372118835e-17
2.2895581300819696e-17
2.3110737831505888e-17
2.3272105229520557e-17
2.3379683494863653e-17
2.3487261760206774e-17
2.3702418290892966e-17
2.3863785688907635e-17
2.397136395425073e-17
2.407894221959385e-17
2.4347887882951616e-17
2.4455466148294712e-17
2.4616833546309357e-17
2.4724411811652477e-17
2.488577920966712e-17
2.4993357475010242e-17
2.5100935740353338e-17
2.5262303138368007e-17
2.54774596690542e-17
2.5585037934397295e-17
2.5746405332411964e-17
2.585398359775506e-17
2.596156186309818e-17
2.6069140128441277e-17
2.6176718393784398e-17
2.6338085791799042e-17
2.6499453189813686e-17
2.6660820587828355e-17
2.6822187985843024e-17
2.7037344516529216e-17
2.7144922781872337e-17
2.7252501047215433e-17
2.736007931255853e-17
2.7521446710573198e-17
2.7682814108587842e-17
2.789797063927406e-17
2.805933803728873e-17
2.8166916302631824e-17
2.832828370064647e-17
2.8489651098661137e-17
2.8704807629347353e-17
2.881238589469045e-17
2.8973753292705094e-17
2.9081331558048214e-17
2.918890982339131e-17
2.935027722140598e-17
2.9457855486749075e-17
2.9619222884763744e-17
2.972680115010684e-17
2.9834379415449936e-17
2.994195768079306e-17
3.015711421147925e-17
3.026469247682237e-17
3.0372270742165466e-17
3.047984900750859e-17
3.064121640552323e-17
3.085637293620945e-17
3.0963951201552544e-17
3.123289686491031e-17
3.139426426292498e-17
3.160942079361117e-17
3.1716999058954266e-17
3.1824577324297387e-17
3.2254890385669796e-17
3.2362468651012917e-17
3.252383604902756e-17
3.2631414314370657e-17
3.273899257971378e-17
3.2846570845056874e-17
3.306172737574309e-17
3.3169305641086187e-17
3.3384462171772404e-17
3.34920404371155e-17
3.365340783513017e-17
3.3760986100473265e-17
3.3868564365816385e-17
3.397614263115948e-17
3.408372089650258e-17
3.4245088294517246e-17
3.440645569253189e-17
3.456782309054656e-17
3.4675401355889655e-17
3.4782979621232776e-17
3.489055788657587e-17
3.5051925284590516e-17
3.515950354993364e-17
3.532087094794828e-17
3.548223834596295e-17
3.5589816611306046e-17
3.5697394876649167e-17
3.585876227466381e-17
3.596634054000691e-17
3.607391880535003e-17
3.6181497070693124e-17
3.639665360137934e-17
3.661181013206556e-17
3.68807557954233e-17
3.698833406076642e-17
3.714970145878106e-17
3.731106885679573e-17
3.741864712213883e-17
3.7633803652825045e-17
3.7848960183511237e-17
3.8010327581525906e-17
3.8117905846869e-17
3.822548411221212e-17
3.833306237755522e-17
3.849442977556989e-17
3.865579717358453e-17
3.88171645715992e-17
3.8978531969613844e-17
3.9086110234956965e-17
3.924747763297161e-17
3.935505589831473e-17
3.967779069434402e-17
3.983915809235869e-17
3.9946736357701783e-17
4.0054314623044904e-17
4.021568202105955e-17
4.0430838551745765e-17
4.053841681708886e-17
4.075357334777508e-17
4.0968729878461295e-17
4.107630814380439e-17
4.123767554181906e-17
4.1399042939833704e-17
4.161419947051992e-17
4.1775566868534565e-17
4.1936934266549234e-17
4.204451253189233e-17
4.2205879929907e-17
4.236724732792164e-17
4.258240385860786e-17
4.2689982123950956e-17
4.2797560389294077e-17
4.295892778730872e-17
4.3066506052651817e-17
4.317408431799494e-17
4.333545171600958e-17
4.35506082466958e-17
4.365818651203892e-17
4.387334304272511e-17
4.398092130806821e-17
4.408849957341133e-17
4.4196077838754424e-17
4.446502350211219e-17
4.4680180032798406e-17
4.484154743081305e-17
4.500291482882772e-17
4.5164282226842363e-17
4.537943875752858e-17
4.55945952882148e-17
4.575596268622944e-17
4.586354095157256e-17
4.6024908349587206e-17
4.624006488027342e-17
4.6562799676302736e-17
4.672416707431738e-17
4.68317453396605e-17
4.6993112737675145e-17
4.731584753370448e-17
4.7477214931719127e-17
4.758479319706222e-17
4.779994972774844e-17
4.7907527993091536e-17
4.8068895391106204e-17
4.8230262789120873e-17
4.833784105446397e-17
4.8445419319807065e-17
4.855299758515016e-17
4.866057585049328e-17
4.876815411583638e-17
4.8983310646522595e-17
4.914467804453724e-17
4.925225630988036e-17
4.9413623707895004e-17
4.962878023858122e-17
4.9951515034610534e-17
5.005909329995363e-17
5.016667156529675e-17
5.0328038963311395e-17
5.0435617228654516e-17
5.054319549399761e-17
5.075835202468383e-17
5.0865930290026925e-17
5.097350855537002e-17
5.113487595338469e-17
5.1296243351399334e-17
