3.630426405577712e-19
4.649867168805979e-19
5.66930793203437e-19
7.1984690768768945e-19
8.727630221719419e-19
9.74707098494781e-19
1.0766511748176077e-18
1.1785952511404468e-18
1.3315113656246992e-18
1.4334554419475383e-18
1.6883156327546175e-18
1.84123174723887e-18
1.9941478617231223e-18
2.198036014368788e-18
2.503868243337293e-18
2.7587284341443845e-18
2.911644548628637e-18
3.1155327012742905e-18
3.2174767775971295e-18
3.3194208539199686e-18
3.472336968404221e-18
3.6252530828884735e-18
3.880113273695553e-18
3.982057350018392e-18
4.134973464502644e-18
4.236917540825483e-18
4.440805693471137e-18
4.644693846116815e-18
4.797609960601067e-18
4.899554036923894e-18
5.205386265892399e-18
5.511218494860904e-18
5.715106647506582e-18
5.969966838313661e-18
6.173854990959327e-18
6.530659258089245e-18
6.734547410734923e-18
6.83649148705775e-18
6.989407601542003e-18
7.091351677864842e-18
7.244267792349082e-18
7.397183906833334e-18
7.601072059479012e-18
7.703016135801839e-18
7.906904288447517e-18
8.161764479254596e-18
8.416624670061688e-18
8.620512822707354e-18
8.72245689903018e-18
8.926345051675859e-18
9.079261166160111e-18
9.181205242482938e-18
9.33412135696719e-18
9.487037471451443e-18
9.69092562409712e-18
9.843841738581373e-18
9.996757853065613e-18
1.0098701929388452e-17
1.0200646005711279e-17
1.0353562120195532e-17
1.045550619651837e-17
1.0608422311002623e-17
1.0863282501809715e-17
1.0965226578132541e-17
1.106717065445538e-17
1.1220086768939633e-17
1.1373002883423873e-17
1.1474946959746712e-17
1.1576891036069551e-17
1.1729807150553804e-17
1.183175122687663e-17
1.1984667341360883e-17
1.2188555494006561e-17
1.2341471608490813e-17
1.2596331799297892e-17
1.2698275875620719e-17
1.2851191990104972e-17
1.3004108104589224e-17
1.3157024219073477e-17
1.3258968295396316e-17
1.3462856448041981e-17
1.356480052436482e-17
1.366674460068766e-17
1.3768688677010486e-17
1.4023548867817578e-17
1.4176464982301818e-17
1.432938109678607e-17
1.443132517310891e-17
1.4635213325754575e-17
1.4737157402077414e-17
1.4890073516561667e-17
1.504298963104592e-17
1.5144933707368758e-17
1.5348821860014424e-17
1.545076593633725e-17
1.5654654088982917e-17
1.5756598165305756e-17
1.596048631795142e-17
1.606243039427426e-17
1.6215346508758513e-17
1.6317290585081352e-17
1.6470206699565605e-17
1.657215077588843e-17
1.6776038928534097e-17
1.703089911934119e-17
1.7336731348309693e-17
1.743867542463252e-17
1.7591591539116773e-17
1.7846451729923864e-17
1.7999367844408117e-17
1.8152283958892357e-17
1.830520007337661e-17
1.8407144149699448e-17
1.8509088226022287e-17
1.866200434050654e-17
1.8763948416829366e-17
1.9018808607636458e-17
1.9120752683959297e-17
1.927366879844355e-17
1.952852898925063e-17
1.9732417141896295e-17
1.9885333256380547e-17
1.9987277332703386e-17
2.0140193447187638e-17
2.0242137523510465e-17
2.0395053637994718e-17
2.0496997714317557e-17
2.0598941790640396e-17
2.0751857905124648e-17
2.0904774019608888e-17
2.1006718095931727e-17
2.1108662172254554e-17
2.1363522363061646e-17
2.156741051570731e-17
2.1720326630191564e-17
2.1924214782837242e-17
2.2128102935482908e-17
2.2230047011805735e-17
2.2331991088128574e-17
2.2484907202612826e-17
2.263782331709708e-17
2.2841711469742744e-17
2.3198515736872663e-17
2.340240388951834e-17
2.3606292042164007e-17
2.3708236118486833e-17
2.3861152232971086e-17
2.4014068347455338e-17
2.416698446193959e-17
2.4370872614585256e-17
2.452378872906951e-17
2.467670484355376e-17
2.47786489198766e-17
2.503350911068368e-17
2.5186425225167932e-17
2.5339341339652184e-17
2.5441285415975024e-17
2.564517356862069e-17
2.590003375942778e-17
2.6052949873912033e-17
2.6205865988396286e-17
2.6460726179203365e-17
2.666461433184903e-17
2.676655840817187e-17
2.6919474522656122e-17
2.702141859897895e-17
2.7123362675301788e-17
2.7225306751624627e-17
2.7429194904270293e-17
2.7582111018754545e-17
2.7684055095077384e-17
2.778599917140021e-17
2.788794324772304e-17
2.804085936220729e-17
2.814280343853013e-17
2.8346691591175795e-17
2.849960770566005e-17
2.880543993462855e-17
2.8958356049112805e-17
2.911127216359706e-17
2.926418827808131e-17
2.941710439256556e-17
2.9570020507049815e-17
2.972293662153407e-17
2.992682477417973e-17
3.002876885050257e-17
3.01307129268254e-17
3.038557311763249e-17
3.0589461270278156e-17
3.074237738476241e-17
3.0844321461085235e-17
3.0946265537408074e-17
3.1048209613730913e-17
3.115015369005374e-17
3.125209776637658e-17
3.140501388086083e-17
3.150695795718367e-17
3.16089020335065e-17
3.176181814799075e-17
3.1965706300636416e-17
3.216959445328208e-17
3.227153852960492e-17
3.2424454644089173e-17
3.2577370758573426e-17
3.273028687305768e-17
3.283223094938052e-17
3.2934175025703344e-17
3.3189035216510435e-17
3.3341951330994675e-17
3.349486744547893e-17
3.364778355996318e-17
3.390264375077027e-17
3.410653190341594e-17
3.425944801790019e-17
3.446333617054587e-17
3.4565280246868695e-17
3.466722432319152e-17
3.4820140437675774e-17
3.4973056552160027e-17
3.512597266664428e-17
3.522791674296712e-17
3.538083285745137e-17
3.5584721010097036e-17
3.5686665086419875e-17
3.583958120090413e-17
3.614541342987262e-17
3.629832954435687e-17
3.640027362067971e-17
3.650221769700255e-17
3.660416177332538e-17
3.685902196413247e-17
3.701193807861672e-17
3.7164854193100974e-17
3.7266798269423813e-17
3.7419714383908053e-17
3.7572630498392306e-17
3.7674574574715145e-17
3.777651865103797e-17
3.787846272736081e-17
3.798040680368365e-17
3.8082350880006476e-17
3.8184294956329315e-17
3.8286239032652155e-17
3.838818310897498e-17
3.849012718529782e-17
3.859207126162066e-17
3.8694015337943486e-17
3.889790349058915e-17
3.9050819605073404e-17
3.925470775771907e-17
3.950956794852616e-17
3.971345610117183e-17
3.9917344253817506e-17
4.0172204444624585e-17
4.0427064635431664e-17
4.0529008711754503e-17
4.0681924826238756e-17
4.0783868902561595e-17
4.088581297888442e-17
4.1038729093368674e-17
4.114067316969151e-17
4.124261724601435e-17
4.149747743682143e-17
4.17013655894671e-17
4.195622578027419e-17
4.2058169856597015e-17
4.221108597108127e-17
4.246594616188836e-17
4.2669834314534025e-17
4.2771778390856864e-17
4.287372246717969e-17
4.3026638581663943e-17
4.338344284879386e-17
4.363830303960095e-17
4.3791219154085205e-17
4.394413526856946e-17
4.40460793448923e-17
4.4148023421215124e-17
4.4300939535699376e-17
4.44028836120222e-17
4.4504827688345054e-17
4.460677176466788e-17
4.4759687879152133e-17
4.4861631955474985e-17
4.496357603179779e-17
4.5218436222604866e-17
4.532038029892772e-17
4.547329641341197e-17
4.562621252789622e-17
4.58810727187033e-17
4.613593290951038e-17
4.628884902399466e-17
4.639079310031746e-17
4.654370921480174e-17
4.6645653291124564e-17
4.6798569405608816e-17
4.690051348193167e-17
4.700245755825447e-17
4.710440163457732e-17
4.7410233863545826e-17
4.756314997803008e-17
4.7665094054352905e-17
4.781801016883716e-17
4.7919954245159984e-17
4.807287035964426e-17
4.8276758512289915e-17
4.8378702588612766e-17
4.848064666493557e-17
4.858259074125842e-17
4.868453481758127e-17
4.88374509320655e-17
4.8990367046549776e-17
4.919425519919543e-17
4.9296199275518256e-17
4.9500087428163934e-17
4.960203150448676e-17
4.970397558080959e-17
4.9907863733455266e-17
5.006077984793952e-17
5.026466800058517e-17
5.0366612076908023e-17
5.046855615323085e-17
5.0570500229553677e-17
5.0825360420360756e-17
5.0978276534845033e-17
5.113119264932926e-17
5.123313672565211e-17
5.1335080801974964e-17
