3.996914569097332e-19
5.473979018114585e-19
6.458688650792754e-19
8.428107916149338e-19
1.1874591630522929e-18
1.4336365712218597e-18
1.5321075344896766e-18
1.679813979391402e-18
1.7782849426592435e-18
2.0244623508287857e-18
2.1229333140966026e-18
2.2214042773644318e-18
2.3691107222661694e-18
2.5168171671678947e-18
2.66452361206962e-18
2.7629945753374616e-18
2.8614655386052785e-18
3.0091719835070038e-18
3.1076429467748207e-18
3.20611391004265e-18
3.403055836578296e-18
3.59999776311393e-18
3.698468726381759e-18
3.895410652917405e-18
4.092352579453039e-18
4.190823542720868e-18
4.289294505988697e-18
4.4370009508904225e-18
4.633942877426056e-18
4.830884803961715e-18
4.9293557672295316e-18
5.0278267304973485e-18
5.126297693765165e-18
5.323239620300824e-18
5.470946065202549e-18
5.6186525101042744e-18
5.7663589550060244e-18
5.864829918273841e-18
5.963300881541658e-18
6.061771844809475e-18
6.2587137713451335e-18
6.35718473461295e-18
6.504891179514676e-18
6.652597624416413e-18
6.800304069318151e-18
6.898775032585968e-18
7.144952440755522e-18
7.29265888565726e-18
7.440365330558985e-18
7.58807177546071e-18
7.73577822036246e-18
7.883484665264186e-18
8.031191110165911e-18
8.22813303670157e-18
8.375839481603295e-18
8.52354592650502e-18
8.720487853040679e-18
8.966665261210221e-18
9.065136224478038e-18
9.212842669379788e-18
9.360549114281513e-18
9.557491040817147e-18
9.655962004084988e-18
9.754432967352805e-18
9.852903930620622e-18
9.951374893888439e-18
1.0049845857156256e-17
1.0197552302058006e-17
1.0296023265325823e-17
1.0542200673495365e-17
1.0640671636763207e-17
1.0739142600031023e-17
1.0985320008200566e-17
1.1133026453102316e-17
1.1280732898004041e-17
1.1477674824539675e-17
1.1674616751075333e-17
1.1822323195977058e-17
1.1970029640878784e-17
1.2117736085780534e-17
1.221620704904835e-17
1.2314678012316168e-17
1.2413148975583984e-17
1.2610090902119643e-17
1.270856186538746e-17
1.2856268310289185e-17
1.2954739273557002e-17
1.3053210236824831e-17
1.3299387644994386e-17
1.3397858608262203e-17
1.354556505316394e-17
1.3742506979699586e-17
1.3890213424601312e-17
1.398868438786913e-17
1.4185626314404787e-17
1.4333332759306512e-17
1.4628745649109988e-17
1.4776452094011713e-17
1.487492305727953e-17
1.497339402054736e-17
1.5416513355252547e-17
1.5564219800154297e-17
1.576116172668993e-17
1.6105810098127315e-17
1.625351654302904e-17
1.6351987506296857e-17
1.6548929432832515e-17
1.669663587773424e-17
1.6795106841002058e-17
1.6893577804269874e-17
1.6992048767537716e-17
1.713975521243944e-17
1.7287461657341167e-17
1.7385932620608983e-17
1.7582874547144642e-17
1.7730580992046367e-17
1.7878287436948093e-17
1.7976758400215934e-17
1.8272171290019385e-17
1.8370642253287202e-17
1.8518348698188952e-17
1.8666055143090677e-17
1.886299706962631e-17
1.901070351452806e-17
1.9109174477795878e-17
1.9256880922697603e-17
1.935535188596542e-17
1.9552293812501078e-17
1.9650764775768895e-17
1.9749235739036712e-17
1.984770670230453e-17
1.999541314720628e-17
2.0143119592108004e-17
2.029082603700973e-17
2.0487767963545388e-17
2.0635474408447113e-17
2.0783180853348838e-17
2.0881651816616668e-17
2.1127829224786222e-17
2.122630018805404e-17
2.1324771151321856e-17
2.1521713077857514e-17
2.1817125967660965e-17
2.1915596930928807e-17
2.211253885746444e-17
2.2309480784000074e-17
2.2457187228901824e-17
2.260489367380355e-17
2.2801835600339183e-17
2.2949542045240933e-17
2.3097248490142658e-17
2.3343425898312213e-17
2.3638838788115676e-17
2.3737309751383493e-17
2.3885016196285243e-17
2.4081958122820877e-17
2.4180429086088693e-17
2.432813553099043e-17
2.442660649425826e-17
2.4574312939159986e-17
2.4672783902427803e-17
2.482049034732954e-17
2.491896131059737e-17
2.5115903237133003e-17
2.531284516366865e-17
2.5411316126936478e-17
2.5509787090204295e-17
2.565749353510602e-17
2.585443546164168e-17
2.5952906424909496e-17
2.6051377388177313e-17
2.614984835144513e-17
2.6248319314712947e-17
2.6445261241248605e-17
2.664220316778424e-17
2.6839145094319897e-17
2.6937616057587714e-17
2.708532250248944e-17
2.7282264429025085e-17
2.7429970873926823e-17
2.7725383763730274e-17
2.792232569026593e-17
2.807003213516766e-17
2.821773858006938e-17
2.836544502497113e-17
2.846391598823895e-17
2.8611622433140675e-17
2.871009339640849e-17
2.890703532294415e-17
2.900550628621197e-17
2.92024482127476e-17
2.935015465764935e-17
2.944862562091717e-17
2.969480302908671e-17
2.979327399235455e-17
2.9940980437256277e-17
3.0088686882158e-17
3.023639332705974e-17
3.033486429032757e-17
3.0482570735229294e-17
3.067951266176493e-17
3.077798362503277e-17
3.0876454588300587e-17
3.102416103320231e-17
3.117186747810404e-17
3.1418044886273604e-17
3.161498681280924e-17
3.171345777607707e-17
3.1861164220978805e-17
3.195963518424662e-17
3.2156577110782255e-17
3.2353519037317914e-17
3.250122548221964e-17
3.2599696445487456e-17
3.2747402890389206e-17
3.284587385365702e-17
3.294434481692484e-17
3.3141286743460473e-17
3.3288993188362223e-17
3.348593511489786e-17
3.3584406078165674e-17
3.3732112523067424e-17
3.387981896796915e-17
3.4027525412870875e-17
3.417523185777261e-17
3.427370282104044e-17
3.437217378430826e-17
3.4519880229209984e-17
3.466758667411172e-17
3.476605763737955e-17
3.486452860064737e-17
3.4962999563915184e-17
3.511070600881692e-17
3.520917697208475e-17
3.530764793535257e-17
3.5406118898620385e-17
3.565229630678993e-17
3.5750767270057744e-17
3.594770919659343e-17
3.6046180159861244e-17
3.614465112312906e-17
3.6292357568030786e-17
3.6390828531298603e-17
3.648929949456642e-17
3.6587770457834237e-17
3.673547690273596e-17
3.688318334763771e-17
3.6981654310905554e-17
3.708012527417337e-17
3.717859623744119e-17
3.7277067200709004e-17
3.742477364561073e-17
3.767095105378027e-17
3.776942201704809e-17
3.801559942521768e-17
3.8163305870119406e-17
3.836024779665504e-17
3.860642520482458e-17
3.8754131649726307e-17
3.890183809462808e-17
3.9049544539529807e-17
3.9148015502797624e-17
3.929572194769935e-17
3.9443428392601074e-17
3.9689605800770617e-17
3.9985018690574116e-17
4.013272513547584e-17
4.023119609874366e-17
4.0378902543645384e-17
4.04773735069132e-17
4.0625079951814926e-17
4.077278639671665e-17
4.0920492841618426e-17
4.101896380488624e-17
4.111743476815406e-17
4.13636121763236e-17
4.1560554102859236e-17
4.165902506612705e-17
4.18067315110288e-17
4.195443795593055e-17
4.205290891919837e-17
4.2200615364100095e-17
4.234832180900182e-17
4.2496028253903546e-17
4.259449921717136e-17
4.279144114370702e-17
4.288991210697486e-17
4.3086854033510496e-17
4.318532499677831e-17
4.3431502404947855e-17
4.357920884984958e-17
4.36776798131174e-17
4.387462173965308e-17
4.39730927029209e-17
4.4071563666188714e-17
4.4317741074358257e-17
4.4416212037626073e-17
4.451468300089389e-17
4.4662389445795616e-17
4.476086040906346e-17
4.4957802335599116e-17
4.510550878050084e-17
4.520397974376866e-17
4.549939263357211e-17
4.5647099078473834e-17
4.5745570041741675e-17
4.5893276486643425e-17
4.604098293154515e-17
4.6188689376446876e-17
4.63363958213486e-17
4.643486678461642e-17
4.663180871115205e-17
4.6779515156053826e-17
4.692722160095555e-17
4.7173399009125094e-17
4.727186997239291e-17
4.737034093566073e-17
4.751804738056245e-17
4.766575382546418e-17
4.7764224788732045e-17
4.786269575199986e-17
4.8059637678535495e-17
4.815810864180331e-17
4.8404286049972854e-17
4.850275701324067e-17
4.860122797650849e-17
4.884740538467808e-17
4.9044347311213713e-17
4.919205375611544e-17
4.9290524719383256e-17
4.943823116428498e-17
4.95367021275528e-17
4.9635173090820615e-17
4.978287953572239e-17
4.997982146225802e-17
5.007829242552584e-17
5.032446983369538e-17
5.047217627859711e-17
5.061988272349883e-17
5.076758916840061e-17
5.0866060131668424e-17
5.106300205820406e-17
5.1210708503105783e-17
5.13091794663736e-17
