4.1316357070190086e-19
5.159592157694191e-19
7.215505059044555e-19
8.243461509719737e-19
9.27141796039492e-19
1.0299374411070102e-18
1.2355287312420466e-18
1.441120021377083e-18
1.6467113115120948e-18
1.749506956579613e-18
1.9550982467146495e-18
2.109291714315927e-18
2.212087359383445e-18
2.3662808269847224e-18
2.4690764720522406e-18
2.571872117119759e-18
2.726065584721036e-18
2.8802590523223135e-18
2.9830546973898317e-18
3.137248164991109e-18
3.2914416325923864e-18
3.497032922727423e-18
3.702624212862459e-18
3.8568176804637366e-18
3.959613325531255e-18
4.113806793132532e-18
4.2680002607338094e-18
4.4221937283350744e-18
4.5763871959363394e-18
4.730580663537617e-18
4.884774131138894e-18
5.0903654212739305e-18
5.295956711408967e-18
5.5529458240777625e-18
5.655741469145281e-18
5.9641284043478354e-18
6.118321871949113e-18
6.27251533955039e-18
6.735095742354222e-18
6.8892892099554994e-18
7.043482677556777e-18
7.197676145158054e-18
7.351869612759319e-18
7.454665257826825e-18
7.660256547961861e-18
7.76305219302938e-18
7.865847838096898e-18
8.020041305698175e-18
8.225632595833212e-18
8.379826063434489e-18
8.636815176103284e-18
8.739610821170803e-18
8.842406466238321e-18
8.945202111305839e-18
9.047997756373357e-18
9.150793401440876e-18
9.304986869042153e-18
9.45918033664343e-18
9.716169449312226e-18
9.973158561981021e-18
1.007595420704854e-17
1.0230147674649817e-17
1.0487136787318588e-17
1.0692728077453624e-17
1.0795523722521142e-17
1.094971719012242e-17
1.1103910657723697e-17
1.1206706302791215e-17
1.1360899770392493e-17
1.151509323799377e-17
1.1669286705595047e-17
1.1823480173196325e-17
1.1977673640797602e-17
1.213186710839888e-17
1.2337458398533916e-17
1.2440254043601434e-17
1.2594447511202711e-17
1.2748640978803989e-17
1.3005630091472784e-17
1.3108425736540302e-17
1.3211221381607808e-17
1.3365414849209073e-17
1.3468210494276591e-17
1.3827995252012905e-17
1.3930790897080423e-17
1.413638218721546e-17
1.4444769122418015e-17
1.4598962590019292e-17
1.4804553880154328e-17
1.5164338637890642e-17
1.536992992802568e-17
1.5524123395626956e-17
1.5678316863228233e-17
1.578111250829575e-17
1.588390815336327e-17
1.5986703798430788e-17
1.6295090733633318e-17
1.6449284201234595e-17
1.6654875491369632e-17
1.680906895897091e-17
1.7220251539240982e-17
1.73230471843085e-17
1.7425842829376018e-17
1.7528638474443536e-17
1.7631434119511055e-17
1.7785627587112332e-17
1.793982105471361e-17
1.8094014522314887e-17
1.8248207989916164e-17
1.840240145751744e-17
1.855659492511872e-17
1.8710788392719996e-17
1.8864981860321273e-17
1.9070573150456297e-17
1.9224766618057562e-17
1.937896008565884e-17
1.9635949198327635e-17
1.9790142665928913e-17
1.989293831099643e-17
1.999573395606395e-17
2.0098529601131467e-17
2.0201325246198986e-17
2.0406916536334022e-17
2.05611100039353e-17
2.0766701294070336e-17
2.0972292584205372e-17
2.117788387434041e-17
2.1486270809542963e-17
2.1691862099678e-17
2.1794657744745518e-17
2.1897453389813036e-17
2.2154442502481807e-17
2.2257238147549325e-17
2.2360033792616844e-17
2.2462829437684362e-17
2.261702290528564e-17
2.2771216372886916e-17
2.2976807663021953e-17
2.313100113062323e-17
2.328519459822452e-17
2.3387990243292038e-17
2.3490785888359532e-17
2.364497935596081e-17
2.3850570646095845e-17
2.3953366291163364e-17
2.4056161936230882e-17
2.4313151048899677e-17
2.4467344516500955e-17
2.4570140161568473e-17
2.477573145170351e-17
2.4929924919304787e-17
2.5032720564372305e-17
2.52897096770411e-17
2.5495300967176137e-17
2.5598096612243655e-17
2.580368790237869e-17
2.595788136997997e-17
2.6112074837581246e-17
2.6266268305182524e-17
2.6420461772783776e-17
2.6626053062918813e-17
2.678024653052009e-17
2.6985837820655126e-17
2.7088633465722645e-17
2.7448418223458958e-17
2.7602611691060236e-17
2.775680515866151e-17
2.791099862626279e-17
2.806519209386407e-17
2.8167987738931586e-17
2.8270783383999104e-17
2.842497685160038e-17
2.863056814173542e-17
2.8784761609336695e-17
2.8887557254404213e-17
2.909314854453925e-17
2.919594418960677e-17
2.935013765720802e-17
2.945293330227554e-17
2.9607126769876816e-17
2.9761320237478094e-17
2.986411588254561e-17
3.0172502817748167e-17
3.0326696285349444e-17
3.048088975295072e-17
3.0737878865619517e-17
3.0892072333220794e-17
3.099486797828831e-17
3.114906144588959e-17
3.130325491349087e-17
3.1406050558558385e-17
3.161164184869342e-17
3.181723313882846e-17
3.1920028783895976e-17
3.212562007403101e-17
3.2279813541632265e-17
3.2382609186699784e-17
3.253680265430106e-17
3.263959829936858e-17
3.2947985234571134e-17
3.305078087963865e-17
3.325637216977369e-17
3.3359167814841207e-17
3.3461963459908725e-17
3.3564759104976243e-17
3.366755475004376e-17
3.377035039511128e-17
3.38731460401788e-17
3.4078737330313834e-17
3.433572644298263e-17
3.4592715555651425e-17
3.47469090232527e-17
3.50038981359215e-17
3.5106693780989016e-17
3.526088724859027e-17
3.536368289365779e-17
3.5466478538725306e-17
3.57234676513941e-17
3.582626329646162e-17
3.5980456764062897e-17
3.6134650231664174e-17
3.623744587673169e-17
3.649443498940049e-17
3.6700026279535524e-17
3.680282192460304e-17
3.695701539220432e-17
3.7214004504873115e-17
3.7316800149940634e-17
3.741959579500815e-17
3.762518708514319e-17
3.7727982730210706e-17
3.7882176197811984e-17
3.803636966541326e-17
3.824196095554827e-17
3.839615442314955e-17
3.849895006821707e-17
3.8601745713284587e-17
3.8755939180885864e-17
3.901292829355466e-17
3.9167121761155937e-17
3.9321315228757214e-17
3.952690651889225e-17
3.968109998649353e-17
3.9886691276628564e-17
4.004088474422984e-17
4.014368038929736e-17
4.024647603436488e-17
4.0349271679432396e-17
4.055486296956743e-17
4.070905643716871e-17
4.081185208223623e-17
4.0914647727303747e-17
4.1068841194905e-17
4.117163683997252e-17
4.1274432485040036e-17
4.1377228130107554e-17
4.153142159770883e-17
4.1839808532911386e-17
4.1942604177978904e-17
4.214819546811394e-17
4.2405184580782736e-17
4.266217369345153e-17
4.276496933851905e-17
4.291916280612033e-17
4.3021958451187845e-17
4.3124754096255364e-17
4.33303453863904e-17
4.343314103145792e-17
4.3690130144126714e-17
4.379292578919423e-17
4.415271054693052e-17
4.425550619199804e-17
4.4461097482133076e-17
4.4563893127200594e-17
4.471808659480187e-17
4.482088223986939e-17
4.4975075707470667e-17
4.5129269175071944e-17
4.523206482013946e-17
4.538625828774074e-17
4.548905393280826e-17
4.5694645222943294e-17
4.584883869054457e-17
4.595163433561209e-17
4.605442998067961e-17
4.6157225625747126e-17
4.646561256094968e-17
4.65684082060172e-17
4.6773999496152236e-17
4.687679514121973e-17
4.697959078628725e-17
4.7133784253888525e-17
4.72879777214898e-17
4.744217118909108e-17
4.7596364656692357e-17
4.7750558124293634e-17
4.785335376936115e-17
4.8213138527097466e-17
4.8367331994698743e-17
4.857292328483378e-17
4.8778514574968816e-17
4.8881310220036335e-17
4.908690151017137e-17
4.918969715523889e-17
4.929249280030641e-17
4.9395288445373926e-17
4.965227755804272e-17
4.9806471025643974e-17
4.990926667071149e-17
5.001206231577901e-17
5.0269051428447806e-17
5.0371847073515324e-17
5.057743836365036e-17
5.068023400871788e-17
5.0988620943920433e-17
5.109141658898795e-17
5.129700787912299e-17
