5.74109483731474e-19
7.19654276972486e-19
8.651990702135104e-19
1.0107438634545348e-18
1.1077737256152013e-18
1.301833449936559e-18
1.3988633120972378e-18
1.5444081053382622e-18
1.786982760739953e-18
1.932527553980965e-18
2.175102209382656e-18
2.4176768647843593e-18
2.514706726945038e-18
2.7087664512663834e-18
2.8057963134270746e-18
2.9513411066680867e-18
3.0968858999090987e-18
3.19391576206979e-18
3.339460555310802e-18
3.4364904174714685e-18
3.5335202796321596e-18
3.727580003953517e-18
3.824609866114184e-18
3.970154659355208e-18
4.067184521515887e-18
4.212729314756899e-18
4.309759176917578e-18
4.5038189012389355e-18
4.697878625560281e-18
4.8919383498816385e-18
5.037483143122663e-18
5.183027936363687e-18
5.328572729604699e-18
5.57114738500639e-18
5.668177247167069e-18
5.765207109327748e-18
5.862236971488427e-18
6.007781764729439e-18
6.153326557970451e-18
6.250356420131142e-18
6.3473862822918085e-18
6.541446006613166e-18
6.638475868773845e-18
6.7840206620148694e-18
6.9295654552558815e-18
7.075110248496894e-18
7.172140110657585e-18
7.414714766059263e-18
7.705804352541312e-18
7.802834214701979e-18
8.093923801184015e-18
8.287983525505373e-18
8.433528318746397e-18
8.724617905228421e-18
9.064222422790791e-18
9.258282147112149e-18
9.646401595754864e-18
9.791946388995876e-18
9.986006113317234e-18
1.0325610630879603e-17
1.0471155424120628e-17
1.0616700217361652e-17
1.0713730079522319e-17
1.0956304734924022e-17
1.1101849528165034e-17
1.1247394321406046e-17
1.1441454045727404e-17
1.1538483907888082e-17
1.1635513770048761e-17
1.1829573494370119e-17
1.1926603356530798e-17
1.207214814977181e-17
1.2266207874093167e-17
1.2363237736253846e-17
1.2460267598414525e-17
1.2751357184896562e-17
1.2896901978137574e-17
1.3042446771378586e-17
1.3139476633539277e-17
1.3285021426780289e-17
1.3430566220021301e-17
1.3624625944342659e-17
1.377017073758367e-17
1.3867200599744362e-17
1.4061260324065707e-17
1.4206805117306732e-17
1.4352349910547744e-17
1.4497894703788756e-17
1.4594924565949447e-17
1.4788984290270792e-17
1.508007387675283e-17
1.522561866999384e-17
1.5322648532154532e-17
1.5419678394315198e-17
1.5516708256475877e-17
1.5662253049716902e-17
1.5807797842957914e-17
1.600185756727927e-17
1.6098887429439938e-17
1.6292947153761296e-17
1.6487006878082653e-17
1.6632551671323678e-17
1.6729581533484356e-17
1.6826611395645023e-17
1.6972156188886047e-17
1.7214730844287738e-17
1.731176070644843e-17
1.7408790568609096e-17
1.7505820430769775e-17
1.7602850292930454e-17
1.7845424948332157e-17
1.8087999603733848e-17
1.833057425913554e-17
1.8573148914537242e-17
1.8670178776697908e-17
1.8864238501019266e-17
1.910681315642097e-17
1.925235794966198e-17
1.944641767398334e-17
1.9543447536144005e-17
1.9640477398304696e-17
1.978602219154571e-17
1.9883052053706387e-17
2.0028596846947412e-17
2.0174141640188424e-17
2.0416716295590115e-17
2.056226108883114e-17
2.0659290950991806e-17
2.0804835744232818e-17
2.0950380537473842e-17
2.1095925330714867e-17
2.1289985055036224e-17
2.1581074641518248e-17
2.182364929691995e-17
2.1920679159080618e-17
2.201770902124131e-17
2.216325381448232e-17
2.2260283676642988e-17
2.2405828469884012e-17
2.259988819420537e-17
2.293949271176774e-17
2.3085037505008764e-17
2.318206736716943e-17
2.3327612160410455e-17
2.3570186815812146e-17
2.381276147121385e-17
2.4006821195535207e-17
2.4200880919856552e-17
2.4346425713097576e-17
2.4443455575258243e-17
2.46375152995796e-17
2.4880089954981304e-17
2.5025634748222316e-17
2.5171179541463328e-17
2.5316724334704352e-17
2.5462269127945364e-17
2.5656328852266722e-17
2.5801873645507746e-17
2.5995933369829104e-17
2.609296323198977e-17
2.6238508025230783e-17
2.643256774955214e-17
2.6578112542793165e-17
2.6675142404953843e-17
2.6917717060355534e-17
2.7014746922516213e-17
2.720880664683757e-17
2.7402866371158928e-17
2.764544102656062e-17
2.783950075088198e-17
2.808207540628367e-17
2.832465006168537e-17
2.8470194854926383e-17
2.866425457924774e-17
2.88583143035691e-17
2.8955344165729765e-17
2.9052374027890456e-17
2.914940389005112e-17
2.9246433752211814e-17
2.9489008407613505e-17
2.9634553200854517e-17
2.978009799409554e-17
2.9925642787336553e-17
3.011970251165791e-17
3.026524730489892e-17
3.0410792098139935e-17
3.0507821960300626e-17
3.065336675354164e-17
3.089594140894333e-17
3.099297127110401e-17
3.113851606434502e-17
3.123554592650571e-17
3.133257578866638e-17
3.167218030622875e-17
3.176921016838944e-17
3.206029975487146e-17
3.2302874410273166e-17
3.244841920351418e-17
3.2545449065674857e-17
3.2642478927835536e-17
3.2836538652156893e-17
3.303059837647825e-17
3.337020289404061e-17
3.351574768728162e-17
3.366129248052266e-17
3.3758322342683324e-17
3.3903867135924336e-17
3.404941192916537e-17
3.414644179132604e-17
3.429198658456705e-17
3.448604630888841e-17
3.4680106033209766e-17
3.477713589537046e-17
3.5019710550772136e-17
3.511674041293283e-17
3.526228520617384e-17
3.5359315068334506e-17
3.5456344930495197e-17
3.560188972373621e-17
3.574743451697722e-17
3.5892979310218233e-17
3.6135553965619936e-17
3.623258382778063e-17
3.6329613689941294e-17
3.6572188345343e-17
3.6669218207503664e-17
3.6766248069664355e-17
3.7008822725066033e-17
3.715436751830707e-17
3.729991231154808e-17
3.739694217370875e-17
3.7542486966949785e-17
3.773654669127112e-17
3.783357655343181e-17
3.797912134667282e-17
3.817318107099418e-17
3.841575572639586e-17
3.8561300519636895e-17
3.865833038179756e-17
3.8803875175038573e-17
3.899793489935993e-17
3.914347969260097e-17
3.9240509554761634e-17
3.948308421016334e-17
3.962862900340435e-17
3.977417379664536e-17
3.9919718589886373e-17
4.006526338312741e-17
4.0162293245288077e-17
4.0356352969609434e-17
4.059892762501114e-17
4.079298734933247e-17
4.1035562004734174e-17
4.1181106797975186e-17
4.142368145337689e-17
4.152071131553758e-17
4.1714771039858913e-17
4.1860315833099925e-17
4.200586062634096e-17
4.2151405419581974e-17
4.224843528174264e-17
4.2442495006064e-17
4.253952486822469e-17
4.26850696614657e-17
4.278209952362637e-17
4.287912938578706e-17
4.2976159247947726e-17
4.3170218972269083e-17
4.3315763765510095e-17
4.350982348983148e-17
4.365536828307249e-17
4.384942800739382e-17
4.4043487731715205e-17
4.418903252495622e-17
4.4286062387116884e-17
4.438309224927755e-17
4.448012211143824e-17
4.457715197359893e-17
4.46741818357596e-17
4.4771211697920265e-17
4.491675649116128e-17
4.5062301284402314e-17
4.525636100872367e-17
4.535339087088434e-17
4.5498935664125375e-17
4.559596552628604e-17
4.57900252506074e-17
4.5984084974928757e-17
4.6178144699250114e-17
4.637220442357145e-17
4.646923428573214e-17
4.661477907897315e-17
4.671180894113384e-17
4.680883880329451e-17
4.69058686654552e-17
4.705141345869621e-17
4.7196958251937224e-17
4.7342503045178236e-17
4.748804783841927e-17
4.7633592631660285e-17
4.7779137424901297e-17
4.7973197149222654e-17
4.826428673570468e-17
4.8361316597865345e-17
4.8458346460026036e-17
4.8652406184347394e-17
4.884646590866875e-17
4.8992010701909763e-17
4.9089040564070455e-17
4.918607042623112e-17
4.9331615219472133e-17
4.9428645081632824e-17
4.9574189874873836e-17
4.96712197370345e-17
4.9816764530275515e-17
4.9913794392436206e-17
5.015636904783791e-17
5.030191384107892e-17
5.049597356540028e-17
5.0593003427560946e-17
5.0884093014042994e-17
5.1029637807284006e-17
5.117518260052502e-17
5.1272212462685685e-17
