3.7455590852581664e-19
6.023224123768567e-19
7.845356154576863e-19
9.667488185385159e-19
1.0578554200789368e-18
1.194515322389556e-18
1.2856219239299769e-18
1.3767285254703855e-18
1.6956016308618465e-18
1.7867082324022675e-18
1.968921435483097e-18
2.0600280370235057e-18
2.1511346385639266e-18
2.333347841644756e-18
2.424454443185165e-18
2.5155610447255858e-18
2.652220947036205e-18
2.879987450887245e-18
3.0166473531978764e-18
3.1533072555084955e-18
3.335520458589325e-18
3.426627060129746e-18
3.517733661670167e-18
3.6999468647509965e-18
3.791053466291405e-18
3.9277133686020366e-18
4.018819970142445e-18
4.155479872453064e-18
4.246586473993485e-18
4.337693075533906e-18
4.519906278614736e-18
4.6110128801551444e-18
4.702119481695565e-18
4.8387793840061845e-18
5.0665458878572245e-18
5.2487590909380664e-18
5.3854189932486855e-18
5.4765255947891065e-18
5.567632196329515e-18
5.749845399410345e-18
5.886505301720964e-18
5.977611903261385e-18
6.159825106342214e-18
6.250931707882635e-18
6.3875916101932544e-18
6.569804813274084e-18
6.7064647155847154e-18
6.888677918665545e-18
7.025337820976164e-18
7.207551024057006e-18
7.298657625597415e-18
7.435317527908046e-18
7.617530730988863e-18
7.708637332529284e-18
7.799743934069705e-18
7.936403836380324e-18
8.209723641001575e-18
8.346383543312194e-18
8.619703347933444e-18
8.756363250244064e-18
8.893023152554695e-18
8.984129754095104e-18
9.120789656405735e-18
9.211896257946144e-18
9.303002859486565e-18
9.394109461026973e-18
9.530769363337605e-18
9.804089167958843e-18
1.0031855671809883e-17
1.0214068874890725e-17
1.0305175476431133e-17
1.0487388679511963e-17
1.0578495281052384e-17
1.0715155183363003e-17
1.0851815085673635e-17
1.0988474987984254e-17
1.1125134890294873e-17
1.1307348093375702e-17
1.1444007995686334e-17
1.1580667897996953e-17
1.1808434401847993e-17
1.2036200905699033e-17
1.2172860808009664e-17
1.2263967409550073e-17
1.2446180612630903e-17
1.2582840514941534e-17
1.2719500417252153e-17
1.2901713620332983e-17
1.3129480124184023e-17
1.3266140026494642e-17
1.3357246628035063e-17
1.3448353229575484e-17
1.3676119733426524e-17
1.3858332936507353e-17
1.4040546139588183e-17
1.4222759342669013e-17
1.4404972545749842e-17
1.4496079147290263e-17
1.4587185748830672e-17
1.4723845651141303e-17
1.4951612154992343e-17
1.5042718756532752e-17
1.522493195961358e-17
1.5361591861924213e-17
1.545269846346462e-17
1.5543805065005042e-17
1.5634911666545463e-17
1.5771571568856082e-17
1.5862678170396503e-17
1.5953784771936912e-17
1.6227104576558163e-17
1.6363764478868782e-17
1.65004243811794e-17
1.6637084283490032e-17
1.677374418580065e-17
1.700151068965169e-17
1.722927719350273e-17
1.7365937095813363e-17
1.745704369735377e-17
1.7548150298894192e-17
1.76392569004346e-17
1.7821470103515443e-17
1.7912576705055852e-17
1.804923660736647e-17
1.8140343208906892e-17
1.82314498104473e-17
1.8368109712757932e-17
1.845921631429834e-17
1.8641429517379182e-17
1.87780894196898e-17
1.8869196021230222e-17
1.896030262277063e-17
1.9096962525081262e-17
1.923362242739188e-17
1.9324729028932302e-17
1.941583563047271e-17
1.959804883355354e-17
1.9689155435093962e-17
1.982581533740458e-17
1.99624752397152e-17
2.005358184125562e-17
2.023579504433645e-17
2.0372454946647082e-17
2.046356154818749e-17
2.055466814972791e-17
2.064577475126832e-17
2.073688135280874e-17
2.0827987954349162e-17
2.091909455588957e-17
2.101020115742999e-17
2.11013077589704e-17
2.119241436051082e-17
2.1283520962051242e-17
2.142018086436186e-17
2.155684076667248e-17
2.173905396975331e-17
2.192126717283414e-17
2.201237377437456e-17
2.210348037591498e-17
2.228569357899581e-17
2.237680018053622e-17
2.246790678207664e-17
2.260456668438726e-17
2.287788648900851e-17
2.310565299285955e-17
2.319675959439996e-17
2.333341949671059e-17
2.3424526098251e-17
2.356118600056163e-17
2.365229260210204e-17
2.383450580518288e-17
2.392561240672329e-17
2.406227230903392e-17
2.415337891057433e-17
2.424448551211475e-17
2.447225201596579e-17
2.465446521904662e-17
2.479112512135724e-17
2.497333832443807e-17
2.506444492597849e-17
2.5155551527518898e-17
2.529221142982953e-17
2.542887133214015e-17
2.551997793368057e-17
2.5611084535220978e-17
2.57021911367614e-17
2.579329773830182e-17
2.588440433984223e-17
2.620327744523369e-17
2.62943840467741e-17
2.638549064831452e-17
2.656770385139535e-17
2.68410236560166e-17
2.702323685909743e-17
2.7114343460637838e-17
2.729655666371868e-17
2.7387663265259088e-17
2.747876986679951e-17
2.7615429769110128e-17
2.775208967142076e-17
2.788874957373138e-17
2.8025409476042e-17
2.811651607758242e-17
2.829872928066325e-17
2.843538918297387e-17
2.852649578451429e-17
2.86176023860547e-17
2.870870898759512e-17
2.884536888990574e-17
2.898202879221637e-17
2.91642419952972e-17
2.934645519837803e-17
2.948311510068866e-17
2.966532830376949e-17
2.980198820608011e-17
2.989309480762053e-17
3.002975470993115e-17
3.0120861311471557e-17
3.03030745145524e-17
3.039418111609281e-17
3.048528771763323e-17
3.062194761994385e-17
3.071305422148427e-17
3.084971412379489e-17
3.094082072533531e-17
3.107748062764593e-17
3.125969383072676e-17
3.139635373303739e-17
3.14874603345778e-17
3.162412023688843e-17
3.189744004150968e-17
3.198854664305009e-17
3.2125206545360707e-17
3.221631314690113e-17
3.2307419748441536e-17
3.248963295152238e-17
3.2580739553062787e-17
3.271739945537342e-17
3.289961265845425e-17
3.2990719259994656e-17
3.3218485763845697e-17
3.330959236538612e-17
3.3446252267696737e-17
3.353735886923716e-17
3.362846547077758e-17
3.37651253730882e-17
3.3856231974628606e-17
3.394733857616903e-17
3.417510508002007e-17
3.4266211681560476e-17
3.440287158387111e-17
3.463063808772215e-17
3.4721744689262556e-17
3.485840459157319e-17
3.4949511193113596e-17
3.508617109542423e-17
3.5177277696964624e-17
3.526838429850507e-17
3.540504420081569e-17
3.5632810704666704e-17
3.576947060697735e-17
3.586057720851777e-17
3.599723711082839e-17
3.6133897013139007e-17
3.622500361467943e-17
3.6407216817760245e-17
3.6498323419300666e-17
3.6589430020841087e-17
3.6680536622381483e-17
3.681719652469213e-17
3.6953856427002746e-17
3.704496302854317e-17
3.7136069630083563e-17
3.7318282833164405e-17
3.7409389434704826e-17
3.750049603624525e-17
3.768270923932609e-17
3.7773815840866485e-17
3.7910475743177104e-17
3.8001582344717525e-17
3.8092688946257946e-17
3.8229348848568565e-17
3.8366008750879185e-17
3.8593775254730225e-17
3.8775988457811066e-17
3.8912648360121686e-17
3.9049308262432305e-17
3.9231521465513147e-17
3.932262806705357e-17
3.9413734668593964e-17
3.9504841270134385e-17
3.964150117244503e-17
3.9869267676296044e-17
3.9960374277836465e-17
4.0097034180147084e-17
4.0188140781687505e-17
4.0324800683998124e-17
4.0461460586308743e-17
4.0780333691700204e-17
4.105365349632144e-17
4.114476009786189e-17
4.1372526601712903e-17
4.1463633203253324e-17
4.1600293105563943e-17
4.1782506308644785e-17
4.19647195117256e-17
4.2055826113266024e-17
4.2146932714806445e-17
4.242025251942768e-17
4.25569124217383e-17
4.2693572324048946e-17
4.2830232226359565e-17
4.2921338827899986e-17
4.301244542944038e-17
4.3240211933291447e-17
4.333131853483184e-17
4.346797843714246e-17
4.3695744940993527e-17
4.3877958144074344e-17
4.3969064745614765e-17
4.4105724647925384e-17
4.4333491151776424e-17
4.4424597753316845e-17
4.4561257655627464e-17
4.4743470858708306e-17
4.4925684061789123e-17
4.510789726486994e-17
4.529011046795078e-17
4.5472323671031624e-17
4.5654536874112466e-17
4.5791196776423085e-17
4.59734099795039e-17
4.6155623182584745e-17
4.633783638566556e-17
4.642894298720598e-17
4.6565602889516627e-17
4.665670949105702e-17
4.679336939336764e-17
4.693002929567826e-17
4.706668919798888e-17
4.7203349100299524e-17
4.734000900261014e-17
4.747666890492076e-17
4.756777550646118e-17
4.7749988709542025e-17
4.7886648611852644e-17
4.8068861814933486e-17
4.815996841647388e-17
4.8251075018014303e-17
4.8342181619554724e-17
4.8478841521865343e-17
4.861550142417596e-17
4.8843267928027e-17
4.897992783033762e-17
4.907103443187804e-17
4.9253247634958884e-17
4.9389907537269503e-17
4.94810141388099e-17
4.9617674041120544e-17
4.9708780642660964e-17
4.9845440544971584e-17
5.0027653748052426e-17
5.020986695113324e-17
5.034652685344386e-17
5.043763345498428e-17
5.052874005652468e-17
5.071095325960552e-17
5.093871976345656e-17
5.11664862673076e-17
5.130314616961822e-17
