3.7276224937602064e-19
5.328122727516481e-19
6.395122883353668e-19
7.995623117109696e-19
1.0129623428784564e-18
1.1196623584622244e-18
1.3330623896297112e-18
1.43976240521343e-18
1.5998124285890574e-18
1.8132124597565442e-18
1.9732624831321716e-18
2.1333125065077744e-18
2.293362529883377e-18
2.4534125532590046e-18
2.613462576634632e-18
2.880212615593978e-18
2.9869126311777216e-18
3.1469626545533244e-18
3.2536626701370924e-18
3.413712693512695e-18
3.573762716888298e-18
3.680462732472041e-18
3.787162748055785e-18
3.9472127714313875e-18
4.0539127870151556e-18
4.160612802598874e-18
4.374012833766361e-18
4.480712849350129e-18
4.640762872725732e-18
4.747462888309475e-18
4.960862919476962e-18
5.0675629350607055e-18
5.227612958436308e-18
5.441012989603795e-18
5.654413020771282e-18
5.814463044146909e-18
5.921163059730653e-18
6.1345630908981395e-18
6.347963122065626e-18
6.454663137649345e-18
6.6147131610249725e-18
6.7747631844006e-18
6.881463199984319e-18
6.988163215568087e-18
7.201563246735573e-18
7.308263262319292e-18
7.41496327790306e-18
7.521663293486779e-18
7.841763340238034e-18
8.375263418156726e-18
8.642013457116097e-18
8.74871347269984e-18
8.855413488283584e-18
8.962113503867327e-18
9.06881351945107e-18
9.282213550618557e-18
9.388913566202276e-18
9.548963589577904e-18
9.709013612953531e-18
9.869063636329134e-18
1.0295863698664107e-17
1.0669313753207197e-17
1.1202813831125939e-17
1.1416213862293425e-17
1.1629613893460912e-17
1.1843013924628399e-17
1.2216463979171489e-17
1.2376514002547091e-17
1.2536564025922694e-17
1.2696614049298322e-17
1.2856664072673949e-17
1.3016714096049552e-17
1.3123414111633295e-17
1.3283464135008923e-17
1.3390164150592641e-17
1.349686416617641e-17
1.3603564181760128e-17
1.3763614205135756e-17
1.3870314220719499e-17
1.4083714251886986e-17
1.424376427526259e-17
1.4403814298638216e-17
1.4617214329805703e-17
1.4723914345389446e-17
1.4937314376556933e-17
1.5044014392140652e-17
1.515071440772442e-17
1.5310764431100022e-17
1.5417464446683766e-17
1.579091450122688e-17
1.5950964524602483e-17
1.6111014547978086e-17
1.6217714563561854e-17
1.6377764586937456e-17
1.64844646025212e-17
1.6591164618104943e-17
1.6751214641480546e-17
1.6911264664856173e-17
1.712466469602366e-17
1.7284714719399288e-17
1.7391414734983006e-17
1.7498114750566774e-17
1.7711514781734237e-17
1.781821479731798e-17
1.8031614828485467e-17
1.8298364867444838e-17
1.8511764898612324e-17
1.8671814921987927e-17
1.883186494536353e-17
1.8938564960947298e-17
1.9045264976531017e-17
1.9205314999906644e-17
1.9525415046657874e-17
1.9632115062241618e-17
1.973881507782536e-17
1.9845515093409105e-17
2.005891512457659e-17
2.0325665163535938e-17
2.043236517911968e-17
2.0539065194703424e-17
2.075246522587091e-17
2.0859165241454655e-17
2.1019215264830282e-17
2.123261529599777e-17
2.1446015327165256e-17
2.1606065350540858e-17
2.176611537391646e-17
2.187281538950023e-17
2.2086215420667716e-17
2.2192915436251435e-17
2.2299615451835203e-17
2.2459665475210806e-17
2.256636549079455e-17
2.2779765521962036e-17
2.3046515560921382e-17
2.3153215576505125e-17
2.325991559208887e-17
2.3473315623256355e-17
2.35800156388401e-17
2.3740065662215726e-17
2.3846765677799445e-17
2.4006815701175072e-17
2.422021573234256e-17
2.4326915747926303e-17
2.454031577909379e-17
2.4647015794677533e-17
2.486041582584502e-17
2.5020465849220647e-17
2.5233865880388134e-17
2.5340565895971853e-17
2.550061591934748e-17
2.582071596609871e-17
2.5927415981682454e-17
2.6087466005058056e-17
2.61941660206418e-17
2.6300866036225543e-17
2.6407566051809287e-17
2.656761607518489e-17
2.6781016106352376e-17
2.6941066129728004e-17
2.715446616089549e-17
2.7261166176479234e-17
2.7421216199854837e-17
2.774131624660609e-17
2.784801626218981e-17
2.800806628556544e-17
2.8168116308941065e-17
2.8274816324524784e-17
2.843486634790041e-17
2.859491637127604e-17
2.870161638685976e-17
2.886166641023536e-17
2.896836642581913e-17
2.9075066441402847e-17
2.9288466472570334e-17
2.944851649594596e-17
2.960856651932159e-17
2.971526653490531e-17
2.9928666566072794e-17
3.003536658165656e-17
3.0195416605032165e-17
3.040881663619965e-17
3.0515516651783395e-17
3.067556667515902e-17
3.088896670632651e-17
3.104901672970211e-17
3.131576676866148e-17
3.1475816792037086e-17
3.168921682320457e-17
3.190261685437206e-17
3.2116016885539546e-17
3.232941691670703e-17
3.243611693229075e-17
3.2756216979042006e-17
3.291626700241761e-17
3.302296701800135e-17
3.318301704137698e-17
3.334306706475258e-17
3.3449767080336326e-17
3.366316711150381e-17
3.382321713487944e-17
3.4089967173838787e-17
3.435671721279813e-17
3.457011724396562e-17
3.473016726734122e-17
3.489021729071685e-17
3.5156967329676196e-17
3.5317017353051823e-17
3.547706737642745e-17
3.569046740759494e-17
3.5903867438762424e-17
3.606391746213803e-17
3.617061747772177e-17
3.6277317493305514e-17
3.638401750888926e-17
3.6544067532264885e-17
3.670411755564049e-17
3.686416757901609e-17
3.697086759459986e-17
3.707756761018358e-17
3.723761763355918e-17
3.739766765693481e-17
3.7557717680310435e-17
3.777111771147792e-17
3.7931167734853524e-17
3.8197917773812895e-17
3.83579677971885e-17
3.846466781277224e-17
3.862471783614787e-17
3.873141785173159e-17
3.8891467875107215e-17
3.899816789069096e-17
3.931826793744219e-17
3.942496795302593e-17
3.9531667968609675e-17
3.96917179919853e-17
3.990511802315279e-17
4.011851805432025e-17
4.027856807769588e-17
4.043861810107148e-17
4.0545318116655225e-17
4.0865418163406455e-17
4.102546818678206e-17
4.1238868217949545e-17
4.139891824132517e-17
4.15589682647008e-17
4.17190182880764e-17
4.1879068311452005e-17
4.1985768327035773e-17
4.209246834261949e-17
4.225251836599512e-17
4.235921838157886e-17
4.257261841274635e-17
4.2839368451705696e-17
4.2999418475081323e-17
4.321281850624881e-17
4.3532918553000016e-17
4.3639618568583784e-17
4.37463185841675e-17
4.385301859975127e-17
4.4013068623126873e-17
4.4119768638710617e-17
4.422646865429436e-17
4.443986868546185e-17
4.459991870883745e-17
4.4813318740004937e-17
4.4920018755588705e-17
4.5026718771172423e-17
4.524011880233991e-17
4.540016882571554e-17
4.550686884129928e-17
4.572026887246677e-17
4.5933668903634255e-17
4.6040368919217973e-17
4.614706893480174e-17
4.6307118958177344e-17
4.641381897376109e-17
4.6573868997136715e-17
4.684061903609606e-17
4.716071908284729e-17
4.7320769106222894e-17
4.7587519145182265e-17
4.774756916855787e-17
4.7960969199725354e-17
4.8227719238684725e-17
4.833441925426847e-17
4.844111926985221e-17
4.854781928543593e-17
4.8867919332187186e-17
4.902796935556279e-17
4.913466937114653e-17
4.945476941789776e-17
4.966816944906525e-17
4.977486946464899e-17
4.993491948802462e-17
5.0148319519192106e-17
5.030836954256771e-17
5.041506955815145e-17
5.062846958931894e-17
5.073516960490268e-17
5.0841869620486426e-17
5.094856963607017e-17
5.110861965944577e-17
