4.681259395700109e-19
6.127082965848319e-19
8.5367889160955e-19
9.982612486243956e-19
1.1428436056392166e-18
1.3356200816589985e-18
1.4320083196688833e-18
1.5283965576787804e-18
1.6247847956886652e-18
1.817561271708447e-18
1.913949509718332e-18
2.0103377477282166e-18
2.1549201047430623e-18
2.2995024617578833e-18
2.3958906997677804e-18
2.5404730567826014e-18
2.685055413797447e-18
2.926026008822165e-18
3.0706083658369985e-18
3.359773079866665e-18
3.552549555886447e-18
3.697131912901268e-18
3.793520150911165e-18
3.9381025079259985e-18
4.13087898394578e-18
4.227267221955665e-18
4.420043697975447e-18
4.661014293000165e-18
4.8055966500149985e-18
4.99837312603478e-18
5.094761364044665e-18
5.287537840064447e-18
5.383926078074332e-18
5.4803143160842166e-18
5.624896673099062e-18
5.769479030113883e-18
5.86586726812378e-18
5.962255506133665e-18
6.05864374414355e-18
6.2032261011583955e-18
6.299614339168268e-18
6.396002577178165e-18
6.636973172202883e-18
6.73336141021278e-18
6.829749648222665e-18
6.974332005237498e-18
7.263496719267165e-18
7.408079076281998e-18
7.60085555230178e-18
7.697243790311653e-18
7.890020266331447e-18
7.98640850434132e-18
8.082796742351217e-18
8.179184980361114e-18
8.275573218370986e-18
8.420155575385832e-18
8.516543813395716e-18
8.757514408420447e-18
8.950290884440216e-18
9.239455598469883e-18
9.384037955484716e-18
9.625008550509447e-18
9.72139678851932e-18
1.0010561502548986e-17
1.0106949740558883e-17
1.0251532097573716e-17
1.039611445458855e-17
1.058889093060832e-17
1.0685279168618216e-17
1.082986152563305e-17
1.1022638001652832e-17
1.1215414477672601e-17
1.145638507269732e-17
1.1552773310707216e-17
1.1745549786726986e-17
1.1890132143741832e-17
1.213110273876655e-17
1.232387921478632e-17
1.2420267452796216e-17
1.2516655690806114e-17
1.2661238047820935e-17
1.2757626285830832e-17
1.2854014523840716e-17
1.299859688085555e-17
1.3094985118865447e-17
1.319137335687532e-17
1.3335955713890165e-17
1.3480538070904986e-17
1.367331454692478e-17
1.3817896903939601e-17
1.3962479260954434e-17
1.4203449855979165e-17
1.4299838093989037e-17
1.4396226331998934e-17
1.4540808689013768e-17
1.46853910460286e-17
1.487816752204837e-17
1.5022749879063216e-17
1.5215526355082986e-17
1.5311914593092883e-17
1.5649273426127498e-17
1.5842049902147268e-17
1.59866322591621e-17
1.6083020497171986e-17
1.6323991092196704e-17
1.6564961687221434e-17
1.6757738163241216e-17
1.6902320520256037e-17
1.7095096996275832e-17
1.733606759130055e-17
1.752884406732032e-17
1.7673426424335165e-17
1.7769814662345037e-17
1.796259113836483e-17
1.8058979376374704e-17
1.8251755852394498e-17
1.839633820940932e-17
1.8540920566424165e-17
1.8733697042443934e-17
1.8878279399458768e-17
1.90228617564736e-17
1.9167444113488434e-17
1.926383235149832e-17
1.94566088275181e-17
1.9552997065527986e-17
1.969757942254283e-17
1.9938550017567537e-17
2.0034938255577434e-17
2.0179520612592255e-17
2.037229708861205e-17
2.056507356463182e-17
2.070965592164664e-17
2.0806044159656537e-17
2.0902432397666434e-17
2.1047014754681255e-17
2.123979123070105e-17
2.143256770672082e-17
2.1673538301745537e-17
2.1866314777765307e-17
2.20590912537851e-17
2.2203673610799922e-17
2.2348255967814768e-17
2.244464420582464e-17
2.2541032443834537e-17
2.2637420681844434e-17
2.2830197157864204e-17
2.29265853958741e-17
2.3022973633883973e-17
2.316755599089882e-17
2.3263944228908716e-17
2.3456720704928486e-17
2.3553108942938383e-17
2.3745885418958152e-17
2.3938661894977922e-17
2.4083244251992768e-17
2.4324214847017486e-17
2.446879720403233e-17
2.470976779905705e-17
2.485435015607187e-17
2.4950738394081768e-17
2.5047126632091665e-17
2.5239903108111434e-17
2.5336291346121307e-17
2.5432679584131204e-17
2.557726194114605e-17
2.577003841716582e-17
2.6011009012190537e-17
2.6203785488210307e-17
2.63965619642301e-17
2.6541144321244922e-17
2.6685726678259768e-17
2.6878503154279537e-17
2.7071279630299307e-17
2.7360444344328973e-17
2.745683258233887e-17
2.769780317736359e-17
2.789057965338336e-17
2.808335612940315e-17
2.832432672442787e-17
2.856529731945259e-17
2.8661685557462486e-17
2.8806267914477307e-17
2.9047238509502025e-17
2.914362674751192e-17
2.9336403223531716e-17
2.943279146154159e-17
2.9577373818556434e-17
2.9721956175571255e-17
2.9962926770595973e-17
3.020389736562069e-17
3.034847972263554e-17
3.0541256198655307e-17
3.068583855567015e-17
3.0782226793680025e-17
3.097500326969982e-17
3.116777974571959e-17
3.136055622173936e-17
3.1505138578754204e-17
3.164972093576905e-17
3.174610917377892e-17
3.184249741178882e-17
3.198707976880364e-17
3.2131662125818486e-17
3.2324438601838255e-17
3.24690209588531e-17
3.2565409196862973e-17
3.280637979188769e-17
3.3047350386912434e-17
3.3191932743927255e-17
3.328832098193715e-17
3.3384709219947025e-17
3.352929157696187e-17
3.362567981497177e-17
3.3866650409996486e-17
3.4011232767011307e-17
3.4107621005021204e-17
3.4300397481040973e-17
3.444497983805582e-17
3.463775631407559e-17
3.483053279009536e-17
3.4975115147110204e-17
3.5071503385120076e-17
3.521608574213492e-17
3.531247398014482e-17
3.545705633715964e-17
3.555344457516954e-17
3.5794415170194255e-17
3.59389975272091e-17
3.613177400322887e-17
3.632455047924864e-17
3.642093871725854e-17
3.656552107427336e-17
3.675829755029315e-17
3.6902879907307973e-17
3.699926814531787e-17
3.709565638332777e-17
3.719204462133764e-17
3.728843285934754e-17
3.738482109735741e-17
3.7577597573377204e-17
3.7770374049396973e-17
3.791495640641182e-17
3.801134464442169e-17
3.810773288243159e-17
3.8204121120441485e-17
3.8348703477456306e-17
3.8541479953476076e-17
3.8782450548500794e-17
3.887883878651069e-17
3.9071615262530485e-17
3.9264391738550255e-17
3.9408974095565076e-17
3.9505362333574973e-17
3.960175057158487e-17
3.974633292859969e-17
3.984272116660959e-17
3.993910940461946e-17
4.003549764262936e-17
4.0131885880639255e-17
4.0324662356659025e-17
4.042105059466892e-17
4.0517438832678794e-17
4.071021530869859e-17
4.0806603546708485e-17
4.1143962379743076e-17
4.124035061775297e-17
4.138493297476782e-17
4.1625903569792537e-17
4.1818680045812306e-17
4.2059650640837024e-17
4.2252427116856794e-17
4.239700947387164e-17
4.2493397711881537e-17
4.258978594989141e-17
4.2734368306906255e-17
4.283075654491613e-17
4.2927144782926024e-17
4.316811537795074e-17
4.340908597297546e-17
4.3650056568000203e-17
4.3794638925015024e-17
4.389102716302492e-17
4.403560952003974e-17
4.413199775804964e-17
4.4228385996059537e-17
4.437296835307436e-17
4.4517550710089203e-17
4.4613938948099076e-17
4.475852130511392e-17
4.4854909543123794e-17
4.495129778113369e-17
4.5095880138148537e-17
4.524046249516336e-17
4.543323897118313e-17
4.5529627209193024e-17
4.5722403685212794e-17
4.591518016123259e-17
4.605976251824741e-17
4.6252538994267203e-17
4.6397121351282024e-17
4.663809194630674e-17
4.6830868422326537e-17
4.697545077934136e-17
4.7071839017351255e-17
4.716822725536113e-17
4.736100373138092e-17
4.7457391969390794e-17
4.769836256441551e-17
4.7891139040435306e-17
4.7987527278445203e-17
4.8276691992474845e-17
4.842127434948969e-17
4.8565856706504537e-17
4.871043906351936e-17
4.8806827301529255e-17
4.8951409658544076e-17
4.909599201555892e-17
4.943335084859351e-17
4.9626127324613306e-17
4.9722515562623203e-17
4.9867097919638024e-17
5.0011680276652845e-17
5.015626263366769e-17
5.025265087167759e-17
5.034903910968746e-17
5.044542734769736e-17
5.0541815585707255e-17
5.0734592061727024e-17
5.0879174418741845e-17
5.107195089476164e-17
5.121653325177646e-17
