4.535432292467636e-19
5.521174669331621e-19
6.506917046195605e-19
7.985530611491643e-19
8.97127298835575e-19
1.094275774208372e-18
1.1928500118947704e-18
1.2914242495811688e-18
1.5378598437971834e-18
1.7350083191699802e-18
1.833582556856391e-18
1.981443913385995e-18
2.1293052699155986e-18
2.227879507601997e-18
2.3264537452883955e-18
2.4743151018179993e-18
2.622176458347603e-18
2.770037814877207e-18
2.8686120525636054e-18
3.016473409093209e-18
3.1150476467796076e-18
3.2136218844660184e-18
3.361483240995622e-18
3.4600574786820206e-18
3.706493072898023e-18
3.903641548270832e-18
4.0022157859572305e-18
4.150077142486834e-18
4.297938499016438e-18
4.495086974389235e-18
4.642948330918839e-18
4.7415225686052496e-18
4.840096806291648e-18
4.987958162821252e-18
5.08653240050765e-18
5.185106638194061e-18
5.2836808758804594e-18
5.530116470096462e-18
5.7272649454692585e-18
5.825839183155669e-18
6.0722747773716715e-18
6.17084901505807e-18
6.318710371587674e-18
6.4665717281172776e-18
6.762294441176485e-18
6.860868678862884e-18
7.058017154235693e-18
7.205878510765297e-18
7.3537398672949e-18
7.501601223824504e-18
7.649462580354108e-18
7.748036818040507e-18
7.846611055726905e-18
7.994472412256509e-18
8.09304664994292e-18
8.33948224415891e-18
8.585917838374924e-18
8.684492076061322e-18
8.783066313747721e-18
8.98021478912053e-18
9.078789026806929e-18
9.226650383336532e-18
9.374511739866136e-18
9.719521571768537e-18
9.818095809454948e-18
9.916670047141346e-18
1.006453140367095e-17
1.0163105641357348e-17
1.0310966997886952e-17
1.0458828354416556e-17
1.0557402592102967e-17
1.0754551067475764e-17
1.0853125305162174e-17
1.1050273780534971e-17
1.114884801822137e-17
1.1345996493594179e-17
1.1543144968966976e-17
1.169100632549658e-17
1.178958056318299e-17
1.1986729038555787e-17
1.2233164632771802e-17
1.2331738870458188e-17
1.2430313108144599e-17
1.2578174464674202e-17
1.26767487023606e-17
1.2923184296576603e-17
1.3021758534263014e-17
1.3268194128479016e-17
1.3366768366165414e-17
1.3563916841538224e-17
1.3662491079224622e-17
1.376106531691102e-17
1.4007500911127023e-17
1.4155362267656627e-17
1.4253936505343037e-17
1.4352510743029436e-17
1.4598946337245438e-17
1.469752057493185e-17
1.4845381931461453e-17
1.504253040683425e-17
1.5141104644520648e-17
1.548611447642306e-17
1.558468871410946e-17
1.578183718948227e-17
1.5978985664855065e-17
1.6323995496757478e-17
1.647185685328707e-17
1.657043109097348e-17
1.6718292447503084e-17
1.6816866685189483e-17
1.6964728041719087e-17
1.7063302279405485e-17
1.7408312111307898e-17
1.7556173467837502e-17
1.7704034824367106e-17
1.79997575374263e-17
1.819690601279911e-17
1.839405448817192e-17
1.8492628725858318e-17
1.8591202963544716e-17
1.883763855776073e-17
1.8985499914290335e-17
1.9182648389663132e-17
1.9330509746192735e-17
1.9576945340408738e-17
1.972480669693834e-17
1.9872668053467945e-17
1.9971242291154344e-17
2.0168390766527153e-17
2.026696500421355e-17
2.0513400598429566e-17
2.0611974836115964e-17
2.0759836192645556e-17
2.090769754917516e-17
2.1154133143391174e-17
2.1499142975293575e-17
2.1794865688352782e-17
2.1893439926039193e-17
2.2139875520255183e-17
2.2287736876784787e-17
2.2386311114471198e-17
2.2484885352157596e-17
2.2682033827530405e-17
2.2780608065216804e-17
2.2977756540589613e-17
2.3125617897119217e-17
2.3322766372492014e-17
2.3421340610178424e-17
2.351991484786481e-17
2.371706332323762e-17
2.3864924679767224e-17
2.4012786036296827e-17
2.4308508749356035e-17
2.4407082987042433e-17
2.4554944343572037e-17
2.470280570010164e-17
2.4899954175474438e-17
2.499852841316085e-17
2.5097102650847247e-17
2.5195676888533646e-17
2.534353824506325e-17
2.5491399601592853e-17
2.5589973839279264e-17
2.578712231465206e-17
2.588569655233847e-17
2.598427079002487e-17
2.6082845027711268e-17
2.618141926539768e-17
2.632928062192727e-17
2.6477141978456874e-17
2.6772864691516082e-17
2.687143892920248e-17
2.7019300285732084e-17
2.7216448761104894e-17
2.7413597236477703e-17
2.76107457118505e-17
2.78571813060665e-17
2.805432978143931e-17
2.8202191137968915e-17
2.844862673218492e-17
2.8547200969871316e-17
2.869506232640092e-17
2.8842923682930523e-17
2.8941497920616934e-17
2.904007215830332e-17
2.923722063367613e-17
2.948365622789213e-17
2.968080470326494e-17
2.9828666059794544e-17
2.992724029748094e-17
3.0025814535167354e-17
3.012438877285375e-17
3.032153724822656e-17
3.051868572359936e-17
3.066654708012896e-17
3.0814408436658566e-17
3.101155691203136e-17
3.1110131149717773e-17
3.120870538740417e-17
3.1356566743933776e-17
3.150442810046338e-17
3.160300233814978e-17
3.170157657583619e-17
3.184943793236578e-17
3.1997299288895384e-17
3.214516064542499e-17
3.2243734883111386e-17
3.2440883358484195e-17
3.2638031833857005e-17
3.27366060715434e-17
3.2884467428073007e-17
3.303232878460261e-17
3.313090302228901e-17
3.322947725997541e-17
3.3426625735348217e-17
3.3623774210721014e-17
3.3722348448407424e-17
3.3968784042623427e-17
3.4067358280309825e-17
3.421521963683943e-17
3.431379387452584e-17
3.4461655231055443e-17
3.456022946874183e-17
3.4708090825271433e-17
3.485595218180104e-17
3.500381353833064e-17
3.520096201370345e-17
3.5348823370233054e-17
3.5545971845605863e-17
3.5792407439821865e-17
3.5940268796351457e-17
3.608813015288106e-17
3.6334565747097075e-17
3.653171422246987e-17
3.672886269784268e-17
3.692601117321549e-17
3.712315964858829e-17
3.727102100511789e-17
3.7418882361647495e-17
3.761603083702029e-17
3.7961040668922705e-17
3.8158189144295514e-17
3.830605050082512e-17
3.8503198976197915e-17
3.8601773213884325e-17
3.8700347451570724e-17
3.8848208808100315e-17
3.899607016462992e-17
3.909464440231633e-17
3.9291792877689127e-17
3.9488941353061936e-17
3.963680270959154e-17
3.988323830380754e-17
4.0031099660337146e-17
4.017896101686674e-17
4.027753525455315e-17
4.042539661108275e-17
4.0671832205298767e-17
4.077040644298515e-17
4.0918267799514756e-17
4.116470339373077e-17
4.126327763141718e-17
4.136185186910357e-17
4.150971322563317e-17
4.1657574582162776e-17
4.1756148819849186e-17
4.190401017637879e-17
4.2051871532908394e-17
4.2150445770594805e-17
4.224902000828119e-17
4.2347594245967577e-17
4.25447427213404e-17
4.269260407787e-17
4.279117831555639e-17
4.28897525532428e-17
4.298832679092921e-17
4.3136188147458814e-17
4.3382623741674804e-17
4.353048509820441e-17
4.362905933589082e-17
4.377692069242042e-17
4.387549493010683e-17
4.397406916779322e-17
4.407264340547963e-17
4.4220504762009233e-17
4.4319078999695644e-17
4.4565514593911634e-17
4.471337595044124e-17
4.481195018812765e-17
4.495981154465725e-17
4.510767290118683e-17
4.5255534257716435e-17
4.540339561424604e-17
4.555125697077564e-17
4.579769256499166e-17
4.604412815920767e-17
4.624127663458047e-17
4.633985087226688e-17
4.6536999347639677e-17
4.663557358532609e-17
4.6734147823012474e-17
4.698058341722849e-17
4.70791576549149e-17
4.7177731892601285e-17
4.732559324913089e-17
4.74241674868173e-17
4.7572028843346903e-17
4.771989019987651e-17
4.7818464437562893e-17
4.79663257940925e-17
4.806490003177891e-17
4.8163474269465294e-17
4.8262048507151705e-17
4.8360622744838115e-17
4.855777122021091e-17
4.8656345457897323e-17
4.880420681442693e-17
4.890278105211331e-17
4.9099929527486135e-17
4.924779088401574e-17
4.9444939359388535e-17
4.969137495360455e-17
4.9789949191290936e-17
4.998709766666376e-17
5.0085671904350144e-17
5.033210749856616e-17
5.043068173625257e-17
5.067711733046856e-17
5.092355292468455e-17
5.112070140005737e-17
5.131784987543017e-17
