4.3046787165840854e-19
5.296522421266029e-19
6.288366125947972e-19
7.776131682970949e-19
9.263897239993926e-19
1.1743506501698969e-18
1.4719037615744922e-18
1.7198646877449843e-18
1.8190490582131786e-18
1.9678256139154886e-18
2.067009984383683e-18
2.1661943548518896e-18
2.265378725320084e-18
2.3645630957882783e-18
2.513339651490576e-18
2.6125240219587826e-18
2.8108927628951713e-18
2.959669318597469e-18
3.0588536890656756e-18
3.2572224300020643e-18
3.356406800470271e-18
3.505183356172569e-18
3.653959911874866e-18
3.802736467577164e-18
4.001105208513553e-18
4.100289578981759e-18
4.199473949449954e-18
4.348250505152251e-18
4.447434875620446e-18
4.596211431322743e-18
4.69539580179095e-18
4.794580172259144e-18
4.943356727961442e-18
5.09213328366374e-18
5.191317654131934e-18
5.4392785803024384e-18
5.588055136004736e-18
5.687239506472943e-18
5.8360160621752404e-18
5.984792617877538e-18
6.0839769883457324e-18
6.183161358813927e-18
6.2823457292821334e-18
6.431122284984431e-18
6.5303066554526254e-18
6.62949102592082e-18
6.7286753963890264e-18
6.827859766857221e-18
6.927044137325415e-18
7.075820693027713e-18
7.22459724873001e-18
7.323781619198217e-18
7.472558174900515e-18
7.621334730602812e-18
7.720519101071007e-18
7.819703471539201e-18
8.018072212475602e-18
8.1668487681779e-18
8.266033138646094e-18
8.414809694348392e-18
8.56358625005069e-18
8.76195499098709e-18
8.861139361455285e-18
8.960323731923492e-18
9.059508102391686e-18
9.257876843328087e-18
9.406653399030385e-18
9.505837769498591e-18
9.605022139966786e-18
9.70420651043498e-18
1.0051351807073679e-17
1.0200128362775976e-17
1.0448089288946468e-17
1.0547273659414675e-17
1.064645802988287e-17
1.0795234585585167e-17
1.0894418956053361e-17
1.1142379882223866e-17
1.124156425269206e-17
1.1489525178862552e-17
1.1588709549330759e-17
1.183667047550125e-17
1.1985447031203548e-17
1.2084631401671743e-17
1.223340795737404e-17
1.2431776698310441e-17
1.2580553254012739e-17
1.2729329809715037e-17
1.2828514180183243e-17
1.2977290735885541e-17
1.3175659476821942e-17
1.332443603252424e-17
1.3572396958694732e-17
1.372117351439703e-17
1.3820357884865224e-17
1.391954225533343e-17
1.4018726625801625e-17
1.411791099626982e-17
1.4217095366738026e-17
1.4365871922440323e-17
1.451464847814262e-17
1.471301721907901e-17
1.491138596001541e-17
1.5010570330483605e-17
1.5109754700951812e-17
1.53081234418882e-17
1.5407307812356407e-17
1.55064921828246e-17
1.5605676553292796e-17
1.5754453108995093e-17
1.5952821849931494e-17
1.605200622039969e-17
1.6151190590867895e-17
1.625037496133609e-17
1.644874370227249e-17
1.6696704628442995e-17
1.6845481184145293e-17
1.704384992508168e-17
1.7143034295549888e-17
1.7242218666018082e-17
1.739099522172038e-17
1.7490179592188575e-17
1.7688548333124976e-17
1.7886917074061377e-17
1.8085285814997765e-17
1.8184470185465972e-17
1.838283892640236e-17
1.8482023296870567e-17
1.858120766733876e-17
1.8779576408275163e-17
1.8878760778743357e-17
1.9077129519679758e-17
1.9176313890147952e-17
1.9424274816318444e-17
1.972182792772304e-17
2.0019381039127635e-17
2.0168157594829945e-17
2.026734196529814e-17
2.0416118521000437e-17
2.0515302891468644e-17
2.066407944717094e-17
2.0763263817639136e-17
2.0912040373341433e-17
2.1160001299511925e-17
2.1556738781384727e-17
2.1655923151852922e-17
2.180469970755522e-17
2.1953476263257517e-17
2.205266063372571e-17
2.2151845004193918e-17
2.239980593036441e-17
2.2498990300832604e-17
2.2647766856534902e-17
2.2846135597471303e-17
2.29949121531736e-17
2.3143688708875898e-17
2.339164963504639e-17
2.359001837598279e-17
2.3689202746450986e-17
2.3788387116919192e-17
2.38875714873874e-17
2.3986755857855593e-17
2.4085940228323788e-17
2.4234716784026085e-17
2.4433085524962486e-17
2.453226989543068e-17
2.4631454265898887e-17
2.4780230821601185e-17
2.487941519206938e-17
2.4978599562537574e-17
2.507778393300578e-17
2.5226560488708078e-17
2.5325744859176272e-17
2.547452141487857e-17
2.5573705785346764e-17
2.5772074526283165e-17
2.5920851081985463e-17
2.606962763768776e-17
2.6317588563858253e-17
2.646636511956055e-17
2.666473386049695e-17
2.6863102601433353e-17
2.6962286971901547e-17
2.706147134236974e-17
2.7160655712837948e-17
2.735902445377435e-17
2.755739319471075e-17
2.7656577565178944e-17
2.780535412088124e-17
2.795413067658354e-17
2.810290723228584e-17
2.8251683787988135e-17
2.840046034369043e-17
2.8499644714158627e-17
2.8648421269860925e-17
2.8846790010797326e-17
2.894597438126552e-17
2.9045158751733727e-17
2.914434312220192e-17
2.929311967790422e-17
2.9441896233606516e-17
2.954108060407471e-17
2.964026497454292e-17
2.973944934501111e-17
2.988822590071341e-17
2.998741027118163e-17
3.01361868268839e-17
3.0284963382586224e-17
3.0384147753054406e-17
3.0532924308756703e-17
3.063210867922491e-17
3.0880069605395414e-17
3.0979253975863596e-17
3.1128030531565894e-17
3.132639927250228e-17
3.142558364297049e-17
3.1524768013438696e-17
3.167354456914097e-17
3.17727289396092e-17
3.187191331007738e-17
3.2070282051013796e-17
3.226865079195016e-17
3.241742734765248e-17
3.2516611718120664e-17
3.271498045905708e-17
3.281416482952526e-17
3.296294138522758e-17
3.316131012616397e-17
3.340927105233445e-17
3.350845542280268e-17
3.3706824163739045e-17
3.390519290467546e-17
3.400437727514364e-17
3.410356164561187e-17
3.4202746016080054e-17
3.440111475701647e-17
3.450029912748465e-17
3.464907568318695e-17
3.4797852238889245e-17
3.4897036609357427e-17
3.504581316505975e-17
3.514499753552793e-17
3.524418190599614e-17
3.5392958461698435e-17
3.559132720263485e-17
3.574010375833712e-17
3.583928812880533e-17
3.5938472499273535e-17
3.623602561067813e-17
3.643439435161452e-17
3.6533578722082726e-17
3.663276309255091e-17
3.683113183348732e-17
3.6930316203955503e-17
3.7079092759657826e-17
3.7277461500594214e-17
3.742623805629651e-17
3.7624606797232925e-17
3.77733833529352e-17
3.80213442791057e-17
3.8120528649573885e-17
3.8219713020042116e-17
3.836848957574439e-17
3.8467673946212596e-17
3.8616450501914893e-17
3.8715634872383075e-17
3.88644114280854e-17
3.896359579855358e-17
3.91123723542559e-17
3.9261148909958175e-17
3.945951765089459e-17
3.970747857706509e-17
3.9905847318001457e-17
4.005462387370378e-17
4.0203400429406077e-17
4.0401769170342465e-17
4.060013791127888e-17
4.074891446698115e-17
4.0996875393151656e-17
4.114565194885398e-17
4.134402068979034e-17
4.1492797245492665e-17
4.164157380119494e-17
4.174075817166317e-17
4.188953472736544e-17
4.198871909783365e-17
4.2087903468301855e-17
4.218708783877004e-17
4.2286272209238244e-17
4.238545657970645e-17
4.248464095017463e-17
4.258382532064284e-17
4.283178624681332e-17
4.3079747172983823e-17
4.3228523728686146e-17
4.337730028438842e-17
4.352607684009074e-17
4.3674853395793014e-17
4.392281432196352e-17
4.417077524813402e-17
4.4269959618602205e-17
4.451792054477271e-17
4.4765881470943214e-17
4.4865065841411396e-17
4.506343458234781e-17
4.526180332328422e-17
4.55097642494547e-17
4.560894861992291e-17
4.570813299039109e-17
4.585690954609341e-17
4.5956093916561595e-17
4.6055278287029777e-17
4.625364702796619e-17
4.635283139843437e-17
4.6501607954136695e-17
4.6699976695073083e-17
4.684875325077538e-17
4.694793762124356e-17
4.7146306362179976e-17
4.7295082917882274e-17
4.7642228214520985e-17
4.774141258498917e-17
4.789018914069149e-17
4.798937351115967e-17
4.813815006686197e-17
4.833651880779836e-17
4.853488754873477e-17
4.863407191920295e-17
4.8782848474905275e-17
4.888203284537346e-17
4.898121721584164e-17
4.908040158630987e-17
4.9229178142012144e-17
4.932836251248035e-17
4.947713906818265e-17
4.9625915623884946e-17
4.972509999435315e-17
4.9873876550055425e-17
5.017142966146002e-17
5.027061403192825e-17
5.0419390587630525e-17
5.051857495809873e-17
5.066735151380103e-17
5.076653588426921e-17
5.0964904625205625e-17
5.121286555137613e-17
5.1361642107078427e-17
