4.30956855167558e-19
5.279312183427367e-19
6.249055815179154e-19
7.703671262806651e-19
1.0128030342186057e-18
1.1097773973937721e-18
1.2067517605689632e-18
1.3037261237441296e-18
1.400700486919296e-18
1.4976748500944747e-18
1.6431363948572367e-18
1.7885979396199863e-18
1.9825466659703437e-18
2.176495392320689e-18
2.370444118671034e-18
2.6128800266089747e-18
2.709854389784141e-18
2.8068287529593075e-18
2.9522902977220817e-18
3.049264660897248e-18
3.1462390240724146e-18
3.2432133872476056e-18
3.340187750422772e-18
3.485649295185522e-18
3.582623658360713e-18
3.7765723847110455e-18
3.970521111061403e-18
4.164469837411736e-18
4.358418563762093e-18
4.600854471700034e-18
4.7463160164627835e-18
4.940264742813141e-18
5.2311878323386525e-18
5.328162195513831e-18
5.5705981034517596e-18
5.7160596482145215e-18
5.813034011389688e-18
5.958495556152462e-18
6.152444282502795e-18
6.297905827265569e-18
6.443367372028319e-18
6.588828916791093e-18
6.879752006316605e-18
7.025213551079367e-18
7.122187914254533e-18
7.46159818536764e-18
7.655546911717998e-18
7.84949563806833e-18
8.043444364418688e-18
8.140418727593854e-18
8.334367453944212e-18
8.479828998706961e-18
8.673777725057319e-18
8.770752088232485e-18
8.916213632995247e-18
9.061675177758009e-18
9.207136722520759e-18
9.401085448871116e-18
9.498059812046283e-18
9.740495719984223e-18
9.885957264746973e-18
1.0031418809509747e-17
1.0176880354272497e-17
1.0370829080622854e-17
1.0564777806973187e-17
1.0710239351735961e-17
1.0807213714911128e-17
1.0904188078086306e-17
1.1049649622849068e-17
1.1146623986024235e-17
1.1243598349199413e-17
1.1389059893962175e-17
1.1631495801900116e-17
1.1922418891425628e-17
1.2164854799363556e-17
1.2261829162538735e-17
1.2407290707301497e-17
1.2504265070476663e-17
1.269821379682702e-17
1.284367534158977e-17
1.2989136886352544e-17
1.3134598431115294e-17
1.3280059975878056e-17
1.3377034339053235e-17
1.3570983065403567e-17
1.3764931791753925e-17
1.3910393336516674e-17
1.4007367699691865e-17
1.424980360762978e-17
1.4346777970804973e-17
1.444375233398014e-17
1.4540726697155305e-17
1.468618824191808e-17
1.483164978668083e-17
1.4928624149855996e-17
1.5122572876206353e-17
1.521954723938152e-17
1.5316521602556698e-17
1.5413495965731877e-17
1.5558957510494627e-17
1.57044190552574e-17
1.584988060002015e-17
1.5995342144782925e-17
1.6140803689545674e-17
1.623777805272084e-17
1.6383239597483615e-17
1.6528701142246365e-17
1.667416268700914e-17
1.6771137050184305e-17
1.6916598594947055e-17
1.706206013970983e-17
1.720752168447258e-17
1.7304496047647757e-17
1.7546931955585686e-17
1.7740880681936043e-17
1.7886342226698793e-17
1.8128778134636734e-17
1.8274239679399483e-17
1.8419701224162257e-17
1.8516675587337424e-17
1.861364995051259e-17
1.8807598676862948e-17
1.8904573040038114e-17
1.9001547403213293e-17
1.9195496129563638e-17
1.9292470492738804e-17
1.943793203750158e-17
1.9583393582264328e-17
1.9728855127027103e-17
1.982582949020227e-17
2.0019778216552614e-17
2.0165239761315376e-17
2.0504650032428483e-17
2.0650111577191245e-17
2.0747085940366424e-17
2.0941034666716757e-17
2.1134983393067114e-17
2.1280444937829864e-17
2.1377419301005055e-17
2.147439366418022e-17
2.1571368027355387e-17
2.1813803935293328e-17
2.1910778298468495e-17
2.2007752661643673e-17
2.2104727024818852e-17
2.2250188569581602e-17
2.2395650114344376e-17
2.2492624477519542e-17
2.258959884069471e-17
2.2783547567045066e-17
2.29774962933954e-17
2.3171445019745756e-17
2.3268419382920923e-17
2.3510855290858863e-17
2.360782965403403e-17
2.370480401720921e-17
2.385026556197197e-17
2.399572710673472e-17
2.4189675833085078e-17
2.4383624559435423e-17
2.4529086104198185e-17
2.462606046737335e-17
2.4771522012136125e-17
2.4916983556898875e-17
2.5062445101661637e-17
2.5159419464836816e-17
2.5401855372774756e-17
2.5498829735949923e-17
2.559580409912509e-17
2.5789752825475447e-17
2.5935214370238196e-17
2.6129163096588554e-17
2.622613745976372e-17
2.6420086186114078e-17
2.6565547730876827e-17
2.671100927563959e-17
2.6856470820402326e-17
2.7001932365165125e-17
2.7195881091515458e-17
2.7341342636278208e-17
2.753529136262854e-17
2.7632265725803756e-17
2.7777727270566506e-17
2.7923188815329255e-17
2.8068650360092005e-17
2.816562472326717e-17
2.826259908644239e-17
2.845654781279272e-17
2.865049653914305e-17
2.874747090231822e-17
2.8844445265493386e-17
2.8989906810256184e-17
2.908688117343135e-17
2.92323427181941e-17
2.937780426295685e-17
2.95232658077196e-17
2.971721453406998e-17
2.9911163260420315e-17
3.0056624805183064e-17
3.0202086349945814e-17
3.0396035076296196e-17
3.049300943947136e-17
3.058998380264653e-17
3.0686958165821695e-17
3.088090689217203e-17
3.0977881255347244e-17
3.1123342800109993e-17
3.126880434487274e-17
3.1462753071223076e-17
3.155972743439824e-17
3.170518897916104e-17
3.180216334233621e-17
3.1899137705511374e-17
3.214157361344929e-17
3.2238547976624456e-17
3.233552233979967e-17
3.243249670297484e-17
3.257795824773759e-17
3.272341979250034e-17
3.286888133726309e-17
3.29658557004383e-17
3.306283006361347e-17
3.335375315313897e-17
3.359618906107691e-17
3.36931634242521e-17
3.383862496901485e-17
3.3935599332190016e-17
3.4081060876952766e-17
3.417803524012793e-17
3.44204711480659e-17
3.4517445511241064e-17
3.4711394237591397e-17
3.5002317327116945e-17
3.5293240416642445e-17
3.548718914299278e-17
3.568113786934316e-17
3.587508659569349e-17
3.6069035322043825e-17
3.6214496866806575e-17
3.6408445593156957e-17
3.6553907137919706e-17
3.665088150109487e-17
3.679634304585762e-17
3.694180459062037e-17
3.703877895379559e-17
3.718424049855834e-17
3.7281214861733504e-17
3.7426676406496253e-17
3.7572137951259e-17
3.77175994960218e-17
3.781457385919697e-17
3.7911548222372135e-17
3.80085225855473e-17
3.810549694872247e-17
3.825095849348522e-17
3.8396420038248016e-17
3.859036876459835e-17
3.8687343127773515e-17
3.8832804672536265e-17
3.892977903571143e-17
3.902675339888665e-17
3.9172214943649397e-17
3.926918930682456e-17
3.936616366999973e-17
3.9463138033174896e-17
3.9608599577937645e-17
3.9754061122700444e-17
3.999649703063836e-17
4.014195857540111e-17
4.0384394483339075e-17
4.057834320968941e-17
4.0675317572864575e-17
4.0820779117627324e-17
4.091775348080249e-17
4.111170220715287e-17
4.125716375191562e-17
4.154808684144112e-17
4.164506120461629e-17
4.1742035567791504e-17
4.1887497112554253e-17
4.2081445838904586e-17
4.217842020207975e-17
4.2372368928430135e-17
4.256631765478047e-17
4.271177919954322e-17
4.2808753562718383e-17
4.300270228906874e-17
4.31966510154191e-17
4.339059974176943e-17
4.3584548468119764e-17
4.373001001288256e-17
4.3923958739232896e-17
4.402093310240806e-17
4.416639464717081e-17
4.431185619193356e-17
4.460277928145911e-17
4.474824082622186e-17
4.4845215189397026e-17
4.4990676734159775e-17
4.5136138278922574e-17
4.5281599823685324e-17
4.5427061368448074e-17
4.5621010094798406e-17
4.5766471639561205e-17
4.5911933184323955e-17
4.600890754749912e-17
4.610588191067429e-17
4.6202856273849454e-17
4.629983063702462e-17
4.644529218178742e-17
4.6542266544962586e-17
4.6687728089725335e-17
4.67847024529005e-17
4.693016399766325e-17
4.707562554242605e-17
4.741503581353913e-17
4.75120101767143e-17
4.765747172147705e-17
4.785142044782743e-17
4.799688199259018e-17
4.8093856355765347e-17
4.828780508211568e-17
4.843326662687848e-17
4.862721535322881e-17
4.872418971640398e-17
4.8821164079579144e-17
4.8966625624341894e-17
4.9063599987517085e-17
4.9306035895455026e-17
4.9451497440217775e-17
4.9596958984980525e-17
4.9790907711330907e-17
4.9887882074506073e-17
5.003334361926882e-17
5.017880516403157e-17
5.032426670879432e-17
5.0518215435144704e-17
5.071216416149504e-17
5.0857625706257787e-17
5.105157443260812e-17
5.119703597737092e-17
5.134249752213367e-17
