4.1620541785570956e-19
6.717940866831636e-19
7.740295542141353e-19
8.762650217451071e-19
9.785004892760788e-19
1.2340891581035082e-18
1.33632462563448e-18
1.4896778269309623e-18
1.591913294461934e-18
1.7963842295238775e-18
1.8986196970548493e-18
2.1030906321167928e-18
2.2053260996477645e-18
2.307561567178761e-18
2.4609147684752186e-18
2.5631502360061903e-18
2.665385703537162e-18
2.767621171068134e-18
2.8698566385991056e-18
2.9720921061300773e-18
3.074327573661049e-18
3.329916242488503e-18
3.483269443784961e-18
3.636622645081418e-18
3.73885811261239e-18
3.892211313908848e-18
4.198917716501788e-18
4.403388651563731e-18
4.556741852860189e-18
4.6589773203911605e-18
4.761212787922145e-18
4.863448255453129e-18
5.119036924280558e-18
5.22127239181153e-18
5.3746255931079875e-18
5.579096528169943e-18
5.783567463231899e-18
5.885802930762871e-18
5.988038398293843e-18
6.090273865824814e-18
6.192509333355786e-18
6.345862534652244e-18
6.448098002183228e-18
6.550333469714212e-18
6.7036866710106695e-18
7.010393073603585e-18
7.163746274900042e-18
7.317099476196525e-18
7.470452677492982e-18
7.572688145023954e-18
7.726041346320412e-18
7.828276813851383e-18
7.981630015147841e-18
8.134983216444323e-18
8.288336417740781e-18
8.441689619037239e-18
8.54392508656821e-18
8.79951375539564e-18
8.901749222926624e-18
9.055102424223094e-18
9.259573359285037e-18
9.361808826816009e-18
9.617397495643438e-18
9.71963296317441e-18
9.975221632001864e-18
1.0077457099532836e-17
1.0486398969656723e-17
1.0639752170953205e-17
1.0741987638484177e-17
1.094645857354612e-17
1.1048694041077092e-17
1.1150929508608064e-17
1.1355400443670008e-17
1.1559871378731976e-17
1.1662106846262947e-17
1.1764342313793919e-17
1.1917695515090377e-17
1.2173284183917806e-17
1.2275519651448803e-17
1.2479990586510746e-17
1.2735579255338175e-17
1.2888932456634633e-17
1.304228565793109e-17
1.3195638859227573e-17
1.3400109794289517e-17
1.360458072935146e-17
1.3706816196882432e-17
1.3809051664413404e-17
1.3911287131944388e-17
1.4217993534537315e-17
1.4320229002068287e-17
1.452469993713023e-17
1.4626935404661202e-17
1.4882524073488656e-17
1.4984759541019628e-17
1.5291465943612543e-17
1.5444819144909e-17
1.5547054612439985e-17
1.564929007997097e-17
1.5853761015032913e-17
1.600711421632937e-17
1.6211585151391314e-17
1.636493835268777e-17
1.6467173820218768e-17
1.6620527021515225e-17
1.6722762489046197e-17
1.682499795657717e-17
1.692723342410814e-17
1.7029468891639112e-17
1.7233939826701068e-17
1.7336175294232052e-17
1.748952849552851e-17
1.7642881696824968e-17
1.774511716435594e-17
1.800070583318337e-17
1.8102941300714365e-17
1.8205176768245337e-17
1.840964770330728e-17
1.8511883170838252e-17
1.8716354105900196e-17
1.8818589573431167e-17
1.9023060508493135e-17
1.922753144355508e-17
1.932976691108605e-17
1.9534237846147994e-17
1.9687591047444452e-17
1.9789826514975448e-17
1.989206198250642e-17
2.024988611886482e-17
2.0352121586395793e-17
2.050547478769225e-17
2.0761063456519705e-17
2.0914416657816162e-17
2.1118887592878106e-17
2.1221123060409077e-17
2.132335852794005e-17
2.147671172923653e-17
2.1578947196767503e-17
2.1681182664298475e-17
2.1834535865594933e-17
2.198788906689139e-17
2.2090124534422362e-17
2.2447948670780788e-17
2.2601301872077245e-17
2.2703537339608217e-17
2.280577280713919e-17
2.290800827467016e-17
2.3163596943497615e-17
2.3265832411028586e-17
2.3368067878559558e-17
2.3521421079856016e-17
2.3623656547386988e-17
2.372589201491796e-17
2.382812748244893e-17
2.3981480683745413e-17
2.4185951618807357e-17
2.4339304820103815e-17
2.464601122269673e-17
2.4748246690227726e-17
2.4901599891524184e-17
2.5003835359055156e-17
2.531054176164807e-17
2.5412777229179043e-17
2.5566130430475525e-17
2.5719483631771982e-17
2.5821719099302954e-17
2.5975072300599412e-17
2.6077307768130384e-17
2.6179543235661355e-17
2.6281778703192327e-17
2.6588485105785267e-17
2.669072057331624e-17
2.6844073774612696e-17
2.704854470967464e-17
2.7150780177205612e-17
2.735525111226758e-17
2.7508604313564037e-17
2.7661957514860495e-17
2.786642844992244e-17
2.796866391745341e-17
2.817313485251538e-17
2.837760578757732e-17
2.8479841255108294e-17
2.8633194456404764e-17
2.883766539146672e-17
2.893990085899769e-17
2.909325406029415e-17
2.919548952782512e-17
2.929772499535609e-17
2.9502195930418036e-17
2.9655549131714494e-17
2.9757784599245465e-17
2.986002006677644e-17
3.011560873560389e-17
3.021784420313489e-17
3.0371197404431345e-17
3.0473432871962317e-17
3.057566833949329e-17
3.067790380702426e-17
3.078013927455523e-17
3.0882374742086204e-17
3.1137963410913633e-17
3.129131661221009e-17
3.144466981350655e-17
3.164914074856849e-17
3.175137621609949e-17
3.2109200352457914e-17
3.231367128751986e-17
3.2467024488816315e-17
3.267149542387826e-17
3.277373089140923e-17
3.28759663589402e-17
3.2978201826471174e-17
3.3233790495298603e-17
3.343826143036057e-17
3.354049689789157e-17
3.3796085566719e-17
3.389832103424997e-17
3.4051674235546427e-17
3.425614517060837e-17
3.440949837190483e-17
3.4562851573201286e-17
3.4716204774497743e-17
3.502291117709066e-17
3.512514664462168e-17
3.527849984591814e-17
3.538073531344911e-17
3.558520624851105e-17
3.573855944980751e-17
3.584079491733848e-17
3.609638358616591e-17
3.624973678746237e-17
3.6403089988758826e-17
3.65053254562898e-17
3.660756092382077e-17
3.676091412511725e-17
3.6914267326413734e-17
3.7016502793944706e-17
3.7169855995241164e-17
3.7425444664068593e-17
3.7527680131599565e-17
3.768103333289602e-17
3.798773973548894e-17
3.824332840431637e-17
3.839668160561285e-17
3.855003480690933e-17
3.8652270274440304e-17
3.8754505741971275e-17
3.890785894326773e-17
3.906121214456419e-17
3.921456534586065e-17
3.9367918547157106e-17
3.947015401468808e-17
3.9623507215984535e-17
3.972574268351551e-17
3.9879095884811965e-17
3.9981331352342936e-17
4.018580228740493e-17
4.0339155488701387e-17
4.0492508689997844e-17
4.0594744157528816e-17
4.069697962505979e-17
4.079921509259076e-17
4.090145056012173e-17
4.1003686027652703e-17
4.115703922894916e-17
4.125927469648013e-17
4.141262789777659e-17
4.171933430036953e-17
4.187268750166601e-17
4.212827617049344e-17
4.22816293717899e-17
4.248610030685184e-17
4.274168897567927e-17
4.29972776445067e-17
4.3099513112037673e-17
4.3201748579568645e-17
4.33551017808651e-17
4.3559572715927096e-17
4.366180818345807e-17
4.3815161384754525e-17
4.3917396852285497e-17
4.412186778734744e-17
4.422410325487841e-17
4.4326338722409384e-17
4.453080965747133e-17
4.46330451250023e-17
4.483751606006424e-17
4.4939751527595214e-17
4.509310472889172e-17
4.519534019642269e-17
4.5297575663953665e-17
4.5399811131484636e-17
4.560428206654658e-17
4.570651753407755e-17
4.5808753001608523e-17
4.601322393667047e-17
4.611545940420144e-17
4.6268812605497896e-17
4.647328354055984e-17
4.657551900809081e-17
4.6677754475621783e-17
4.6882225410683776e-17
4.708669634574572e-17
4.7291167280807663e-17
4.7495638215869607e-17
4.759787368340058e-17
4.770010915093155e-17
4.785346235222801e-17
4.805793328728995e-17
4.816016875482092e-17
4.8262404222351895e-17
4.84157574236484e-17
4.8620228358710345e-17
4.8875817027537775e-17
4.902917022883423e-17
4.9131405696365204e-17
4.933587663142715e-17
4.954034756648909e-17
4.9744818501551035e-17
4.994928943661298e-17
5.0051524904143974e-17
5.0204878105440457e-17
5.0358231306736914e-17
5.051158450803337e-17
5.0613819975564344e-17
5.0716055443095315e-17
5.081829091062629e-17
5.0971644111922745e-17
5.1073879579453717e-17
5.127835051451566e-17
