4.3210445886634677e-19
6.743101294490247e-19
7.711923976820959e-19
9.165158000317027e-19
1.0618392023813094e-18
1.1587214706143806e-18
1.3040448729639874e-18
1.4978094094301297e-18
1.5946916776632009e-18
1.6915739458962844e-18
1.788456214129368e-18
1.885338482362439e-18
2.030661884712046e-18
2.3213086894112594e-18
2.5150732258774017e-18
2.6603966282270085e-18
2.7572788964600797e-18
2.854161164693151e-18
3.0963668352758288e-18
3.290131371741971e-18
3.3870136399750423e-18
3.4838959082081135e-18
3.580778176441185e-18
3.774542712907327e-18
3.871424981140398e-18
4.016748383490005e-18
4.113630651723076e-18
4.258954054072683e-18
4.355836322305754e-18
4.452718590538825e-18
4.5496008587718965e-18
4.694924261121503e-18
4.7918065293545744e-18
4.888688797587658e-18
5.0824533340538126e-18
5.276217870519955e-18
5.518423541102633e-18
5.615305809335704e-18
5.8090703458018464e-18
5.9059526140349176e-18
6.09971715050106e-18
6.293481686967202e-18
6.438805089316809e-18
6.53568735754988e-18
6.7294518940160226e-18
6.874775296365629e-18
7.020098698715236e-18
7.116980966948307e-18
7.213863235181378e-18
7.407627771647521e-18
7.74671571046327e-18
7.843597978696341e-18
7.940480246929412e-18
8.085803649279019e-18
8.279568185745186e-18
8.424891588094793e-18
8.5702149904444e-18
8.667097258677471e-18
8.763979526910542e-18
8.957744063376684e-18
9.054626331609756e-18
9.248390868075898e-18
9.44215540454204e-18
9.539037672775111e-18
9.635919941008183e-18
9.78124334335779e-18
9.87812561159086e-18
9.975007879823932e-18
1.0120331282173538e-17
1.021721355040661e-17
1.0314095818639681e-17
1.0507860355105823e-17
1.0604742623338894e-17
1.0798507159805037e-17
1.0895389428038108e-17
1.0992271696271179e-17
1.108915396450425e-17
1.1186036232737321e-17
1.1282918500970393e-17
1.1379800769203488e-17
1.1525124171553095e-17
1.1718888708019238e-17
1.1961094378601915e-17
1.2057976646834987e-17
1.2203300049184593e-17
1.23486234515342e-17
1.2445505719767271e-17
1.2542387988000343e-17
1.2639270256233414e-17
1.278459365858302e-17
1.2929917060932627e-17
1.312368159739877e-17
1.3269004999748376e-17
1.3462769536214519e-17
1.3608092938564126e-17
1.3850298609146803e-17
1.3947180877379875e-17
1.4044063145612946e-17
1.4189386547962553e-17
1.433470995031216e-17
1.443159221854523e-17
1.4625356755011398e-17
1.472223902324447e-17
1.481912129147754e-17
1.4964444693827147e-17
1.515820923029329e-17
1.5400414900875967e-17
1.5545738303225574e-17
1.5739502839691716e-17
1.5836385107924787e-17
1.5933267376157858e-17
1.6078590778507465e-17
1.6223914180857072e-17
1.646611985143975e-17
1.6659884387905892e-17
1.6756766656138963e-17
1.690209005848857e-17
1.7095854594954713e-17
1.724117799730432e-17
1.7434942533770462e-17
1.7725589338469688e-17
1.782247160670277e-17
1.7967795009052378e-17
1.806467727728545e-17
1.816155954551852e-17
1.8403765216101198e-17
1.859752975256734e-17
1.8694412020800412e-17
1.8791294289033483e-17
1.8888176557266554e-17
1.903349995961616e-17
1.9130382227849232e-17
1.927570563019884e-17
1.9566352434898052e-17
1.9663234703131123e-17
1.9856999239597266e-17
2.0099204910179944e-17
2.0292969446646086e-17
2.0389851714879157e-17
2.05836162513453e-17
2.0728939653694906e-17
2.0825821921927978e-17
2.092270419016106e-17
2.106802759251068e-17
2.116490986074375e-17
2.140711553132643e-17
2.1600880067792572e-17
2.1697762336025643e-17
2.1794644604258714e-17
2.2036850274841392e-17
2.2133732543074463e-17
2.2230614811307534e-17
2.237593821365714e-17
2.2569702750123283e-17
2.2763467286589426e-17
2.2957231823055568e-17
2.305411409128864e-17
2.3199437493638246e-17
2.3344760895987853e-17
2.349008429833746e-17
2.358696656657053e-17
2.3732289968920138e-17
2.3877613371269744e-17
2.402293677361935e-17
2.4265142444202054e-17
2.4362024712435125e-17
2.4604230383017803e-17
2.4797994919483945e-17
2.4991759455950087e-17
2.5137082858299694e-17
2.5379288528882372e-17
2.5476170797115443e-17
2.562149419946505e-17
2.5766817601814657e-17
2.59605821382808e-17
2.605746440651387e-17
2.6154346674746942e-17
2.6299670077096548e-17
2.6590316881795762e-17
2.673564028414537e-17
2.6880963686494975e-17
2.7123169357077653e-17
2.7220051625310725e-17
2.7316933893543808e-17
2.7462257295893427e-17
2.765602183235957e-17
2.784978636882571e-17
2.799510977117532e-17
2.809199203940839e-17
2.818887430764146e-17
2.828575657587453e-17
2.8382638844107603e-17
2.852796224645721e-17
2.8673285648806817e-17
2.877016791703989e-17
2.886705018527296e-17
2.896393245350603e-17
2.90608147217391e-17
2.930302039232178e-17
2.949678492878792e-17
2.9690549465254064e-17
2.998119626995328e-17
3.0174960806419445e-17
3.0271843074652516e-17
3.046560761111866e-17
3.0610931013468265e-17
3.085313668405094e-17
3.099846008640055e-17
3.109534235463362e-17
3.124066575698323e-17
3.1385989159332834e-17
3.1482871427565906e-17
3.1579753695798977e-17
3.1821959366381655e-17
3.1918841634614726e-17
3.206416503696433e-17
3.220948843931394e-17
3.245169410989662e-17
3.2790782048712367e-17
3.2936105451061973e-17
3.308142885341158e-17
3.317831112164465e-17
3.3372075658110794e-17
3.3468957926343865e-17
3.3565840194576936e-17
3.371116359692654e-17
3.3808045865159614e-17
3.395336926750922e-17
3.414713380397536e-17
3.4244016072208434e-17
3.438933947455804e-17
3.448622174279111e-17
3.4583104011024183e-17
3.4679986279257255e-17
3.4873750815723397e-17
3.506751535218954e-17
3.526127988865568e-17
3.550348555923841e-17
3.560036782747148e-17
3.579413236393762e-17
3.60363380345203e-17
3.6326984839219514e-17
3.6520749375685656e-17
3.666607277803526e-17
3.6859837314501405e-17
3.6956719582734476e-17
3.705360185096755e-17
3.715048411920062e-17
3.7295807521550226e-17
3.7392689789783297e-17
3.7538013192132904e-17
3.7634895460365975e-17
3.782865999683212e-17
3.802242453329826e-17
3.811930680153133e-17
3.826463020388094e-17
3.8409953606230544e-17
3.855527700858015e-17
3.879748267916283e-17
3.899124721562897e-17
3.908812948386204e-17
3.923345288621165e-17
3.942721742267779e-17
3.952409969091086e-17
3.966942309326047e-17
3.976630536149354e-17
3.986318762972661e-17
3.996006989795968e-17
4.0056952166192754e-17
4.0153834434425825e-17
4.029915783677543e-17
4.0492922373241574e-17
4.063824577559118e-17
4.073512804382425e-17
4.097733371440693e-17
4.112265711675654e-17
4.1267980519106144e-17
4.141330392145575e-17
4.155862732380536e-17
4.165550959203843e-17
4.1800832994388085e-17
4.1897715262621156e-17
4.199459753085423e-17
4.20914797990873e-17
4.218836206732037e-17
4.228524433555344e-17
4.243056773790305e-17
4.2575891140252654e-17
4.272121454260226e-17
4.3011861347301474e-17
4.325406701788415e-17
4.3447831554350295e-17
4.364159609081644e-17
4.3883801761399115e-17
4.417444856609833e-17
4.4319771968447935e-17
4.4416654236681006e-17
4.4561977639030613e-17
4.4755742175496756e-17
4.5094830114312505e-17
4.524015351666211e-17
4.5433918053128254e-17
4.5530800321361325e-17
4.567612372371093e-17
4.5869888260177074e-17
4.601521166252668e-17
4.6208976198992823e-17
4.635429960134243e-17
4.64511818695755e-17
4.654806413780857e-17
4.669338754015818e-17
4.6838710942507786e-17
4.693559321074086e-17
4.7080916613090464e-17
4.7177798881323535e-17
4.732312228367314e-17
4.746844568602275e-17
4.766221022248889e-17
4.775909249072196e-17
4.7855974758955033e-17
4.800129816130464e-17
4.824350383188737e-17
4.834038610012044e-17
4.843726836835351e-17
4.863103290481965e-17
4.8727915173052723e-17
4.887323857540233e-17
4.9018561977751937e-17
4.911544424598501e-17
4.921232651421808e-17
4.930920878245115e-17
4.940609105068422e-17
4.950297331891729e-17
4.9599855587150364e-17
4.9696737855383435e-17
4.989050239184958e-17
4.998738466008265e-17
5.008426692831572e-17
5.027803146478186e-17
5.0374913733014933e-17
5.0568678269481076e-17
5.0665560537714147e-17
5.0810883940063753e-17
5.0907766208296825e-17
5.105308961064643e-17
5.11499718788795e-17
5.129529528122911e-17
