3.8936208360580727e-19
5.351838415724745e-19
6.323983468835818e-19
7.296128521947015e-19
8.754346101613687e-19
9.72649115472476e-19
1.2642926314058104e-18
1.5073288946835972e-18
1.7017579053058243e-18
1.8475796632724914e-18
1.9934014212391586e-18
2.090615926550266e-18
2.1878304318613733e-18
2.3336521898280405e-18
2.43086669513916e-18
2.5766884531058274e-18
2.771117463728042e-18
2.9169392216947093e-18
3.0627609796613764e-18
3.2085827376280436e-18
3.3057972429391633e-18
3.4516190009058305e-18
3.548833506216938e-18
3.694655264183605e-18
3.791869769494712e-18
3.9862987801169394e-18
4.083513285428047e-18
4.1807277907391664e-18
4.375156801361381e-18
4.5695858119836205e-18
4.666800317294728e-18
4.861229327916955e-18
5.007051085883622e-18
5.152872843850289e-18
5.2986946018169564e-18
5.493123612439171e-18
5.590338117750291e-18
5.736159875716958e-18
5.9791961389947325e-18
6.1736251496169595e-18
6.368054160239174e-18
6.465268665550294e-18
6.611090423516961e-18
6.756912181483628e-18
6.9027339394502954e-18
6.999948444761403e-18
7.19437745538363e-18
7.388806466005844e-18
7.486020971316964e-18
7.583235476628072e-18
7.777664487250299e-18
7.972093497872526e-18
8.069308003183633e-18
8.166522508494753e-18
8.31234426646142e-18
8.555380529739194e-18
8.847024045672529e-18
8.944238550983636e-18
9.041453056294756e-18
9.23588206691697e-18
9.33309657222809e-18
9.430311077539197e-18
9.916383604094759e-18
1.0013598109405866e-17
1.0110812614716974e-17
1.03052416253392e-17
1.0548277888616975e-17
1.0645492393928095e-17
1.083992140455031e-17
1.1034350415172549e-17
1.1180172173139216e-17
1.137460118376143e-17
1.147181568907255e-17
1.1714851952350325e-17
1.1812066457661432e-17
1.200649546828366e-17
1.2103709973594767e-17
1.2346746236872553e-17
1.2443960742183661e-17
1.2589782500150328e-17
1.2735604258116995e-17
1.2930033268739222e-17
1.3124462279361437e-17
1.3270284037328104e-17
1.3416105795294771e-17
1.3513320300605891e-17
1.3610534805916998e-17
1.3902178321850333e-17
1.4048000079817e-17
1.419382183778368e-17
1.4388250848405894e-17
1.458267985902812e-17
1.4777108869650348e-17
1.4874323374961455e-17
1.5068752385583682e-17
1.521457414355035e-17
1.5311788648861457e-17
1.5506217659483684e-17
1.560343216479479e-17
1.574925392276146e-17
1.5943682933383686e-17
1.6089504691350353e-17
1.618671919666146e-17
1.6283933701972567e-17
1.6381148207283687e-17
1.6526969965250354e-17
1.667279172321702e-17
1.6867220733839236e-17
1.7013042491805903e-17
1.7110256997117023e-17
1.7353293260394798e-17
1.7499115018361477e-17
1.7644936776328144e-17
1.779075853429481e-17
1.788797303960592e-17
1.7985187544917026e-17
1.8179616555539253e-17
1.827683106085036e-17
1.8471260071472588e-17
1.8617081829439255e-17
1.8762903587405922e-17
1.886011809271703e-17
1.895733259802815e-17
1.9054547103339256e-17
1.9151761608650364e-17
1.929758336661703e-17
1.9443405124583698e-17
1.9637834135205925e-17
1.9783655893172592e-17
1.98808703984837e-17
2.0026692156450367e-17
2.0123906661761486e-17
2.0221121167072594e-17
2.036694292503926e-17
2.0512764683005928e-17
2.0609979188317048e-17
2.0804408198939275e-17
2.1193266220183717e-17
2.1290480725494824e-17
2.1387695230805944e-17
2.153351698877261e-17
2.1727945999394825e-17
2.1873767757361493e-17
2.2165411273294827e-17
2.245705478922816e-17
2.2651483799850388e-17
2.2797305557817056e-17
2.2943127315783723e-17
2.304034182109483e-17
2.3186163579061497e-17
2.3283378084372617e-17
2.3429199842339284e-17
2.352641434765039e-17
2.367223610561706e-17
2.3818057863583726e-17
2.3963879621550405e-17
2.4061094126861513e-17
2.415830863217262e-17
2.4352737642794847e-17
2.4498559400761514e-17
2.464438115872818e-17
2.474159566403929e-17
2.4887417422005956e-17
2.5081846432628183e-17
2.517906093793929e-17
2.5373489948561517e-17
2.5567918959183744e-17
2.5713740717150412e-17
2.585956247511708e-17
2.6053991485739294e-17
2.6151205991050413e-17
2.624842049636152e-17
2.6394242254328188e-17
2.6540064012294855e-17
2.6685885770261522e-17
2.678310027557263e-17
2.688031478088375e-17
2.7074743791505976e-17
2.7269172802128203e-17
2.736638730743931e-17
2.7609423570717085e-17
2.7706638076028205e-17
2.780385258133931e-17
2.8095496097272646e-17
2.8192710602583754e-17
2.838713961320598e-17
2.848435411851709e-17
2.858156862382821e-17
2.877599763445042e-17
2.887321213976154e-17
2.901903389772821e-17
2.9116248403039317e-17
2.9262070161005984e-17
2.940789191897265e-17
2.955371367693932e-17
2.9748142687561545e-17
2.999117895083932e-17
3.0185607961461547e-17
3.0331429719428214e-17
3.0428644224739334e-17
3.052585873005044e-17
3.062307323536155e-17
3.0768894993328216e-17
3.0866109498639335e-17
3.096332400395044e-17
3.110914576191711e-17
3.1303574772539337e-17
3.1400789277850444e-17
3.154661103581711e-17
3.174104004643934e-17
3.1935469057061553e-17
3.208129081502822e-17
3.217850532033934e-17
3.2372934330961555e-17
3.2470148836272674e-17
3.256736334158378e-17
3.266457784689489e-17
3.276179235220601e-17
3.3004828615483783e-17
3.319925762610601e-17
3.3393686636728225e-17
3.3490901142039345e-17
3.363672290000601e-17
3.378254465797268e-17
3.38797591632838e-17
3.4122795426561573e-17
3.422000993187268e-17
3.43172244371838e-17
3.446304619515047e-17
3.4560260700461575e-17
3.470608245842824e-17
3.485190421639491e-17
3.4949118721706016e-17
3.5094940479672684e-17
3.533797674295047e-17
3.548379850091714e-17
3.567822751153935e-17
3.587265652216158e-17
3.6018478280128247e-17
3.6115692785439354e-17
3.626151454340602e-17
3.635872904871714e-17
3.6601765311994915e-17
3.6698979817306035e-17
3.679619432261714e-17
3.689340882792826e-17
3.699062333323937e-17
3.7087837838550477e-17
3.7282266849172704e-17
3.742808860713937e-17
3.752530311245048e-17
3.76225176177616e-17
3.7719732123072705e-17
3.786555388103937e-17
3.796276838635048e-17
3.80599828916616e-17
3.8351626407594934e-17
3.854605541821715e-17
3.8789091681494935e-17
3.888630618680604e-17
3.917794970273938e-17
3.9275164208050485e-17
3.9372378713361604e-17
3.946959321867271e-17
3.961541497663938e-17
3.9761236734606046e-17
3.9907058492572725e-17
4.005288025053939e-17
4.01500947558505e-17
4.034452376647273e-17
4.0441738271783834e-17
4.05875600297505e-17
4.068477453506161e-17
4.0830596293028276e-17
4.0927810798339396e-17
4.112223980896161e-17
4.121945431427273e-17
4.13652760722394e-17
4.1462490577550505e-17
4.155970508286161e-17
4.170552684082828e-17
4.1948563104106066e-17
4.204577760941716e-17
4.219159936738385e-17
4.228881387269495e-17
4.238602837800607e-17
4.248324288331719e-17
4.262906464128383e-17
4.282349365190607e-17
4.2969315409872736e-17
4.32123516731505e-17
4.340678068377274e-17
4.350399518908383e-17
4.360120969439498e-17
4.369842419970607e-17
4.384424595767274e-17
4.40872822209505e-17
4.4233103978917193e-17
4.442753298953941e-17
4.452474749485053e-17
4.462196200016162e-17
4.471917650547277e-17
4.481639101078386e-17
4.505942727406165e-17
4.520524903202829e-17
4.5351070789994983e-17
4.544828529530608e-17
4.559410705327277e-17
4.583714331655053e-17
4.59829650745172e-17
4.6080179579828295e-17
4.6274608590450534e-17
4.637182309576163e-17
4.6469037601072773e-17
4.6614859359039416e-17
4.6712073864350536e-17
4.6809288369661655e-17
4.690650287497275e-17
4.700371738028387e-17
4.710093188559499e-17
4.724675364356163e-17
4.7392575401528324e-17
4.7538397159494967e-17
4.763561166480611e-17
4.7732826170117206e-17
4.78300406754283e-17
4.797586243339499e-17
4.812168419136166e-17
4.8461934959950566e-17
4.855914946526166e-17
4.870497122322833e-17
4.8850792981194996e-17
4.9045221991817235e-17
4.919104374978388e-17
4.938547276040612e-17
4.9628509023683904e-17
4.9725723528995e-17
4.992015253961724e-17
5.021179605555057e-17
5.030901056086167e-17
5.040622506617276e-17
5.0552046824139455e-17
5.074647583476167e-17
5.0892297592728336e-17
5.1038119350695004e-17
5.123254836131722e-17
