4.1540433163933985e-19
5.833670691573296e-19
6.673484379163368e-19
7.933204910548353e-19
9.192925441933337e-19
1.0032739129523163e-18
1.0872552817113235e-18
1.2552180192293132e-18
1.3391993879883204e-18
1.423180756747303e-18
1.6331341786448087e-18
1.759106231783307e-18
1.8430876005422897e-18
2.0530410224397954e-18
2.1370223911987902e-18
2.2629944443372764e-18
2.4309571818552785e-18
2.556929234993777e-18
2.6409106037527718e-18
2.7248919725117667e-18
2.8088733412707616e-18
2.93484539440926e-18
3.1028081319272498e-18
3.270770869445252e-18
3.3967429225837503e-18
3.480724291342745e-18
3.648687028860735e-18
3.816649766378737e-18
3.900631135137732e-18
4.068593872655722e-18
4.19456592579422e-18
4.278547294553227e-18
4.36252866331221e-18
4.446510032071217e-18
4.530491400830212e-18
4.614472769589207e-18
4.7824355071071966e-18
5.076370297763697e-18
5.202342350902183e-18
5.328314404040682e-18
5.412295772799689e-18
5.5382678259381874e-18
5.62224919469717e-18
5.7482212478356684e-18
5.874193300974167e-18
6.042156038492157e-18
6.126137407251164e-18
6.210118776010159e-18
6.336090829148657e-18
6.420072197907652e-18
6.5460442510461505e-18
6.755997672943644e-18
7.049932463600132e-18
7.133913832359127e-18
7.259885885497625e-18
7.34386725425662e-18
7.553820676154114e-18
7.763774098051607e-18
7.889746151190106e-18
7.9737275199491e-18
8.057708888708108e-18
8.14169025746709e-18
8.351643679364596e-18
8.477615732503094e-18
8.645578470021084e-18
8.771550523159582e-18
8.897522576298081e-18
9.023494629436567e-18
9.23344805133406e-18
9.317429420093055e-18
9.40141078885205e-18
9.527382841990549e-18
9.653354895129047e-18
9.737336263888042e-18
9.947289685785535e-18
1.0031271054544543e-17
1.0199233792062532e-17
1.0283215160821527e-17
1.0367196529580522e-17
1.045117789833953e-17
1.0535159267098512e-17
1.0619140635857519e-17
1.0745112688996018e-17
1.0871084742134516e-17
1.0955066110893499e-17
1.1039047479652506e-17
1.11230288484115e-17
1.1207010217170495e-17
1.1290991585929503e-17
1.1374972954688485e-17
1.1584926376585991e-17
1.1794879798483472e-17
1.192085185162197e-17
1.2130805273519476e-17
1.2214786642278459e-17
1.2298768011037466e-17
1.238274937979646e-17
1.2466730748555456e-17
1.2634693486073445e-17
1.2718674854832453e-17
1.2844646907970951e-17
1.297061896110945e-17
1.3096591014247936e-17
1.3222563067386434e-17
1.3348535120524933e-17
1.3516497858042922e-17
1.3642469911181421e-17
1.3810432648699423e-17
1.3894414017458405e-17
1.4020386070596904e-17
1.410436743935591e-17
1.423033949249441e-17
1.4314320861253392e-17
1.444029291439189e-17
1.456626496753039e-17
1.4692237020668888e-17
1.4776218389427882e-17
1.4944181126945884e-17
1.5112143864463874e-17
1.5238115917602373e-17
1.5574041392638352e-17
1.570001344577685e-17
1.5783994814535858e-17
1.5867976183294853e-17
1.5951957552053848e-17
1.6035938920812842e-17
1.6119920289571837e-17
1.6245892342710336e-17
1.6413855080228326e-17
1.6539827133366824e-17
1.6665799186505323e-17
1.679177123964382e-17
1.6875752608402816e-17
1.708570603030031e-17
1.7211678083438808e-17
1.7337650136577306e-17
1.7463622189715805e-17
1.7631584927233794e-17
1.7799547664751784e-17
1.7925519717890283e-17
1.805149177102878e-17
1.821945450854677e-17
1.8303435877305778e-17
1.8429407930444277e-17
1.8555379983582763e-17
1.8639361352341758e-17
1.8765333405480256e-17
1.884931477423925e-17
1.8933296142998246e-17
1.9185240249275243e-17
1.9353202986793232e-17
1.947917503993173e-17
1.9563156408690738e-17
1.9689128461829224e-17
1.977310983058822e-17
1.9983063252485725e-17
2.010903530562421e-17
2.023500735876271e-17
2.040297009628071e-17
2.0486951465039694e-17
2.0612923518178193e-17
2.06969048869372e-17
2.0822876940075698e-17
2.0948848993214184e-17
2.1074821046352683e-17
2.120079309949118e-17
2.1326765152629667e-17
2.1410746521388675e-17
2.149472789014767e-17
2.1620699943286168e-17
2.183065336518366e-17
2.195662541832216e-17
2.2040606787081155e-17
2.216657884021964e-17
2.229255089335814e-17
2.2418522946496638e-17
2.2544494999635136e-17
2.275444842153263e-17
2.2922411159050632e-17
2.309037389656862e-17
2.321634594970712e-17
2.3342318002845618e-17
2.3594262109122603e-17
2.3762224846640605e-17
2.388819689977909e-17
2.401416895291759e-17
2.4098150321676585e-17
2.4224122374815083e-17
2.435009442795358e-17
2.447606648109208e-17
2.460203853423058e-17
2.468601990298956e-17
2.4770001271748568e-17
2.4853982640507563e-17
2.4937964009266558e-17
2.5021945378025565e-17
2.5105926746784548e-17
2.5231898799923046e-17
2.5441852221820552e-17
2.5567824274959038e-17
2.573578701247704e-17
2.586175906561554e-17
2.594574043437452e-17
2.6029721803133528e-17
2.6239675225031022e-17
2.6365647278169508e-17
2.6449628646928515e-17
2.653361001568751e-17
2.6659582068826008e-17
2.6743563437585003e-17
2.6827544806343998e-17
2.6911526175102993e-17
2.6995507543862e-17
2.71214795970005e-17
2.720546096575948e-17
2.7415414387656987e-17
2.7625367809554468e-17
2.7709349178313475e-17
2.7835321231451974e-17
2.791930260021097e-17
2.8045274653349455e-17
2.812925602210846e-17
2.829721875962645e-17
2.854916286590345e-17
2.867513491904195e-17
2.875911628780093e-17
2.8843097656559937e-17
2.892707902531893e-17
2.905305107845743e-17
2.922101381597542e-17
2.934698586911392e-17
2.955693929101141e-17
2.9640920659770407e-17
2.97249020285294e-17
2.99768461348064e-17
3.0102818187944897e-17
3.0228790241083395e-17
3.031277160984239e-17
3.048073434736038e-17
3.064869708487838e-17
3.0732678453637377e-17
3.081665982239637e-17
3.0900641191155367e-17
3.1026613244293865e-17
3.1152585297432364e-17
3.123656666619136e-17
3.1320548034950353e-17
3.140452940370935e-17
3.1530501456847847e-17
3.1656473509986345e-17
3.1782445563124844e-17
3.1950408300642833e-17
3.2160361722540327e-17
3.224434309129932e-17
3.232832446005833e-17
3.245429651319683e-17
3.2580268566335313e-17
3.266424993509431e-17
3.2790221988232807e-17
3.2916194041371305e-17
3.30001754101303e-17
3.3084156778889295e-17
3.3210128832027793e-17
3.32941102007868e-17
3.346207293830479e-17
3.3546054307063785e-17
3.363003567582278e-17
3.375600772896128e-17
3.388197978209978e-17
3.4049942519617767e-17
3.4175914572756265e-17
3.4301886625894764e-17
3.438586799465376e-17
3.451184004779226e-17
3.472179346968975e-17
3.4805774838448745e-17
3.4931746891587244e-17
3.501572826034624e-17
3.5099709629105234e-17
3.5267672366623236e-17
3.5393644419761734e-17
3.551961647290022e-17
3.5603597841659215e-17
3.568757921041822e-17
3.577156057917722e-17
3.5897532632315703e-17
3.60235046854542e-17
3.623345810735171e-17
3.648540221362869e-17
3.661137426676719e-17
3.6821327688664684e-17
3.690530905742368e-17
3.6989290426182674e-17
3.7157253163700663e-17
3.724123453245967e-17
3.7325215901218666e-17
3.740919726997766e-17
3.749317863873667e-17
3.757716000749565e-17
3.766114137625466e-17
3.774512274501365e-17
3.782910411377265e-17
3.791308548253164e-17
3.7997066851290637e-17
3.8081048220049644e-17
3.816502958880864e-17
3.8291001641947125e-17
3.850095506384463e-17
3.871090848574211e-17
3.883688053888061e-17
3.9046833960778116e-17
3.91728060139166e-17
3.92987780670551e-17
3.94247501201936e-17
3.959271285771159e-17
3.9844656963988586e-17
3.992863833274758e-17
4.009660107026557e-17
4.018058243902458e-17
4.0306554492163076e-17
4.0474517229681066e-17
4.0600489282819564e-17
4.068447065157856e-17
4.0768452020337554e-17
4.0936414757855544e-17
4.106238681099404e-17
4.1272340232891536e-17
4.135632160165053e-17
4.148229365478903e-17
4.169224707668652e-17
4.181821912982502e-17
4.198618186734302e-17
4.211215392048151e-17
4.2196135289240504e-17
4.2364098026758506e-17
4.249007007989699e-17
4.2574051448656e-17
4.27000235017945e-17
4.278400487055349e-17
4.286798623931249e-17
4.2993958292450986e-17
4.3119930345589484e-17
4.320391171434848e-17
4.3329883767486965e-17
4.3455855820625464e-17
4.366580924252297e-17
4.374979061128195e-17
4.395974403317946e-17
4.4085716086317956e-17
4.4253678823835946e-17
4.446363224573344e-17
4.463159498325143e-17
4.4715576352010424e-17
4.479955772076943e-17
4.492552977390793e-17
4.5051501827046416e-17
4.5177473880184914e-17
4.530344593332341e-17
4.54294179864619e-17
4.55553900396004e-17
4.57653434614979e-17
4.5849324830256886e-17
4.5975296883395384e-17
4.605927825215439e-17
4.6143259620913386e-17
4.635321304281088e-17
4.652117578032887e-17
4.6605157149087876e-17
4.6773119886605866e-17
4.6899091939744365e-17
4.7067054677262354e-17
4.719302673040085e-17
4.727700809915985e-17
4.736098946791884e-17
4.778089631171383e-17
4.790686836485233e-17
4.8032840417990826e-17
4.8200803155508816e-17
4.8326775208647314e-17
4.841075657740631e-17
4.86207099993038e-17
4.87466820524423e-17
4.88726541055808e-17
4.89986261587193e-17
4.9124598211857784e-17
4.937654231813478e-17
4.950251437127327e-17
4.9586495740032275e-17
4.9754458477550264e-17
4.988043053068876e-17
4.996441189944776e-17
5.0090383952586256e-17
5.017436532134525e-17
5.0384318743242744e-17
5.0552281480760746e-17
5.063626284951974e-17
5.080422558703773e-17
5.0972188324555733e-17
5.114015106207372e-17
5.122413243083272e-17
5.130811379959171e-17
