4.27003607412897e-19
5.304053262504562e-19
6.855079045068196e-19
8.923113421819626e-19
1.0474139204383014e-18
1.2025164986946648e-18
1.3576190769510035e-18
1.512721655207367e-18
1.6161233740449261e-18
1.7712259523012895e-18
1.8746276711388487e-18
1.9780293899764325e-18
2.0814311088139917e-18
2.184832827651563e-18
2.391636265326694e-18
2.4950379841642777e-18
2.6501405624206164e-18
2.7535422812582003e-18
2.908644859514539e-18
3.012046578352123e-18
3.2188500160272535e-18
3.3739525942836046e-18
3.477354313121164e-18
3.632456891377527e-18
3.735858610215086e-18
3.83926032905267e-18
3.994362907309009e-18
4.201166344984152e-18
4.3045680638217234e-18
4.407969782659295e-18
4.614773220334438e-18
4.8215766580095686e-18
4.92497837684714e-18
5.028380095684699e-18
5.183482673941063e-18
5.286884392778622e-18
5.390286111616206e-18
5.5453886898725444e-18
5.648790408710116e-18
5.7521921275476874e-18
5.9072947058040385e-18
6.2692007217355326e-18
6.4760041594106756e-18
6.579405878248235e-18
6.734508456504598e-18
7.09641447243608e-18
7.199816191273651e-18
7.303217910111223e-18
7.510021347786366e-18
7.768525644880289e-18
7.871927363717848e-18
8.027029941974199e-18
8.23383337964933e-18
8.337235098486913e-18
8.492337676743252e-18
8.750841973837175e-18
8.957645411512318e-18
9.112747989768681e-18
9.21614970860624e-18
9.319551427443812e-18
9.422953146281383e-18
9.526354865118942e-18
9.681457443375306e-18
9.939961740469228e-18
1.0043363459306788e-17
1.025016689698193e-17
1.0508671194075853e-17
1.0922278069426127e-17
1.118078236652005e-17
1.1284184085357621e-17
1.1542688382451543e-17
1.1956295257801817e-17
1.2111397836058168e-17
1.221479955489574e-17
1.2318201273733311e-17
1.2525004711408442e-17
1.2680107289664805e-17
1.2835209867921144e-17
1.2938611586758728e-17
1.3093714165015067e-17
1.330051760269021e-17
1.3403919321527769e-17
1.3507321040365353e-17
1.3714124478040471e-17
1.3817526196878055e-17
1.3920927915715614e-17
1.4076030493971977e-17
1.428283393164712e-17
1.448963736932224e-17
1.4799842525834966e-17
1.5110047682347668e-17
1.5213449401185227e-17
1.531685112002281e-17
1.542025283886037e-17
1.552365455769793e-17
1.5678757135954292e-17
1.5782158854791852e-17
1.5988962292466995e-17
1.6092364011304578e-17
1.6247466589560917e-17
1.650597088665484e-17
1.6661073464911203e-17
1.6919577762005126e-17
1.712638119968027e-17
1.7333184637355387e-17
1.743658635619297e-17
1.759168893444931e-17
1.7695090653286894e-17
1.7901894090962012e-17
1.8056996669218375e-17
1.8212099247474714e-17
1.8315500966312298e-17
1.8470603544568637e-17
1.8625706122825e-17
1.872910784166256e-17
1.8884210419918923e-17
1.9039312998175286e-17
1.9142714717012845e-17
1.9246116435850404e-17
1.9401219014106768e-17
1.955632159236313e-17
1.971142417061947e-17
1.9866526748875833e-17
1.9969928467713393e-17
2.0125031045969756e-17
2.0228432764807315e-17
2.03318344836449e-17
2.0486937061901238e-17
2.059033878073882e-17
2.0900543937251524e-17
2.1003945656089083e-17
2.1159048234345446e-17
2.1262449953183005e-17
2.141755253143937e-17
2.1520954250276928e-17
2.1624355969114512e-17
2.177945854737085e-17
2.1882860266208434e-17
2.2193065422721137e-17
2.2348168000977475e-17
2.2554971438652618e-17
2.276177487632776e-17
2.296857831400288e-17
2.3071980032840464e-17
2.3330484329934386e-17
2.3433886048771945e-17
2.353728776760953e-17
2.3692390345865868e-17
2.384749292412223e-17
2.4054296361797374e-17
2.4157698080634933e-17
2.4312800658891297e-17
2.4467903237147636e-17
2.457130495598522e-17
2.4778108393660338e-17
2.498491183133548e-17
2.5088313550173065e-17
2.5191715269010624e-17
2.5295116987848183e-17
2.5450219566104546e-17
2.5553621284942106e-17
2.570872386319847e-17
2.596722816029239e-17
2.6122330738548755e-17
2.6225732457386314e-17
2.6329134176223873e-17
2.6587638473317796e-17
2.6691040192155355e-17
2.684614277041172e-17
2.7001245348668082e-17
2.7311450505180784e-17
2.7466553083437123e-17
2.7621655661693486e-17
2.777675823994985e-17
2.798356167762497e-17
2.819036511530011e-17
2.8345467693556474e-17
2.8500570271812813e-17
2.86039719906504e-17
2.8707373709487956e-17
2.896587800658188e-17
2.906927972541946e-17
2.92243823036758e-17
2.9534587460188503e-17
2.9741390897863646e-17
2.984479261670123e-17
2.999989519495757e-17
3.015499777321393e-17
3.031010035147027e-17
3.0516903789145414e-17
3.0620305507983e-17
3.072370722682056e-17
3.09305106644957e-17
3.113731410217082e-17
3.139581839926474e-17
3.1602621836939884e-17
3.1706023555777443e-17
3.1964527852871366e-17
3.206792957170895e-17
3.222303214996529e-17
3.232643386880287e-17
3.2584938165896795e-17
3.2688339884734354e-17
3.28951433224095e-17
3.2998545041247056e-17
3.310194676008464e-17
3.325704933834098e-17
3.341215191659734e-17
3.3567254494853706e-17
3.3670656213691265e-17
3.392916051078519e-17
3.408426308904155e-17
3.429106652671667e-17
3.444616910497303e-17
3.4601271683229396e-17
3.501487855857966e-17
3.516998113683602e-17
3.532508371509236e-17
3.548018629334872e-17
3.558358801218628e-17
3.5738690590442645e-17
3.5893793168698984e-17
3.604889574695535e-17
3.6152297465792907e-17
3.635910090346805e-17
3.6514203481724413e-17
3.666930605998075e-17
3.6824408638237115e-17
3.713461379474982e-17
3.7238015513587377e-17
3.734141723242496e-17
3.74965198106813e-17
3.770332324835644e-17
3.8013528404869144e-17
3.816863098312551e-17
3.827203270196307e-17
3.837543442080065e-17
3.853053699905699e-17
3.868563957731335e-17
3.8840742155569716e-17
3.8944143874407276e-17
3.915094731208242e-17
3.925434903091998e-17
3.940945160917634e-17
3.95128533280139e-17
3.9667955906270264e-17
3.98230584845266e-17
4.0133263641039305e-17
4.023666535987689e-17
4.039176793813323e-17
4.049516965697081e-17
4.0753673954064734e-17
4.096047739173985e-17
4.1115579969996215e-17
4.127068254825258e-17
4.137408426709014e-17
4.15291868453465e-17
4.168428942360284e-17
4.194279372069676e-17
4.2097896298953126e-17
4.2252998877209465e-17
4.240810145546583e-17
4.261490489314097e-17
4.271830661197853e-17
4.2821708330816114e-17
4.2976810909072453e-17
4.3131913487328817e-17
4.333871692500396e-17
4.344211864384152e-17
4.359722122209788e-17
4.3804024659773e-17
4.3907426378610584e-17
4.411422981628573e-17
4.4372734113379625e-17
4.452783669163599e-17
4.473464012931113e-17
4.483804184814869e-17
4.494144356698625e-17
4.514824700466139e-17
4.5303349582917756e-17
4.55101530205929e-17
4.566525559884924e-17
4.576865731768682e-17
4.587205903652438e-17
4.6078862474199524e-17
4.628566591187467e-17
4.6440768490131006e-17
4.654417020896859e-17
4.664757192780615e-17
4.680267450606251e-17
4.700947794373763e-17
4.7267982240831553e-17
4.737138395966914e-17
4.762988825676306e-17
4.78366916944382e-17
4.8095195991532125e-17
4.8301999429207244e-17
4.8560503726301166e-17
4.876730716397631e-17
4.897411060165145e-17
4.912921317990779e-17
4.9284315758164154e-17
4.9387717477001713e-17
4.94911191958393e-17
4.9594520914676856e-17
4.9801324352352e-17
5.005982864944592e-17
5.021493122770226e-17
5.0318332946539845e-17
5.0421734665377404e-17
5.052513638421499e-17
5.0628538103052547e-17
5.0731939821890106e-17
5.083534154072769e-17
5.093874325956525e-17
5.104214497840283e-17
5.1300649275496755e-17
