3.567902265474473e-19
6.500333624276473e-19
7.673306167797223e-19
8.846278711317974e-19
1.1778710070119974e-18
1.2951682613640725e-18
1.4711141428921974e-18
1.7057086515963475e-18
1.8816545331244724e-18
2.057600414652585e-18
2.17489766900466e-18
2.5267894320608976e-18
2.7027353135890102e-18
2.8200325679410976e-18
2.9373298222931727e-18
3.0546270766452477e-18
3.171924330997335e-18
3.4065188397014853e-18
3.58246472122961e-18
3.875707857109798e-18
3.993005111461885e-18
4.168950992989998e-18
4.3448968745181104e-18
4.462194128870198e-18
4.579491383222273e-18
4.7554372647503855e-18
4.990031773454548e-18
5.107329027806623e-18
5.283274909334736e-18
5.4592207908628605e-18
5.635166672390973e-18
6.045707062623248e-18
6.1630043169753356e-18
6.338950198503448e-18
6.456247452855523e-18
6.866787843087798e-18
6.984085097439886e-18
7.277328233320073e-18
7.39462548767216e-18
7.511922742024236e-18
7.746517250728386e-18
8.039760386608586e-18
8.215706268136699e-18
8.508949404016899e-18
8.626246658368974e-18
8.743543912721061e-18
9.036787048601249e-18
9.154084302953336e-18
9.271381557305411e-18
9.623273320361649e-18
9.740570574713724e-18
9.916516456241836e-18
1.0092462337769961e-17
1.0268408219298074e-17
1.0503002728002224e-17
1.0620299982354324e-17
1.0913543118234499e-17
1.1148137626938649e-17
1.1324083508466774e-17
1.1500029389994899e-17
1.1617326644346974e-17
1.1851921153051149e-17
1.19692184074032e-17
1.2086515661755299e-17
1.2262461543283424e-17
1.2497056051987574e-17
1.2614353306339649e-17
1.2907596442219849e-17
1.3142190950923999e-17
1.3318136832452124e-17
1.36113799683323e-17
1.3728677222684399e-17
1.396327173138855e-17
1.4080568985740624e-17
1.41978662400927e-17
1.44911093759729e-17
1.4843001139029125e-17
1.501894702055725e-17
1.5136244274909325e-17
1.52535415292614e-17
1.5429487410789525e-17
1.5664081919493675e-17
1.58400278010218e-17
1.6133270936902e-17
1.6250568191254075e-17
1.636786544560615e-17
1.6485162699958225e-17
1.6602459954310325e-17
1.6719757208662375e-17
1.6837054463014475e-17
1.713029759889465e-17
1.7306243480422775e-17
1.74821893619509e-17
1.7599486616302975e-17
1.77754324978311e-17
1.79513783793592e-17
1.8185972888063375e-17
1.830327014241545e-17
1.85378646511196e-17
1.8713810532647725e-17
1.88311077869998e-17
1.9007053668527925e-17
1.9241648177232075e-17
1.935894543158415e-17
1.95935399402883e-17
1.97108371946404e-17
1.9828134448992475e-17
1.994543170334455e-17
2.0297323466400775e-17
2.053191797510495e-17
2.0649215229457e-17
2.0942458365337225e-17
2.1177052874041375e-17
2.129435012839345e-17
2.147029600992155e-17
2.1646241891449676e-17
2.1880836400153826e-17
2.1998133654505925e-17
2.217407953603405e-17
2.22913767903861e-17
2.24086740447382e-17
2.2584619926266325e-17
2.2819214434970476e-17
2.293651168932255e-17
2.3053808943674626e-17
2.31711061980267e-17
2.3347052079554826e-17
2.3640295215435026e-17
2.381624109696315e-17
2.399218697849125e-17
2.428543011437145e-17
2.4461375995899576e-17
2.457867325025165e-17
2.4695970504603726e-17
2.48132677589558e-17
2.4989213640483926e-17
2.5165159522012026e-17
2.53997540307162e-17
2.55756999122443e-17
2.56929971665964e-17
2.58689430481245e-17
2.6044888929652626e-17
2.6279483438356776e-17
2.639678069270885e-17
2.651407794706095e-17
2.6631375201413e-17
2.6865969710117176e-17
2.7100564218821326e-17
2.727651010034945e-17
2.7393807354701526e-17
2.756975323622965e-17
2.78043477449338e-17
2.8097590880814e-17
2.82735367623421e-17
2.8449482643870227e-17
2.8566779898222326e-17
2.8684077152574377e-17
2.88600230341025e-17
2.909461754280665e-17
2.9329212051510827e-17
2.94465093058629e-17
2.9622455187391027e-17
2.9857049696095177e-17
3.00329955776233e-17
3.0208941459151427e-17
3.032623871350348e-17
3.05021845950316e-17
3.0678130476559727e-17
3.07954277309118e-17
3.0971373612439927e-17
3.1088670866792e-17
3.120596812114408e-17
3.132326537549615e-17
3.15578598842003e-17
3.173380576572843e-17
3.18511030200805e-17
3.196840027443258e-17
3.21443461559607e-17
3.232029203748883e-17
3.24375892918409e-17
3.27308324277211e-17
3.290677830924923e-17
3.32000214451294e-17
3.337596732665753e-17
3.34932645810096e-17
3.361056183536168e-17
3.37865077168898e-17
3.407975085277e-17
3.42556967342981e-17
3.454893987017833e-17
3.466623712453038e-17
3.48421830060585e-17
3.49594802604106e-17
3.507677751476265e-17
3.519407476911475e-17
3.537002065064288e-17
3.554596653217098e-17
3.58978582952272e-17
3.607380417675533e-17
3.624975005828345e-17
3.642569593981158e-17
3.66016418213397e-17
3.67775877028678e-17
3.689488495721988e-17
3.701218221157195e-17
3.718812809310008e-17
3.736407397462818e-17
3.75400198561563e-17
3.771596573768443e-17
3.789191161921255e-17
3.81265061279167e-17
3.830245200944483e-17
3.847839789097295e-17
3.8595695145325003e-17
3.877164102685313e-17
3.888893828120523e-17
3.900623553555728e-17
3.9182181417085403e-17
3.9416775925789553e-17
3.971001906166978e-17
3.982731631602183e-17
3.994461357037393e-17
4.0061910824726003e-17
4.0237856706254103e-17
4.041380258778223e-17
4.0589748469310353e-17
4.070704572366243e-17
4.0882991605190553e-17
4.100028885954263e-17
4.123488336824678e-17
4.152812650412698e-17
4.1762721012831153e-17
4.1938666894359254e-17
4.2231910030239454e-17
4.258380179329568e-17
4.2759747674823804e-17
4.287704492917588e-17
4.3052990810704004e-17
4.322893669223213e-17
4.334623394658418e-17
4.346353120093628e-17
4.369812570964043e-17
4.3815422963992504e-17
4.393272021834458e-17
4.405001747269668e-17
4.416731472704873e-17
4.428461198140083e-17
4.4401909235752904e-17
4.451920649010498e-17
4.481244962598518e-17
4.498839550751328e-17
4.5164341389041404e-17
4.534028727056953e-17
4.5457584524921604e-17
4.563353040644973e-17
4.586812491515388e-17
4.6044070796682004e-17
4.616136805103408e-17
4.6337313932562204e-17
4.645461118691428e-17
4.6571908441266354e-17
4.698244883149863e-17
4.7099746085850704e-17
4.721704334020278e-17
4.7392989221730904e-17
4.751028647608298e-17
4.768623235761108e-17
4.7920826866315254e-17
4.803812412066733e-17
4.8155421375019405e-17
4.833136725654753e-17
4.8683259019603755e-17
4.8976502155483955e-17
4.909379940983603e-17
4.932839391854018e-17
4.9562988427244355e-17
4.968028568159643e-17
4.9797582935948505e-17
4.991488019030058e-17
5.014947469900473e-17
5.0384069207708905e-17
5.0560015089237005e-17
5.0677312343589105e-17
5.079460959794118e-17
5.0911906852293255e-17
5.108785273382138e-17
5.1263798615349505e-17
