4.256619874999035e-19
5.29066400267354e-19
6.841730194185175e-19
9.943862577207951e-19
1.097790670488221e-18
1.3045994960230728e-18
1.4080039087904986e-18
1.5114083215579245e-18
1.6148127343253504e-18
1.7182171470927763e-18
1.8733237662439644e-18
2.080132591778816e-18
2.183537004546242e-18
2.286941417313668e-18
2.4420480364648067e-18
2.5971546556159455e-18
2.7522612747670843e-18
2.907367893918223e-18
3.165878925836837e-18
3.372687751371689e-18
3.579496576906541e-18
3.7346031960576795e-18
3.838007608825105e-18
4.148220847127383e-18
4.251625259894809e-18
4.406731879045997e-18
4.510136291813423e-18
4.613540704580849e-18
4.7686473237319875e-18
5.027158355650552e-18
5.130562768417978e-18
5.233967181185404e-18
5.389073800336543e-18
5.492478213103969e-18
5.595882625871419e-18
5.8026914514062956e-18
5.9577980705574344e-18
6.112904689708573e-18
6.216309102475999e-18
6.319713515243425e-18
6.423117928010851e-18
6.6299267535457026e-18
6.8884377854643166e-18
7.250353230150307e-18
7.612268674836298e-18
7.922481913138575e-18
8.077588532289714e-18
8.749717215278032e-18
8.956526040812883e-18
9.111632659964022e-18
9.318441485498874e-18
9.421845898266349e-18
9.576952517417488e-18
9.835463549336053e-18
1.0042272374870904e-17
1.0197378994022043e-17
1.0404187819556895e-17
1.0507592232324321e-17
1.0766103264242935e-17
1.086950767701036e-17
1.1128018708928925e-17
1.1283125328080064e-17
1.1489934153614916e-17
1.1645040772766055e-17
1.1800147391917194e-17
1.1903551804684644e-17
1.2006956217452095e-17
1.211036063021952e-17
1.2317169455754372e-17
1.2472276074905511e-17
1.2782489313207789e-17
1.2937595932358928e-17
1.3041000345126353e-17
1.3196106964277517e-17
1.3402915789812393e-17
1.3661426821730958e-17
1.3816533440882097e-17
1.3919937853649523e-17
1.4178448885568087e-17
1.4281853298335513e-17
1.438525771110294e-17
1.4540364330254127e-17
1.4798875362172692e-17
1.4902279774940118e-17
1.5005684187707544e-17
1.5264195219626108e-17
1.5419301838777247e-17
1.5522706251544673e-17
1.5677812870695812e-17
1.5832919489847e-17
1.6039728315381852e-17
1.619483493453299e-17
1.6505048172835268e-17
1.6660154791986407e-17
1.6815261411137546e-17
1.7022070236672447e-17
1.7280581268591012e-17
1.7383985681358437e-17
1.7487390094125863e-17
1.779760333242814e-17
1.8004412157962993e-17
1.810781657073042e-17
1.8262923189881582e-17
1.8418029809032746e-17
1.852143422180017e-17
1.867654084095131e-17
1.8779945253718736e-17
1.8935051872869875e-17
1.9090158492021014e-17
1.9348669523939578e-17
1.9503776143090742e-17
1.9607180555858192e-17
1.9710584968625618e-17
1.9813989381393044e-17
1.991739379416047e-17
2.0020798206927896e-17
2.0175904826079035e-17
2.0382713651613887e-17
2.0692926889916164e-17
2.0951437921834778e-17
2.1106544540985917e-17
2.1209948953753343e-17
2.1365055572904482e-17
2.1571864398439333e-17
2.1985482049509037e-17
2.224399308142765e-17
2.2450801906962503e-17
2.255420631972993e-17
2.2657610732497354e-17
2.2812717351648493e-17
2.291612176441592e-17
2.3071228383567058e-17
2.3381441621869385e-17
2.3588250447404237e-17
2.3743357066555375e-17
2.3898463685706514e-17
2.400186809847394e-17
2.4467187955927357e-17
2.4570592368694782e-17
2.4673996781462258e-17
2.4777401194229683e-17
2.4932507813380822e-17
2.5035912226148248e-17
2.5139316638915674e-17
2.5346125464450526e-17
2.5501232083601665e-17
2.560463649636909e-17
2.575974311552023e-17
2.6018254147438843e-17
2.6276765179357408e-17
2.6431871798508547e-17
2.6586978417659686e-17
2.6897191655961963e-17
2.7052298275113102e-17
2.7259107100648003e-17
2.7414213719799142e-17
2.756932033895028e-17
2.7827831370868845e-17
2.793123578363627e-17
2.813804460917112e-17
2.829315122832226e-17
2.849996005385716e-17
2.8706768879392015e-17
2.881017329215944e-17
2.896527991131058e-17
2.937889756238028e-17
2.948230197514771e-17
2.9585706387915135e-17
2.9689110800682585e-17
2.9792515213450036e-17
2.989591962621746e-17
3.0102728451752313e-17
3.020613286451974e-17
3.0309537277287165e-17
3.041294169005459e-17
3.061975051558944e-17
3.087826154750801e-17
3.098166596027548e-17
3.108507037304291e-17
3.1188474785810334e-17
3.129187919857776e-17
3.149868802411261e-17
3.180890126241489e-17
3.196400788156603e-17
3.211911450071717e-17
3.222251891348462e-17
3.237762553263578e-17
3.248102994540321e-17
3.258443435817063e-17
3.268783877093806e-17
3.289464759647291e-17
3.2998052009240336e-17
3.32565630411589e-17
3.341166966031004e-17
3.356677627946123e-17
3.3670180692228654e-17
3.382528731137979e-17
3.408379834329836e-17
3.4187202756065783e-17
3.434230937521692e-17
3.444571378798435e-17
3.4549118200751774e-17
3.480762923267039e-17
3.4962735851821527e-17
3.522124688374009e-17
3.537635350289123e-17
3.5479757915658656e-17
3.558316232842608e-17
3.5789971153960934e-17
3.594507777311207e-17
3.604848218587955e-17
3.6151886598646974e-17
3.641039763056554e-17
3.6513802043332964e-17
3.66689086624841e-17
3.6875717488018955e-17
3.697912190078638e-17
3.7082526313553807e-17
3.718593072632123e-17
3.734103734547242e-17
3.749614396462356e-17
3.7599548377390985e-17
3.780635720292584e-17
3.790976161569326e-17
3.801316602846069e-17
3.8116570441228115e-17
3.8271677060379253e-17
3.8478485885914105e-17
3.8633592505065293e-17
3.878869912421643e-17
3.9047210156134997e-17
3.9202316775286136e-17
3.930572118805356e-17
3.9564232219972126e-17
3.977104104550698e-17
3.9926147664658166e-17
4.0081254283809305e-17
4.018465869657673e-17
4.0288063109344157e-17
4.049487193487901e-17
4.0598276347646434e-17
4.075338296679757e-17
4.0856787379565e-17
4.1063596205099875e-17
4.121870282425104e-17
4.1322107237018465e-17
4.1528916062553316e-17
4.163232047532074e-17
4.173572488808817e-17
4.199423592000673e-17
4.214934253915787e-17
4.235615136469275e-17
4.24595557774602e-17
4.266636460299505e-17
4.2924875634913615e-17
4.302828004768104e-17
4.318338666683218e-17
4.3286791079599606e-17
4.3441897698750744e-17
4.354530211151817e-17
4.3648706524285645e-17
4.38555153498205e-17
4.4010621968971636e-17
4.421743079450649e-17
4.4320835207273914e-17
4.442423962004134e-17
4.4527644032808765e-17
4.463104844557619e-17
4.478615506472733e-17
4.499296389026223e-17
4.514807050941337e-17
4.530317712856451e-17
4.5406581541331935e-17
4.550998595409936e-17
4.571679477963421e-17
4.5923603605169064e-17
4.60787102243202e-17
4.623381684347139e-17
4.638892346262253e-17
4.659573228815738e-17
4.669913670092481e-17
4.6802541113692233e-17
4.695764773284337e-17
4.711275435199451e-17
4.726786097114565e-17
4.7422967590296813e-17
4.762977641583169e-17
4.778488303498283e-17
4.793998965413397e-17
4.8043394066901393e-17
4.8250202892436245e-17
4.835360730520367e-17
4.8457011717971097e-17
4.856041613073852e-17
4.866382054350595e-17
4.8818927162657137e-17
4.892233157542456e-17
4.9129140400959414e-17
4.9335949226494266e-17
4.9491055845645405e-17
4.959446025841283e-17
4.974956687756397e-17
4.9956375703098846e-17
5.0059780115866296e-17
5.031829114778486e-17
5.042169556055229e-17
5.052509997331971e-17
5.068020659247085e-17
5.104212203715684e-17
5.119722865630798e-17
