3.6786271451266257e-19
5.237324326441224e-19
6.276455780650956e-19
8.874284416175287e-19
1.0952547324594752e-18
1.251124450590935e-18
1.4589507414328815e-18
1.5628638868538547e-18
1.7187336049853145e-18
1.926559895827261e-18
2.0304730412482342e-18
2.186342759379694e-18
2.2902559048006673e-18
2.3941690502216405e-18
2.601995341063587e-18
2.757865059195047e-18
2.9656913500369933e-18
3.2254742135894263e-18
3.381343931720837e-18
3.537213649852297e-18
3.6930833679837566e-18
3.8489530861152164e-18
4.004822804246676e-18
4.1087359496676495e-18
4.212649095088623e-18
4.3685188132200825e-18
4.524388531351542e-18
4.6283016767725156e-18
4.7841713949039755e-18
4.888084540324949e-18
4.991997685745922e-18
5.147867403877382e-18
5.3037371220088416e-18
5.4596068401403014e-18
5.563519985561275e-18
5.7193897036927345e-18
5.875259421824194e-18
6.083085712666141e-18
6.186998858087114e-18
6.290912003508087e-18
6.70656458519198e-18
6.966347448744413e-18
7.122217166875873e-18
7.33004345771782e-18
7.589826321270253e-18
7.693739466691226e-18
7.849609184822686e-18
7.953522330243659e-18
8.057435475664632e-18
8.161348621085605e-18
8.421131484638038e-18
8.525044630059012e-18
8.628957775479985e-18
8.732870920900958e-18
9.200480075295313e-18
9.356349793426748e-18
9.460262938847721e-18
9.772002375110641e-18
9.875915520531614e-18
1.0083741811373561e-17
1.0187654956794534e-17
1.0343524674925994e-17
1.055135096576794e-17
1.0811133829320373e-17
1.1070916692872806e-17
1.1226786411004266e-17
1.14865692745567e-17
1.1642438992688159e-17
1.1902221856240592e-17
1.2110048147082539e-17
1.2369831010634972e-17
1.2525700728766432e-17
1.2629613874187405e-17
1.2733527019608378e-17
1.2837440165029351e-17
1.2941353310450325e-17
1.3045266455871298e-17
1.3149179601292271e-17
1.3305049319423731e-17
1.3668745328397137e-17
1.4032441337370543e-17
1.424026762821249e-17
1.4344180773633463e-17
1.455200706447541e-17
1.486374650073833e-17
1.501961621886979e-17
1.5123529364290738e-17
1.5383312227843146e-17
1.5539181945974606e-17
1.5747008236816552e-17
1.5850921382237526e-17
1.6006791100368985e-17
1.6318530536631905e-17
1.6474400254763365e-17
1.668222654560531e-17
1.683809626373677e-17
1.7045922554578718e-17
1.714983569999969e-17
1.7253748845420664e-17
1.7409618563552124e-17
1.7513531708973097e-17
1.7721357999815044e-17
1.8033097436077963e-17
1.824092372691991e-17
1.839679344505137e-17
1.8656576308603803e-17
1.8812446026735263e-17
1.8916359172156236e-17
1.902027231757721e-17
1.9124185462998182e-17
1.9228098608419156e-17
1.9383968326550615e-17
1.948788147197159e-17
1.9695707762813535e-17
1.9851577480944995e-17
2.0007447199076455e-17
2.0111360344497428e-17
2.037114320804986e-17
2.0475056353470834e-17
2.068288264431278e-17
2.0786795789733754e-17
2.0942665507865214e-17
2.1098535225996624e-17
2.1254404944128084e-17
2.1358318089549057e-17
2.1566144380391004e-17
2.1722014098522464e-17
2.1877883816653924e-17
2.1981796962074897e-17
2.2293536398337816e-17
2.2449406116469276e-17
2.2605275834600736e-17
2.270918898002171e-17
2.302092841628463e-17
2.333266785254755e-17
2.3436580997968522e-17
2.3540494143389495e-17
2.3644407288810468e-17
2.3852233579652415e-17
2.4008103297783875e-17
2.421592958862582e-17
2.4423755879467768e-17
2.452766902488874e-17
2.4735495315730687e-17
2.499527817928312e-17
2.5099191324704094e-17
2.5410930760967013e-17
2.5566800479098473e-17
2.5670713624519446e-17
2.577462676994042e-17
2.593049648807188e-17
2.608636620620334e-17
2.6190279351624313e-17
2.6294192497045286e-17
2.6502018787887232e-17
2.6657888506018692e-17
2.6813758224150152e-17
2.69176713695711e-17
2.7073541087702536e-17
2.717745423312351e-17
2.733332395125497e-17
2.7541150242096915e-17
2.7645063387517888e-17
2.7748976532938862e-17
2.7852889678359835e-17
2.795680282378081e-17
2.811267254191227e-17
2.821658568733324e-17
2.852832512359616e-17
2.8632238269017134e-17
2.8788107987148594e-17
2.904789085070103e-17
2.9255717141542973e-17
2.946354343238492e-17
2.961941315051638e-17
2.972332629593735e-17
2.9983109159489786e-17
3.019093545033173e-17
3.039876174117368e-17
3.055463145930514e-17
3.07105011774366e-17
3.081441432285757e-17
3.0918327468278545e-17
3.102224061369952e-17
3.1230066904541465e-17
3.1385936622672925e-17
3.159376291351487e-17
3.1697676058935844e-17
3.1853545777067304e-17
3.206137206790925e-17
3.2165285213330224e-17
3.22691983587512e-17
3.237311150417217e-17
3.252898122230363e-17
3.2632894367724603e-17
3.2788764085856063e-17
3.289267723127699e-17
3.299659037669796e-17
3.315246009482942e-17
3.3360286385671367e-17
3.346419953109234e-17
3.36200692492238e-17
3.3827895540065746e-17
3.403572183090769e-17
3.419159154903915e-17
3.4295504694460126e-17
3.4451374412591586e-17
3.465920070343353e-17
3.486702699427548e-17
3.51787664305384e-17
3.533463614866986e-17
3.549050586680132e-17
3.559441901222229e-17
3.590615844848521e-17
3.6010071593906184e-17
3.6165941312037644e-17
3.626985445745862e-17
3.6425724175590077e-17
3.6581593893721537e-17
3.668550703914251e-17
3.684137675727397e-17
3.7205072766247376e-17
3.7360942484378836e-17
3.756876877522078e-17
3.772463849335224e-17
3.7828551638773215e-17
3.793246478419419e-17
3.808833450232565e-17
3.819224764774662e-17
3.8296160793167595e-17
3.8452030511299055e-17
3.8607900229430515e-17
3.871181337485149e-17
3.881572652027241e-17
3.897159623840387e-17
3.912746595653533e-17
3.933529224737728e-17
3.949116196550874e-17
3.959507511092971e-17
3.975094482906117e-17
4.011464083803458e-17
4.037442370158701e-17
4.053029341971847e-17
4.0738119710560417e-17
4.084203285598139e-17
4.099790257411285e-17
4.115377229224431e-17
4.125768543766528e-17
4.1361598583086256e-17
4.1517468301217716e-17
4.172529459205966e-17
4.1829207737480635e-17
4.193312088290161e-17
4.208899060103307e-17
4.224486031916453e-17
4.2452686610006475e-17
4.266051290084842e-17
4.2764426046269394e-17
4.297225233711134e-17
4.3076165482532314e-17
4.3232035200663774e-17
4.333594834608475e-17
4.349181806421621e-17
4.3699644355058154e-17
4.3959427218610587e-17
4.416725350945253e-17
4.437507980029448e-17
4.447899294571545e-17
4.4582906091136426e-17
4.4738775809267836e-17
4.484268895468881e-17
4.499855867282027e-17
4.510247181824124e-17
4.52583415363727e-17
4.5362254681793676e-17
4.5518124399925136e-17
4.562203754534611e-17
4.588182040889854e-17
4.5985733554319515e-17
4.6141603272450975e-17
4.624551641787195e-17
4.640138613600341e-17
4.6609212426845355e-17
4.686899529039779e-17
4.697290843581876e-17
4.7232691299371194e-17
4.744051759021314e-17
4.7544430735634114e-17
4.7648343881055087e-17
4.7804213599186547e-17
4.790812674460752e-17
4.806399646273898e-17
4.8271822753580926e-17
4.853160561713336e-17
4.863551876255433e-17
4.8739431907975306e-17
4.8895301626106766e-17
4.9051171344238225e-17
4.9207041062369685e-17
4.941486735321163e-17
4.9518780498632605e-17
4.972660678947455e-17
4.99344330803165e-17
5.009030279844796e-17
5.019421594386893e-17
5.0298129089289904e-17
5.055791195284231e-17
5.0765738243684234e-17
5.102552110723667e-17
5.112943425265764e-17
5.133726054349959e-17
