3.977350129557019e-19
4.838848319794563e-19
6.131095605150818e-19
7.854091985625906e-19
8.71559017586345e-19
1.0007837461219828e-18
1.2592332031932338e-18
1.3453830222169882e-18
1.4315328412407426e-18
1.560757569776368e-18
1.733057207823877e-18
1.8622819363595024e-18
1.948431755383269e-18
2.0776564839188823e-18
2.20688121245452e-18
2.2930310314782745e-18
2.4222557600139e-18
2.5514804885495377e-18
2.7237801265970466e-18
2.8099299456207887e-18
2.8960797646445554e-18
2.9822295836682975e-18
3.1545292217158063e-18
3.2406790407395608e-18
3.4560535882989406e-18
3.542203407322695e-18
3.714503045370204e-18
3.886802683417713e-18
4.016027411953338e-18
4.102177230977093e-18
4.2744768690246015e-18
4.44677650707211e-18
4.5329263260958524e-18
4.619076145119619e-18
4.705225964143361e-18
4.834450692678999e-18
4.920600511702741e-18
5.006750330726508e-18
5.222124878285888e-18
5.30827469730963e-18
5.437499425845268e-18
5.6097990638927765e-18
5.782098701940285e-18
5.8682485209640274e-18
5.997473249499665e-18
6.255922706570916e-18
6.385147435106554e-18
6.471297254130308e-18
6.600521982665934e-18
6.6866718016897005e-18
6.858971439737197e-18
6.945121258760951e-18
7.07434598729659e-18
7.160495806320331e-18
7.246645625344086e-18
7.375870353879711e-18
7.462020172903478e-18
7.7635445394866e-18
7.892769268022238e-18
8.021993996557876e-18
8.108143815581618e-18
8.194293634605372e-18
8.323518363140998e-18
8.452743091676635e-18
8.53889291070039e-18
8.711192548747886e-18
8.883492186795395e-18
8.969642005819162e-18
9.055791824842904e-18
9.185016553378542e-18
9.35731619142605e-18
9.52961582947356e-18
9.615765648497301e-18
9.874215105568565e-18
1.000343983410419e-17
1.0089589653127945e-17
1.021881438166357e-17
1.0348039110199208e-17
1.0477263838734846e-17
1.0563413657758588e-17
1.0692638386294226e-17
1.0821863114829851e-17
1.0908012933853605e-17
1.0994162752877348e-17
1.1166462390924856e-17
1.1295687119460494e-17
1.1381836938484249e-17
1.1467986757508003e-17
1.1640286395555512e-17
1.1726436214579254e-17
1.1855660943114892e-17
1.1984885671650517e-17
1.2071035490674272e-17
1.2286410038233651e-17
1.241563476676929e-17
1.2501784585793031e-17
1.267408422384054e-17
1.2803308952376178e-17
1.2975608590423687e-17
1.3147908228471196e-17
1.3234058047494938e-17
1.3406357685542447e-17
1.3578657323589955e-17
1.366480714261371e-17
1.388018169017309e-17
1.4009406418708715e-17
1.4138631147244353e-17
1.426785587577999e-17
1.4397080604315604e-17
1.4569380242363113e-17
1.4827829699434376e-17
1.491397951845813e-17
1.5000129337481885e-17
1.508627915650564e-17
1.5215503885041277e-17
1.534472861357689e-17
1.5473953342112528e-17
1.5603178070648166e-17
1.5775477708695662e-17
1.6033927165766926e-17
1.6206226803814434e-17
1.6378526441861943e-17
1.650775117039757e-17
1.672312571795695e-17
1.6852350446492574e-17
1.693850026551634e-17
1.715387481307572e-17
1.7283099541611346e-17
1.7412324270146972e-17
1.7498474089170738e-17
1.758462390819448e-17
1.7843073365265744e-17
1.797229809380137e-17
1.8144597731848878e-17
1.8273822460384516e-17
1.8446122098432025e-17
1.8532271917455767e-17
1.861842173647952e-17
1.8747646465015147e-17
1.8876871193550784e-17
1.896302101257454e-17
1.9092245741110164e-17
1.917839556013392e-17
1.9350695198181428e-17
1.9436845017205182e-17
1.9522994836228936e-17
1.960914465525269e-17
1.9695294474276433e-17
1.982451920281207e-17
1.9910669021835825e-17
2.0126043569395205e-17
2.021219338841896e-17
2.0384493026466468e-17
2.0470642845490223e-17
2.0556792664513977e-17
2.064294248353772e-17
2.0772167212073357e-17
2.085831703109711e-17
2.0944466850120866e-17
2.1116766488168375e-17
2.1202916307192117e-17
2.1375215945239626e-17
2.1461365764263392e-17
2.1719815221334643e-17
2.1805965040358398e-17
2.1892114859382152e-17
2.1978264678405894e-17
2.2107489406941532e-17
2.223671413547717e-17
2.240901377352468e-17
2.2538238502060292e-17
2.266746323059593e-17
2.2839762868643438e-17
2.2968987597179064e-17
2.309821232571469e-17
2.3184362144738456e-17
2.331358687327408e-17
2.3442811601809707e-17
2.3572036330345345e-17
2.3658186149369087e-17
2.3787410877904725e-17
2.3873560696928467e-17
2.3959710515952233e-17
2.408893524448786e-17
2.4175085063511613e-17
2.430430979204725e-17
2.4433534520582864e-17
2.451968433960663e-17
2.4648909068142257e-17
2.4821208706189753e-17
2.4993508344237262e-17
2.507965816326103e-17
2.516580798228477e-17
2.5251957801308537e-17
2.533810762033228e-17
2.5424257439356034e-17
2.5510407258379788e-17
2.5596557077403543e-17
2.5725781805939168e-17
2.5855006534474806e-17
2.6027306172522315e-17
2.615653090105794e-17
2.6242680720081695e-17
2.6328830539105437e-17
2.6414980358129204e-17
2.654420508666483e-17
2.6630354905688584e-17
2.6802654543736092e-17
2.6888804362759834e-17
2.7061104000807343e-17
2.714725381983111e-17
2.7276478548366723e-17
2.736262836739049e-17
2.7491853095926115e-17
2.762107782446174e-17
2.779337746250925e-17
2.7879527281533004e-17
2.8094901829092396e-17
2.818105164811614e-17
2.826720146713989e-17
2.835335128616365e-17
2.8482576014699285e-17
2.86118007432349e-17
2.878410038128241e-17
2.8956400019329916e-17
2.9085624747865554e-17
2.921484947640118e-17
2.943022402396057e-17
2.9516373842984313e-17
2.968867348103182e-17
2.981789820956746e-17
2.9947122938103085e-17
3.011942257615058e-17
3.020557239517435e-17
3.042094694273373e-17
3.0550171671269354e-17
3.063632149029311e-17
3.0765546218828746e-17
3.085169603785249e-17
3.10239956759e-17
3.1153220404435635e-17
3.1325520042483144e-17
3.1411669861506886e-17
3.149781968053064e-17
3.1627044409066266e-17
3.184241895662566e-17
3.2014718594673155e-17
3.214394332320879e-17
3.2230093142232547e-17
3.2445467689791927e-17
3.270391714686319e-17
3.2790066965886944e-17
3.291929169442257e-17
3.3005441513446324e-17
3.309159133247008e-17
3.3220816061005716e-17
3.330696588002946e-17
3.339311569905321e-17
3.347926551807697e-17
3.356541533710072e-17
3.369464006563635e-17
3.395308952270761e-17
3.412538916075512e-17
3.4211538979778874e-17
3.43407637083145e-17
3.4469988436850125e-17
3.47284378939214e-17
3.4900737531968897e-17
3.502996226050452e-17
3.520226189855203e-17
3.533148662708767e-17
3.541763644611141e-17
3.550378626513518e-17
3.558993608415892e-17
3.576223572220643e-17
3.584838554123018e-17
3.597761026976581e-17
3.6063760088789575e-17
3.619298481732519e-17
3.6322209545860826e-17
3.6451434274396464e-17
3.658065900293209e-17
3.6752958640979586e-17
3.6882183369515224e-17
3.7097557917074604e-17
3.722678264561024e-17
3.7312932464633984e-17
3.739908228365775e-17
3.748523210268149e-17
3.761445683121713e-17
3.778675646926464e-17
3.787290628828838e-17
3.795905610731215e-17
3.8131355745359644e-17
3.82175055643834e-17
3.8346730292919037e-17
3.847595502145466e-17
3.8562104840478416e-17
3.869132956901404e-17
3.8777479388037796e-17
3.8906704116573434e-17
3.9208228483156556e-17
3.942360303071595e-17
3.95097528497397e-17
3.9595902668763445e-17
3.972512739729908e-17
3.985435212583472e-17
3.9983576854370334e-17
4.011280158290597e-17
4.028510122095348e-17
4.041432594948912e-17
4.054355067802473e-17
4.0802000135096007e-17
4.093122486363162e-17
4.1017374682655387e-17
4.1189674320702895e-17
4.1361973958750404e-17
4.15342735967979e-17
4.170657323484541e-17
4.1792723053869164e-17
4.1878872872892906e-17
4.2008097601428544e-17
4.20942474204523e-17
4.226654705849981e-17
4.235269687752356e-17
4.2438846696547304e-17
4.261114633459481e-17
4.282652088215419e-17
4.291267070117796e-17
4.29988205202017e-17
4.308497033922547e-17
4.317112015824921e-17
4.3257269977272977e-17
4.334341979629672e-17
4.351571943434423e-17
4.3688019072391737e-17
4.377416889141548e-17
4.3860318710439245e-17
4.394646852946299e-17
4.4118768167510496e-17
4.437721762458176e-17
4.4506442353117385e-17
4.463566708165302e-17
4.4721816900676765e-17
4.48510416292124e-17
4.502334126725991e-17
4.519564090530742e-17
4.5324865633843046e-17
4.54110154528668e-17
4.5497165271890555e-17
4.562639000042618e-17
4.575561472896182e-17
4.584176454798556e-17
4.5927914367009327e-17
4.6100214005056836e-17
4.6358663462128087e-17
4.644481328115184e-17
4.661711291919934e-17
4.6703262738223104e-17
4.683248746675873e-17
4.6961712195294355e-17
4.709093692382999e-17
4.7177086742853735e-17
4.739246129041313e-17
4.769398565699626e-17
4.78232103855319e-17
4.790936020455564e-17
4.803858493309128e-17
4.821088457113879e-17
4.83831842091863e-17
4.851240893772191e-17
4.864163366625755e-17
4.8770858394793186e-17
4.8943158032840694e-17
4.9029307851864437e-17
4.9201607489911945e-17
4.9373907127959454e-17
4.9546206766006963e-17
4.976158131356634e-17
4.989080604210198e-17
4.997695586112572e-17
5.006310568014948e-17
5.01923304086851e-17
5.032155513722074e-17
5.0450779865756366e-17
5.058000459429199e-17
5.066615441331576e-17
5.07523042323395e-17
5.092460387038701e-17
5.113997841794639e-17
5.1269203146482027e-17
5.135535296550577e-17
