5.299613521882408e-19
6.92430427820912e-19
8.548995034535832e-19
1.0173685790862297e-18
1.1256812961746608e-18
1.2881503718073073e-18
1.3964630888957877e-18
1.6130885230726497e-18
1.7214012401610808e-18
1.8838703157937273e-18
2.1004957499706387e-18
2.2629648256032852e-18
2.642059335412843e-18
2.7503720525012742e-18
2.9669974866781363e-18
3.0753102037665673e-18
3.2377792793992385e-18
3.346091996487694e-18
3.508561072120341e-18
3.616873789208772e-18
3.725186506297203e-18
3.833499223385634e-18
4.050124657562545e-18
4.212593733195192e-18
4.320906450283623e-18
4.537531884460534e-18
4.754157318637396e-18
4.916626394270043e-18
5.079095469902689e-18
5.241564545535385e-18
5.512346338256463e-18
5.783128130977565e-18
5.999753565154452e-18
6.108066282242883e-18
6.324691716419745e-18
6.487160792052441e-18
6.649629867685087e-18
6.866255301861949e-18
7.02872437749462e-18
7.191193453127292e-18
7.299506170215723e-18
7.407818887304154e-18
7.516131604392585e-18
7.732757038569496e-18
8.05769518983479e-18
8.16600790692322e-18
8.274320624011676e-18
8.382633341100132e-18
8.545102416732778e-18
8.76172785090964e-18
8.870040567998071e-18
8.978353285086552e-18
9.140822360719198e-18
9.303291436351845e-18
9.465760511984491e-18
9.628229587617187e-18
9.899011380338265e-18
1.0007324097426696e-17
1.0169793173059342e-17
1.0332262248692038e-17
1.0657200399957331e-17
1.0819669475590003e-17
1.0982138551222674e-17
1.1090451268311105e-17
1.1307076702487967e-17
1.1415389419576398e-17
1.1523702136664878e-17
1.1686171212297525e-17
1.1848640287930171e-17
1.2011109363562818e-17
1.2119422080651274e-17
1.222773479773973e-17
1.2390203873372376e-17
1.2552672949005022e-17
1.2715142024637694e-17
1.293176745881458e-17
1.3202549251535658e-17
1.3365018327168329e-17
1.3473331044256785e-17
1.3852425554066293e-17
1.3960738271154724e-17
1.4069050988243205e-17
1.4285676422420067e-17
1.4393989139508498e-17
1.450230185659693e-17
1.4664770932229625e-17
1.482724000786227e-17
1.4989709083494918e-17
1.5152178159127564e-17
1.542295995184869e-17
1.569374174456977e-17
1.5910367178746656e-17
1.6235305330011973e-17
1.6451930764188835e-17
1.661439983982153e-17
1.6776868915454178e-17
1.688518163254261e-17
1.699349434963104e-17
1.721011978380795e-17
1.7318432500896382e-17
1.7535057935073244e-17
1.769752701070589e-17
1.7914152444882802e-17
1.8022465161971233e-17
1.8239090596148095e-17
1.8347403313236526e-17
1.8509872388869222e-17
1.8618185105957653e-17
1.8726497823046084e-17
1.8997279615767162e-17
1.9159748691399858e-17
1.9322217767032504e-17
1.9430530484120935e-17
1.9647155918297797e-17
2.0026250428107355e-17
2.0134563145195786e-17
2.0297032220828433e-17
2.045950129646113e-17
2.056781401354956e-17
2.0784439447726422e-17
2.0892752164814853e-17
2.1001064881903333e-17
2.116353395753598e-17
2.1434315750257057e-17
2.1542628467345488e-17
2.1705097542978184e-17
2.1921722977155046e-17
2.2138348411331908e-17
2.2246661128420364e-17
2.2517442921141466e-17
2.2788224713862544e-17
2.2896537430951024e-17
2.3004850148039455e-17
2.3167319223672102e-17
2.3275631940760533e-17
2.3708882809114306e-17
2.3871351884746953e-17
2.3979664601835384e-17
2.4142133677468055e-17
2.4304602753100726e-17
2.4412915470189157e-17
2.462954090436602e-17
2.4792009979998715e-17
2.4900322697087146e-17
2.5008635414175577e-17
2.5171104489808224e-17
2.5279417206896655e-17
2.538772992398511e-17
2.5496042641073566e-17
2.5712668075250428e-17
2.5875137150883075e-17
2.6037606226515746e-17
2.6145918943604202e-17
2.6254231660692633e-17
2.6362544377781064e-17
2.652501345341371e-17
2.6741638887590622e-17
2.70124206803117e-17
2.722904611448856e-17
2.7445671548665473e-17
2.7662296982842335e-17
2.7770609699930766e-17
2.78789224170192e-17
2.798723513410768e-17
2.8149704209740324e-17
2.8258016926828755e-17
2.8366329643917186e-17
2.847464236100562e-17
2.85829550780941e-17
2.869126779518253e-17
2.879958051227096e-17
2.907036230499204e-17
2.923283138062473e-17
2.9449456814801595e-17
2.961192589043424e-17
2.977439496606689e-17
2.9936864041699584e-17
3.0045176758788015e-17
3.0153489475876446e-17
3.031595855150909e-17
3.0424271268597523e-17
3.058674034423022e-17
3.0857522136951297e-17
3.1019991212583943e-17
3.1236616646760855e-17
3.1453242080937717e-17
3.1615711156570363e-17
3.177818023220306e-17
3.2048962024924137e-17
3.248221289327791e-17
3.2644681968910557e-17
3.275299468599899e-17
3.2915463761631634e-17
3.3023776478720115e-17
3.3132089195808546e-17
3.334871462998541e-17
3.3511183705618054e-17
3.367365278125075e-17
3.378196549833918e-17
3.389027821542761e-17
3.3998590932516043e-17
3.416106000814869e-17
3.4323529083781386e-17
3.4431841800869817e-17
3.4594310876502463e-17
3.475677995213511e-17
3.4865092669223566e-17
3.5027561744856237e-17
3.513587446194467e-17
3.52441871790331e-17
3.535249989612153e-17
3.546081261320996e-17
3.567743804738687e-17
3.5785750764475303e-17
3.594821984010795e-17
3.6110688915740596e-17
3.632731434991751e-17
3.654393978409437e-17
3.6706408859727016e-17
3.686887793535971e-17
3.6977190652448143e-17
3.713965972808079e-17
3.724797244516922e-17
3.735628516225765e-17
3.751875423789035e-17
3.773537967206721e-17
3.784369238915564e-17
3.800616146478829e-17
3.811447418187677e-17
3.8276943257509414e-17
3.854772505023049e-17
3.871019412586319e-17
3.881850684295162e-17
3.8980975918584265e-17
3.9089288635672696e-17
3.919760135276113e-17
3.9360070428393823e-17
3.952253950402647e-17
3.973916493820333e-17
3.984747765529176e-17
3.995579037238022e-17
4.0064103089468674e-17
4.022657216510132e-17
4.044319759927818e-17
4.055151031636664e-17
4.0768135750543525e-17
4.093060482617617e-17
4.1201386618897274e-17
4.1363855694529945e-17
4.152632477016259e-17
4.163463748725102e-17
4.179710656288367e-17
4.1959575638516365e-17
4.2067888355604796e-17
4.2338670148325874e-17
4.2555295582502785e-17
4.271776465813543e-17
4.288023373376808e-17
4.3042702809400725e-17
4.3151015526489205e-17
4.3259328243577636e-17
4.336764096066607e-17
4.3530110036298714e-17
4.380089182901984e-17
4.40175172631967e-17
4.4234142697373565e-17
4.4342455414461996e-17
4.455908084863891e-17
4.466739356572734e-17
4.48840189999042e-17
4.5046488075536896e-17
4.526311350971376e-17
4.537142622680219e-17
4.558805166097905e-17
4.569636437806753e-17
4.596714617078861e-17
4.623792796350969e-17
4.640039703914238e-17
4.656286611477503e-17
4.667117883186346e-17
4.688780426604035e-17
4.705027334167302e-17
4.7212742417305665e-17
4.748352421002674e-17
4.764599328565944e-17
4.775430600274787e-17
4.797093143692473e-17
4.835002594673429e-17
4.8512495022366936e-17
4.862080773945537e-17
4.883743317363228e-17
4.905405860780914e-17
4.9270684041986e-17
4.9378996759074434e-17
4.954146583470713e-17
4.9703934910339776e-17
4.981224762742821e-17
4.9974716703060854e-17
5.008302942014931e-17
5.0191342137237765e-17
5.035381121287041e-17
5.0570436647047274e-17
5.067874936413573e-17
5.0787062081224185e-17
5.0895374798312616e-17
5.105784387394526e-17
5.1166156591033694e-17
