3.5298926804069175e-19
5.586529282753334e-19
6.614847583926481e-19
8.671484186272774e-19
1.0213961638032494e-18
1.1242279939205764e-18
1.2784757390965484e-18
1.4841393993311777e-18
1.5869712294484924e-18
1.7412189746244767e-18
1.8954667198004487e-18
2.0497144649764207e-18
2.2039622101523927e-18
2.3067940402697197e-18
2.4096258703870343e-18
2.6152895306216636e-18
2.7695372757976356e-18
2.92378502097362e-18
3.1294486812082493e-18
3.232280511325564e-18
3.4379441715602056e-18
3.54077600167752e-18
3.643607831794835e-18
3.7464396619121496e-18
3.952103322146791e-18
4.106351067322763e-18
4.260598812498735e-18
4.4662624727333646e-18
4.5690943028506915e-18
4.7233420480266635e-18
4.826173878143978e-18
4.929005708261293e-18
5.083253453437277e-18
5.237501198613249e-18
5.391748943789221e-18
5.545996688965193e-18
5.7002444341411775e-18
5.803076264258492e-18
5.957324009434464e-18
6.1629876696690935e-18
6.317235414845078e-18
6.4200672449623925e-18
6.7285627353143364e-18
6.934226395548978e-18
7.08847414072495e-18
7.345553716018249e-18
7.448385546135564e-18
7.654049206370193e-18
7.859712866604822e-18
7.96254469672215e-18
8.168208356956779e-18
8.271040187074093e-18
8.373872017191408e-18
8.630951592484707e-18
8.785199337660679e-18
9.042278912953978e-18
9.19652665812995e-18
9.40219031836458e-18
9.607853978599221e-18
9.762101723775193e-18
9.916349468951165e-18
1.0070597214127137e-17
1.0327676789420436e-17
1.063617227977238e-17
1.084183594000701e-17
1.0996083685182994e-17
1.1098915515300308e-17
1.1201747345417623e-17
1.1458826920710922e-17
1.1613074665886882e-17
1.1767322411062866e-17
1.1870154241180205e-17
1.2024401986356165e-17
1.212723381647348e-17
1.2281481561649464e-17
1.2435729306825448e-17
1.2538561136942738e-17
1.2847056627294707e-17
1.2949888457412021e-17
1.3052720287529336e-17
1.320696803270532e-17
1.336121577788128e-17
1.3721127183291894e-17
1.3823959013409208e-17
1.4029622673643838e-17
1.4183870418819822e-17
1.4286702248937137e-17
1.4492365909171766e-17
1.459519773928908e-17
1.4749445484465065e-17
1.500652505975834e-17
1.5212188719992993e-17
1.5315020550110308e-17
1.5417852380227623e-17
1.5572100125403582e-17
1.5674931955520922e-17
1.5777763785638236e-17
1.5983427445872866e-17
1.6137675191048825e-17
1.629192293622481e-17
1.639475476634215e-17
1.654900251151811e-17
1.6806082086811408e-17
1.7063161662104682e-17
1.7217409407280666e-17
1.732024123739798e-17
1.7423073067515296e-17
1.757732081269128e-17
1.7731568557867264e-17
1.7834400387984554e-17
1.7937232218101894e-17
1.8040064048219208e-17
1.8142895878336523e-17
1.8297143623512507e-17
1.8502807283747137e-17
1.865705502892312e-17
1.8914134604216395e-17
1.9119798264451025e-17
1.927404600962701e-17
1.9531125584920283e-17
1.9633957415037622e-17
1.9839621075272252e-17
2.004528473550688e-17
2.0199532480682865e-17
2.030236431080018e-17
2.050802797103481e-17
2.066227571621077e-17
2.0816523461386753e-17
2.1022187121621383e-17
2.1176434866797367e-17
2.1279266696914682e-17
2.1382098527031996e-17
2.1484930357149336e-17
2.1690594017383965e-17
2.1793425847501255e-17
2.199908950773591e-17
2.2256169083029208e-17
2.2359000913146498e-17
2.2513248658322482e-17
2.2667496403498467e-17
2.277032823361578e-17
2.297599189385041e-17
2.3130239639026395e-17
2.3335903299261024e-17
2.343873512937834e-17
2.3541566959495654e-17
2.3798646534788953e-17
2.3901478364906267e-17
2.4004310195023582e-17
2.420997385525821e-17
2.446705343055151e-17
2.4569885260668825e-17
2.4775548920903454e-17
2.492979666607944e-17
2.5032628496196753e-17
2.5135460326314068e-17
2.5289708071490052e-17
2.5392539901607367e-17
2.549537173172468e-17
2.5598203561841996e-17
2.5752451307017956e-17
2.5855283137135295e-17
2.600953088231128e-17
2.611236271242857e-17
2.6266610457604554e-17
2.6420858202780538e-17
2.6523690032897853e-17
2.6677937778073812e-17
2.6832185523249797e-17
2.698643326842578e-17
2.7089265098543096e-17
2.7346344673836395e-17
2.7500592419012354e-17
2.7757671994305653e-17
2.791191973948164e-17
2.801475156959893e-17
2.816899931477491e-17
2.842607889006821e-17
2.8528910720185526e-17
2.868315846536151e-17
2.8837406210537494e-17
2.9043069870772124e-17
2.9197317615948083e-17
2.935156536112407e-17
2.945439719124138e-17
2.9711476766534657e-17
2.991714042676931e-17
3.007138817194527e-17
3.017422000206261e-17
3.037988366229724e-17
3.0482715492414554e-17
3.058554732253187e-17
3.068837915264918e-17
3.089404281288381e-17
3.1048290558059797e-17
3.1202538303235756e-17
3.135678604841174e-17
3.156244970864637e-17
3.1768113368881e-17
3.187094519899834e-17
3.20251929441743e-17
3.217944068935028e-17
3.22822725194676e-17
3.238510434958491e-17
3.259076800981954e-17
3.2745015754995526e-17
3.284784758511284e-17
3.2950679415230155e-17
3.305351124534747e-17
3.3207758990523454e-17
3.336200673569944e-17
3.35162544808754e-17
3.367050222605136e-17
3.3773334056168697e-17
3.392758180134468e-17
3.413324546157931e-17
3.428749320675527e-17
3.4390325036872585e-17
3.4493156866989924e-17
3.4595988697107214e-17
3.47502364422832e-17
3.490448418745918e-17
3.505873193263517e-17
3.516156376275246e-17
3.5264395592869796e-17
3.5470059253104426e-17
3.562430699828041e-17
3.582997065851504e-17
3.593280248863233e-17
3.6087050233808314e-17
3.62412979789843e-17
3.639554572416028e-17
3.654979346933624e-17
3.6704041214512226e-17
3.680687304462954e-17
3.6909704874746856e-17
3.701253670486417e-17
3.7166784450040155e-17
3.726961628015747e-17
3.762952768556806e-17
3.77323595156854e-17
3.783519134580271e-17
3.793802317592003e-17
3.804085500603734e-17
3.8143686836154656e-17
3.824651866627197e-17
3.8400766411447955e-17
3.8606430071682585e-17
3.87092619017999e-17
3.8812093731917214e-17
3.89663414770932e-17
3.912058922226916e-17
3.932625288250379e-17
3.953191654273844e-17
3.9634748372855756e-17
3.978899611803174e-17
3.99432438632077e-17
4.0097491608383684e-17
4.0200323438501e-17
4.0457403013794273e-17
4.066306667402893e-17
4.076589850414624e-17
4.0920146249322226e-17
4.122864173967417e-17
4.138288948485013e-17
4.1537137230026114e-17
4.1742800890260743e-17
4.184563272037808e-17
4.205129638061271e-17
4.220554412578867e-17
4.2308375955905986e-17
4.246262370108197e-17
4.2565455531199285e-17
4.26682873613166e-17
4.287395102155123e-17
4.297678285166857e-17
4.323386242696184e-17
4.343952608719647e-17
4.3593773832372457e-17
4.374802157754844e-17
4.4056517067900385e-17
4.4210764813076345e-17
4.436501255825233e-17
4.4467844388369644e-17
4.457067621848696e-17
4.477633987872159e-17
4.4879171708838927e-17
4.5033419454014887e-17
4.523908311424954e-17
4.53933308594255e-17
4.5496162689542815e-17
4.5804658179894784e-17
4.5958905925070743e-17
4.616456958530537e-17
4.6575896905774656e-17
4.667872873589197e-17
4.6781560566009285e-17
4.693580831118527e-17
4.71414719714199e-17
4.7295719716595883e-17
4.744996746177184e-17
4.755279929188916e-17
4.765563112200647e-17
4.7809878867182456e-17
4.791271069729977e-17
4.81183743575344e-17
4.8221206187651715e-17
4.83754539328277e-17
4.8478285762945014e-17
4.8632533508121e-17
4.873536533823829e-17
4.888961308341427e-17
4.899244491353161e-17
4.930094040388353e-17
4.9558019979176855e-17
4.9660851809294145e-17
4.981509955447013e-17
4.9917931384587444e-17
5.002076321470476e-17
5.01235950448221e-17
5.022642687493939e-17
5.038067462011537e-17
5.0534922365291357e-17
5.068917011046734e-17
5.079200194058463e-17
5.0946249685760615e-17
5.104908151587793e-17
5.1151913345995245e-17
5.1357577006229874e-17
