3.5386868737083084e-19
4.442202735313241e-19
5.345718596918174e-19
6.700992389325511e-19
7.604508250930444e-19
8.959782043337781e-19
1.0315055835745242e-18
1.167032962815258e-18
1.2573845489757389e-18
1.3477361351362321e-18
1.4832635143769782e-18
1.618790893617712e-18
1.7543182728584457e-18
1.8898456520991794e-18
1.9801972382596727e-18
2.1157246175004064e-18
2.296427789821393e-18
2.3867793759818862e-18
2.6126583413831132e-18
2.883713099864593e-18
3.0192404791053268e-18
3.2451194445065414e-18
3.335471030667047e-18
3.425822616827528e-18
3.516174202988021e-18
3.696877375309008e-18
3.8324047545497415e-18
3.922756340710235e-18
4.103459513031221e-18
4.193811099191702e-18
4.374514271512689e-18
4.555217443833675e-18
4.690744823074409e-18
4.8714479953953956e-18
4.9617995815558765e-18
5.09732696079661e-18
5.36838171927809e-18
5.5490848915990766e-18
5.68461227083981e-18
5.774963857000304e-18
5.95566702932129e-18
6.136370201642264e-18
6.317073373963251e-18
6.497776546284225e-18
6.588128132444718e-18
6.768831304765705e-18
6.949534477086679e-18
7.039886063247185e-18
7.130237649407666e-18
7.220589235568159e-18
7.356116614808893e-18
7.491643994049639e-18
7.807874545611359e-18
7.943401924852093e-18
8.033753511012574e-18
8.304808269494053e-18
8.440335648734787e-18
8.575863027975533e-18
8.666214614136014e-18
8.756566200296507e-18
8.937269372617494e-18
9.072796751858228e-18
9.163148338018721e-18
9.298675717259455e-18
9.524554682660682e-18
9.614906268821175e-18
9.750433648061909e-18
1.0021488406543376e-17
1.0157015785784122e-17
1.0292543165024856e-17
1.0518422130426083e-17
1.0608773716586576e-17
1.074430109582731e-17
1.0925004268148297e-17
1.101535585430879e-17
1.1105707440469271e-17
1.1196059026629776e-17
1.133158640587051e-17
1.1512289578191497e-17
1.164781695743223e-17
1.1738168543592711e-17
1.1873695922833445e-17
1.2054399095154432e-17
1.2235102267475418e-17
1.2325453853635911e-17
1.2506157025956886e-17
1.2596508612117379e-17
1.2686860198277872e-17
1.2867563370598859e-17
1.3003090749839592e-17
1.3093442336000086e-17
1.3183793922160579e-17
1.3409672887561794e-17
1.354520026680254e-17
1.3680727646043273e-17
1.381625502528402e-17
1.3951782404524753e-17
1.4042133990685234e-17
1.422283716300622e-17
1.4358364542246954e-17
1.4448716128407448e-17
1.453906771456794e-17
1.4764946679969168e-17
1.4945649852290155e-17
1.5036001438450648e-17
1.512635302461113e-17
1.5307056196932115e-17
1.544258357617285e-17
1.5578110955413583e-17
1.571363833465433e-17
1.5803989920814822e-17
1.5984693093135796e-17
1.607504467929629e-17
1.6210572058537023e-17
1.6346099437777757e-17
1.6571978403178996e-17
1.6662329989339477e-17
1.6843033161660464e-17
1.702373633398145e-17
1.7249615299382677e-17
1.738514267862341e-17
1.7565845850944398e-17
1.7791724816345625e-17
1.7882076402506106e-17
1.797242798866661e-17
1.8198306954067826e-17
1.8379010126388812e-17
1.8514537505629546e-17
1.860488909179004e-17
1.8695240677950533e-17
1.887594385027152e-17
1.9011471229512253e-17
1.9101822815672746e-17
1.919217440183324e-17
1.9372877574154214e-17
1.9463229160314707e-17
1.959875653955544e-17
1.9689108125715934e-17
1.986981129803692e-17
2.0050514470357895e-17
2.01408660565184e-17
2.0411920814999868e-17
2.0592623987320854e-17
2.077332715964183e-17
2.0999206125043056e-17
2.113473350428379e-17
2.1225085090444283e-17
2.136061246968503e-17
2.1496139848925762e-17
2.1586491435086243e-17
2.167684302124675e-17
2.176719460740723e-17
2.1857546193567723e-17
2.1947897779728216e-17
2.208342515896895e-17
2.2218952538209684e-17
2.239965571053067e-17
2.2625534675931897e-17
2.271588626209239e-17
2.2851413641333124e-17
2.2986941020573858e-17
2.3167644192894845e-17
2.3303171572135578e-17
2.3393523158296072e-17
2.3483874744456565e-17
2.36194021236973e-17
2.3754929502938032e-17
2.3890456882178766e-17
2.3980808468339272e-17
2.4071160054499753e-17
2.4161511640660246e-17
2.4297039019900992e-17
2.4477742192221966e-17
2.456809377838246e-17
2.4703621157623193e-17
2.4793972743783686e-17
2.488432432994418e-17
2.52005548815059e-17
2.5336082260746634e-17
2.5471609639987367e-17
2.56071370192281e-17
2.583301598462934e-17
2.5968543363870074e-17
2.6058894950030555e-17
2.61944223292713e-17
2.6284773915431795e-17
2.6375125501592276e-17
2.651065288083301e-17
2.6646180260073755e-17
2.673653184623425e-17
2.682688343239473e-17
2.6917235018555235e-17
2.705276239779597e-17
2.7188289777036703e-17
2.7323817156277436e-17
2.745934453551817e-17
2.7549696121678663e-17
2.768522350091941e-17
2.7865926673240384e-17
2.7956278259400877e-17
2.804662984556136e-17
2.8227333017882344e-17
2.831768460404284e-17
2.840803619020333e-17
2.8543563569444065e-17
2.86790909486848e-17
2.8814618327925544e-17
2.895014570716628e-17
2.904049729332677e-17
2.913084887948725e-17
2.935672784488849e-17
2.9492255224129225e-17
2.958260681028972e-17
2.976330998261069e-17
2.9898837361851427e-17
3.003436474109217e-17
3.021506791341315e-17
3.030541949957365e-17
3.0440946878814386e-17
3.053129846497487e-17
3.080235322345635e-17
3.1073407981937827e-17
3.116375956809831e-17
3.12541111542588e-17
3.1344462740419294e-17
3.1434814326579775e-17
3.152516591274028e-17
3.179622067122175e-17
3.193174805046248e-17
3.2022099636622975e-17
3.211245122278347e-17
3.220280280894396e-17
3.2338330188184696e-17
3.242868177434519e-17
3.251903336050567e-17
3.2609384946666175e-17
3.2699736532826656e-17
3.279008811898715e-17
3.2970791291308136e-17
3.306114287746863e-17
3.315149446362911e-17
3.3241846049789604e-17
3.337737342903035e-17
3.364842818751182e-17
3.378395556675255e-17
3.396465873907354e-17
3.410018611831427e-17
3.4190537704474764e-17
3.437124087679574e-17
3.4461592462956244e-17
3.464229563527722e-17
3.473264722143771e-17
3.4822998807598205e-17
3.504887777299943e-17
3.5184405152240166e-17
3.527475673840066e-17
3.5455459910721633e-17
3.554581149688214e-17
3.563616308304262e-17
3.5771690462283353e-17
3.5862042048443847e-17
3.6042745220764833e-17
3.617827260000557e-17
3.631379997924631e-17
3.6404151565406794e-17
3.663003053080802e-17
3.676555791004877e-17
3.694626108236974e-17
3.708178846161049e-17
3.717214004777097e-17
3.726249163393146e-17
3.7398019013172195e-17
3.753354639241294e-17
3.7714249564733916e-17
3.784977694397466e-17
3.8030480116295636e-17
3.812083170245613e-17
3.8301534874777116e-17
3.8391886460937597e-17
3.848223804709809e-17
3.8617765426338836e-17
3.879846859865981e-17
3.8979171770980797e-17
3.911469915022153e-17
3.9205050736382024e-17
3.934057811562276e-17
3.9521281287943744e-17
3.974716025334497e-17
3.99730392187462e-17
4.010856659798693e-17
4.0198918184147425e-17
4.03796213564684e-17
4.0560324528789386e-17
4.069585190803012e-17
4.0876555080351106e-17
4.105725825267209e-17
4.1147609838832573e-17
4.132831301115356e-17
4.1463840390394294e-17
4.15541919765548e-17
4.168971935579553e-17
4.191559832119675e-17
4.2005949907357253e-17
4.2096301493517734e-17
4.2322180458918974e-17
4.2412532045079455e-17
4.250288363123995e-17
4.259323521740044e-17
4.2728762596641175e-17
4.281911418280167e-17
4.299981735512264e-17
4.331604790668436e-17
4.349675107900535e-17
4.358710266516584e-17
4.3677454251326336e-17
4.3767805837486817e-17
4.385815742364732e-17
4.4084036389048537e-17
4.417438797520904e-17
4.4309915354449776e-17
4.449061852677075e-17
4.4626145906011496e-17
4.476167328525223e-17
4.4897200664492964e-17
4.507790383681395e-17
4.5303782802215165e-17
4.543931018145591e-17
4.5529661767616404e-17
4.5620013353776885e-17
4.5845892319178125e-17
4.598141969841886e-17
4.611694707765959e-17
4.6252474456900326e-17
4.638800183614106e-17
4.6478353422301565e-17
4.66138808015423e-17
4.670423238770278e-17
4.6884935560023766e-17
4.70204629392645e-17
4.724634190466574e-17
4.733669349082622e-17
4.7427045076986714e-17
4.756257245622746e-17
4.7698099835468194e-17
4.787880300778917e-17
4.8104681973190395e-17
4.824020935243113e-17
4.8330560938591634e-17
4.846608831783237e-17
4.86016156970731e-17
4.8737143076313835e-17
4.887267045555457e-17
4.896302204171506e-17
4.9053373627875556e-17
4.918890100711629e-17
4.932442838635702e-17
4.955030735175826e-17
4.9685834730998996e-17
4.977618631715948e-17
4.9911713696400223e-17
5.013759266180145e-17
5.0227944247961943e-17
5.040864742028292e-17
5.0589350592603904e-17
5.072487797184464e-17
5.086040535108537e-17
5.104110852340636e-17
5.1266987488807585e-17
