3.6475189300650433e-19
4.71542475820271e-19
6.31728350040884e-19
7.919142242615094e-19
8.987048070752637e-19
1.11228597270276e-18
1.2724718469233854e-18
1.539448303957765e-18
1.699634178178378e-18
1.80642476099212e-18
1.9132153438058868e-18
2.0200059266196288e-18
2.1267965094333708e-18
2.2335870922471374e-18
2.3403776750608795e-18
2.5005635492814925e-18
2.714144714909001e-18
2.874330589129614e-18
2.981121171943381e-18
3.087911754757123e-18
3.248097628977748e-18
3.4082835031983735e-18
3.5684693774189865e-18
3.728655251639624e-18
3.835445834453366e-18
4.155817582894617e-18
4.316003457115242e-18
4.4761893313358676e-18
4.5829799141496096e-18
4.743165788370247e-18
4.90335166259086e-18
5.063537536811498e-18
5.17032811962524e-18
5.277118702438982e-18
5.43730457665962e-18
5.544095159473362e-18
5.704281033693975e-18
5.811071616507741e-18
5.971257490728354e-18
6.131443364948992e-18
6.345024530576476e-18
6.558605696203985e-18
6.665396279017727e-18
6.825582153238352e-18
6.985768027458965e-18
7.145953901679603e-18
7.252744484493345e-18
7.412930358713982e-18
7.733302107155233e-18
8.000278564189588e-18
8.107069147003355e-18
8.37404560403771e-18
8.587626769665219e-18
8.907998518106469e-18
9.068184392327107e-18
9.174974975140849e-18
9.281765557954591e-18
9.602137306395842e-18
9.762323180616455e-18
9.869113763430221e-18
1.0029299637650834e-17
1.0136090220464576e-17
1.0456461968905827e-17
1.0563252551719594e-17
1.0670043134533336e-17
1.0830229008753973e-17
1.0990414882974586e-17
1.1097205465788328e-17
1.1257391340008966e-17
1.1364181922822708e-17
1.1524367797043321e-17
1.173794896267083e-17
1.205832071111208e-17
1.232529716814646e-17
1.2432087750960202e-17
1.2592273625180815e-17
1.2859250082215195e-17
1.2966040665028961e-17
1.3179621830656446e-17
1.3286412413470188e-17
1.3446598287690825e-17
1.3713574744725205e-17
1.3820365327538947e-17
1.392715591035269e-17
1.403394649316643e-17
1.4354318241607682e-17
1.451450411582832e-17
1.462129469864206e-17
1.47814805728627e-17
1.4941666447083312e-17
1.5048457029897054e-17
1.515524761271082e-17
1.5315433486931434e-17
1.5529014652558942e-17
1.5795991109593297e-17
1.5902781692407064e-17
1.64367346064758e-17
1.6596920480696436e-17
1.6703711063510178e-17
1.6863896937730816e-17
1.702408281195143e-17
1.713087339476517e-17
1.729105926898581e-17
1.7451245143206422e-17
1.766482630883393e-17
1.7771616891647672e-17
1.7878407474461414e-17
1.8038593348682052e-17
1.8145383931495794e-17
1.8358965097123303e-17
1.8465755679937045e-17
1.8572546262750787e-17
1.8679336845564554e-17
1.8786127428378296e-17
1.894631330259891e-17
1.9106499176819546e-17
1.926668505104016e-17
1.9373475633853926e-17
1.964045209088828e-17
1.9747242673702048e-17
2.0067614422143274e-17
2.017440500495704e-17
2.0548172044805162e-17
2.1082124958873897e-17
2.1188915541687663e-17
2.1349101415908276e-17
2.1509287290128914e-17
2.1616077872942656e-17
2.1722868455756398e-17
2.182965903857014e-17
2.1936449621383907e-17
2.204324020419765e-17
2.2150030787011415e-17
2.2256821369825157e-17
2.241700724404577e-17
2.2523797826859537e-17
2.268398370108015e-17
2.289756486670766e-17
2.30043554495214e-17
2.3217936615148885e-17
2.3431517780776394e-17
2.3538308363590136e-17
2.3751889529217644e-17
2.3858680112031386e-17
2.4125656569065766e-17
2.4232447151879508e-17
2.4392633026100146e-17
2.4499423608913888e-17
2.4659609483134525e-17
2.487319064876201e-17
2.5086771814389518e-17
2.540714356283077e-17
2.551393414564451e-17
2.5674120019865148e-17
2.578091060267889e-17
2.610128235112014e-17
2.6208072933933883e-17
2.6314863516747625e-17
2.6421654099561392e-17
2.6581839973782005e-17
2.6742025848002618e-17
2.6848816430816384e-17
2.6955607013630126e-17
2.7169188179257635e-17
2.738276934488512e-17
2.7596350510512628e-17
2.7809931676140136e-17
2.791672225895388e-17
2.802351284176762e-17
2.8290489298802e-17
2.8504070464429484e-17
2.871765163005699e-17
2.8824442212870735e-17
2.89312327956845e-17
2.9038023378498244e-17
2.9198209252718857e-17
2.9304999835532623e-17
2.9465185709753236e-17
2.9571976292567e-17
2.9732162166787616e-17
2.983895274960136e-17
2.9945743332415125e-17
3.010592920663574e-17
3.047969624648386e-17
3.063988212070447e-17
3.085346328633198e-17
3.096025386914572e-17
3.112043974336636e-17
3.1280625617586974e-17
3.144081149180761e-17
3.1547602074621353e-17
3.170778794884199e-17
3.1921369114469475e-17
3.208155498869011e-17
3.2188345571503855e-17
3.240192673713134e-17
3.2562112611351976e-17
3.277569377697946e-17
3.298927494260697e-17
3.325625139964135e-17
3.336304198245509e-17
3.346983256526886e-17
3.35766231480826e-17
3.3790204313710084e-17
3.4057180770744463e-17
3.4163971353558205e-17
3.432415722777884e-17
3.4430947810592585e-17
3.4644528976220094e-17
3.4751319559033836e-17
3.4911505433254473e-17
3.5018296016068215e-17
3.512508659888196e-17
3.5285272473102595e-17
3.539206305591634e-17
3.549885363873008e-17
3.571243480435759e-17
3.581922538717133e-17
3.608620184420571e-17
3.624638771842632e-17
3.640657359264696e-17
3.65133641754607e-17
3.6620154758274444e-17
3.6887131215308824e-17
3.699392179812259e-17
3.710071238093633e-17
3.7207502963750074e-17
3.7314293546563816e-17
3.7527874712191325e-17
3.768806058641194e-17
3.7901641752039447e-17
3.800843233485319e-17
3.8168618209073827e-17
3.832880408329444e-17
3.843559466610818e-17
3.854238524892195e-17
3.870257112314256e-17
3.880936170595633e-17
3.891615228877007e-17
3.902294287158381e-17
3.912973345439758e-17
3.923652403721132e-17
3.9396709911431934e-17
3.95035004942457e-17
3.9663686368466313e-17
3.987726753409382e-17
3.9984058116907564e-17
4.0357825156755686e-17
4.046461573956943e-17
4.0624801613790065e-17
4.078498748801068e-17
4.105196394504506e-17
4.121214981926567e-17
4.147912627630005e-17
4.163931215052069e-17
4.174610273333443e-17
4.1959683898961914e-17
4.211986977318255e-17
4.228005564740319e-17
4.238684623021693e-17
4.2493636813030674e-17
4.2600427395844416e-17
4.2760613270065053e-17
4.2920799144285666e-17
4.3027589727099433e-17
4.324117089272692e-17
4.3454752058354426e-17
4.3775123806795677e-17
4.41488908466438e-17
4.425568142945754e-17
4.436247201227128e-17
4.452265788649192e-17
4.4736239052119404e-17
4.484302963493317e-17
4.5056610800560655e-17
4.516340138337442e-17
4.548377313181565e-17
4.5590563714629414e-17
4.575074958885003e-17
4.585754017166377e-17
4.5964330754477536e-17
4.6177911920105044e-17
4.633809779432566e-17
4.64448883771394e-17
4.676526012558065e-17
4.692544599980129e-17
4.703223658261503e-17
4.713902716542877e-17
4.740600362246315e-17
4.7512794205276893e-17
4.7619584788090635e-17
4.7886561245125015e-17
4.8100142410752524e-17
4.8420514159193775e-17
4.8527304742007517e-17
4.8794281199041896e-17
4.890107178185564e-17
4.9061257656076276e-17
4.916804823889002e-17
4.932823411311063e-17
4.948841998733127e-17
4.959521057014501e-17
4.975539644436565e-17
5.0022372901400003e-17
5.012916348421377e-17
5.0342744649841254e-17
5.044953523265502e-17
5.0609721106875634e-17
5.0769906981096247e-17
5.0930092855316884e-17
5.114367402094437e-17
5.1303859895165006e-17
