4.058261387528781e-19
5.58374749329944e-19
7.109233599069852e-19
8.634719704840511e-19
1.016020581061117e-18
1.2194187284971843e-18
1.3719673390742379e-18
1.47366641279229e-18
1.7279140970873834e-18
1.880462707664437e-18
1.9821617813824768e-18
2.1347103919595427e-18
2.23640946567757e-18
2.33810853939561e-18
2.4398076131136498e-18
2.5923562236907157e-18
2.694055297408743e-18
2.897453444844823e-18
3.0500020554218887e-18
3.2025506659989423e-18
3.4059488134350096e-18
3.609346960871089e-18
3.8635946451661826e-18
3.965293718884235e-18
4.066992792602262e-18
4.321240476897368e-18
4.524638624333435e-18
4.6263376980514874e-18
4.778886308628541e-18
4.9314349192055945e-18
5.134833066641674e-18
5.236532140359714e-18
5.3890807509367676e-18
5.49077982465482e-18
5.592478898372847e-18
5.694177972090887e-18
5.8467265826679406e-18
5.948425656385993e-18
6.05012473010402e-18
6.3043724143991136e-18
6.558620098694219e-18
6.863717319848339e-18
7.016265930425392e-18
7.117965004143432e-18
7.372212688438526e-18
7.575610835874605e-18
7.677309909592633e-18
7.829858520169699e-18
8.033256667605778e-18
8.236654815041858e-18
8.440052962477937e-18
8.592601573054991e-18
8.795999720491058e-18
8.89769879420911e-18
8.999397867927138e-18
9.10109694164519e-18
9.202796015363218e-18
9.507893236517337e-18
9.812990457671457e-18
1.0321485826261643e-17
1.0423184899979695e-17
1.0626583047415763e-17
1.0931680268569882e-17
1.1185927952864976e-17
1.1287627026583015e-17
1.1440175637160069e-17
1.1541874710878121e-17
1.1643573784596149e-17
1.1745272858314188e-17
1.1897821468891242e-17
1.1999520542609294e-17
1.2355467300622415e-17
1.2457166374340467e-17
1.2558865448058495e-17
1.2813113132353588e-17
1.2965661742930654e-17
1.311821035350772e-17
1.3270758964084761e-17
1.347415711152084e-17
1.367755525895692e-17
1.4033502016970066e-17
1.4135201090688093e-17
1.4236900164406145e-17
1.4338599238124173e-17
1.469454599613732e-17
1.4796245069855346e-17
1.4897944143573386e-17
1.5101342291009465e-17
1.525389090158652e-17
1.5406439512163585e-17
1.5609837659599665e-17
1.5762386270176718e-17
1.5914934880753772e-17
1.601663395447181e-17
1.622003210190789e-17
1.642343024934397e-17
1.6575978859921024e-17
1.672852747049809e-17
1.6830226544216118e-17
1.693192561793417e-17
1.708447422851121e-17
1.7186173302229263e-17
1.728787237594729e-17
1.7389571449665343e-17
1.749127052338337e-17
1.769466867081945e-17
1.779636774453749e-17
1.7948916355114543e-17
1.810146496569161e-17
1.8203164039409637e-17
1.830486311312769e-17
1.850826126056377e-17
1.866080987114081e-17
1.8915057555435915e-17
1.9016756629153955e-17
1.916930523973102e-17
1.9321853850308062e-17
1.9423552924026115e-17
1.9728650145180222e-17
1.983034921889826e-17
1.99320482926163e-17
2.023714551377042e-17
2.033884458748846e-17
2.0440543661206488e-17
2.054224273492454e-17
2.0694791345501594e-17
2.0796490419219634e-17
2.09998885666557e-17
2.1101587640373753e-17
2.1254136250950794e-17
2.1355835324668846e-17
2.1559233472104926e-17
2.1762631619541006e-17
2.1966029766977085e-17
2.2067728840695113e-17
2.216942791441314e-17
2.2271126988131192e-17
2.2525374672426286e-17
2.2627073746144338e-17
2.277962235672138e-17
2.3033870041016473e-17
2.3135569114734525e-17
2.328811772531159e-17
2.3491515872747646e-17
2.3593214946465698e-17
2.374576355704274e-17
2.3898312167619805e-17
2.4000011241337857e-17
2.4152559851914898e-17
2.425425892563295e-17
2.4406807536209992e-17
2.4559356146787058e-17
2.466105522050511e-17
2.481360383108215e-17
2.4915302904800203e-17
2.5067851515377244e-17
2.522040012595431e-17
2.5322099199672338e-17
2.542379827339039e-17
2.5576346883967456e-17
2.5779745031403535e-17
2.5881444105121563e-17
2.6084842252557643e-17
2.6237390863134708e-17
2.6339089936852736e-17
2.6440789010570788e-17
2.679673576858391e-17
2.6949284379160975e-17
2.710183298973804e-17
2.7203532063456068e-17
2.7305231137174096e-17
2.755947882146919e-17
2.7762876968905293e-17
2.796627511634135e-17
2.816967326377743e-17
2.837307141121351e-17
2.86273190955086e-17
2.8779867706085667e-17
2.8881566779803694e-17
2.903411539038076e-17
2.913581446409879e-17
2.923751353781684e-17
2.933921261153489e-17
2.9593460295829985e-17
2.969515936954801e-17
2.984770798012508e-17
3.0000256590702145e-17
3.0152805201279186e-17
3.040705288557428e-17
3.050875195929233e-17
3.06613005698694e-17
3.086469871730545e-17
3.101724732788252e-17
3.1169795938459584e-17
3.1322344549036625e-17
3.147489315961369e-17
3.1576592233331743e-17
3.1729140843908785e-17
3.188168945448585e-17
3.198338852820388e-17
3.2135937138780944e-17
3.228848574935801e-17
3.249188389679409e-17
3.2593582970512117e-17
3.2898680191666224e-17
3.3102078339102304e-17
3.325462694967937e-17
3.3407175560256435e-17
3.361057370769249e-17
3.3763122318269556e-17
3.391567092884662e-17
3.406821953942369e-17
3.4169918613141716e-17
3.432246722371878e-17
3.442416629743681e-17
3.4576714908013875e-17
3.508521027660406e-17
3.523775888718113e-17
3.544115703461721e-17
3.5542856108335235e-17
3.56954047189123e-17
3.600050194006641e-17
3.610220101378446e-17
3.630559916122054e-17
3.645814777179758e-17
3.67123954560927e-17
3.686494406666974e-17
3.706834221410582e-17
3.7373439435259927e-17
3.7576837582696006e-17
3.772938619327307e-17
3.78310852669911e-17
3.803448341442718e-17
3.823788156186326e-17
3.833958063558131e-17
3.849212924615835e-17
3.864467785673542e-17
3.88480760041715e-17
3.900062461474854e-17
3.9153173225325605e-17
3.930572183590267e-17
3.94074209096207e-17
3.961081905705678e-17
3.971251813077483e-17
3.991591627821091e-17
4.006846488878795e-17
4.027186303622403e-17
4.052611072051915e-17
4.088205747853227e-17
4.09837565522503e-17
4.1187154699686377e-17
4.1390552847122456e-17
4.154310145769952e-17
4.164480053141755e-17
4.2000747289430695e-17
4.210244636314875e-17
4.2204145436866775e-17
4.235669404744384e-17
4.2610941731738934e-17
4.2763490342315975e-17
4.286518941603403e-17
4.3017738026611094e-17
4.311943710032912e-17
4.322113617404715e-17
4.342453432148323e-17
4.362793246891931e-17
4.3780481079496374e-17
4.38821801532144e-17
4.3983879226932453e-17
4.4136427837509495e-17
4.43398259849456e-17
4.4543224132381654e-17
4.4644923206099706e-17
4.479747181667675e-17
4.48991708903948e-17
4.505171950097184e-17
4.515341857468989e-17
4.535681672212597e-17
4.550936533270304e-17
4.5712763480139093e-17
4.59161616275752e-17
4.632295792244733e-17
4.657720560674245e-17
4.672975421731949e-17
4.688230282789656e-17
4.713655051219165e-17
4.728909912276869e-17
4.7390798196486744e-17
4.754334680706381e-17
4.769589541764085e-17
4.784844402821792e-17
4.800099263879498e-17
4.815354124937205e-17
4.830608985994909e-17
4.840778893366714e-17
4.86111870811032e-17
4.8814585228539277e-17
4.891628430225733e-17
4.9017983375975356e-17
4.911968244969341e-17
4.932308059712949e-17
4.9424779670847516e-17
4.9526478744565543e-17
4.972987689200165e-17
4.998412457629674e-17
5.0238372260591834e-17
5.034007133430986e-17
5.0441770408027914e-17
5.069601809232301e-17
5.084856670290005e-17
5.1001115313477114e-17
5.110281438719514e-17
5.125536299777221e-17
5.135706207149026e-17
