4.803808935352192e-19
5.837055512626197e-19
7.3869253785373895e-19
9.4534185330854e-19
1.0486665110359528e-18
1.1519911687633657e-18
1.3586404842181667e-18
1.6169521285366865e-18
1.8236014439915e-18
1.9785884305826068e-18
2.133575417173726e-18
2.2369000749011265e-18
2.3918870614922335e-18
2.5468740480833527e-18
2.6501987058107533e-18
2.7535233635381538e-18
2.908510350129273e-18
3.0118350078566736e-18
3.1668219944477805e-18
3.4251336387663003e-18
3.580120625357407e-18
3.735107611948514e-18
3.838432269675927e-18
3.993419256267034e-18
4.096743913994447e-18
4.30339322944926e-18
4.406717887176661e-18
4.5617048737677676e-18
4.6650295314951804e-18
4.871678846949994e-18
4.975003504677394e-18
5.129990491268501e-18
5.388302135587021e-18
5.543289122178128e-18
5.853263095360354e-18
6.008250081951461e-18
6.2148993974062744e-18
6.369886383997381e-18
6.628198028315901e-18
6.783185014907008e-18
6.938172001498115e-18
7.093158988089234e-18
7.299808303544048e-18
7.454795290135155e-18
7.609782276726262e-18
7.764769263317368e-18
7.919756249908488e-18
8.074743236499595e-18
8.281392551954408e-18
8.488041867409221e-18
8.694691182864035e-18
8.798015840591435e-18
9.159652142637356e-18
9.314639129228475e-18
9.624613102410689e-18
9.727937760138102e-18
9.934587075592915e-18
1.0192898719911422e-17
1.0554535021957343e-17
1.0761184337412168e-17
1.1019495981730676e-17
1.1226145297185489e-17
1.1484456941504009e-17
1.1587781599231422e-17
1.1691106256958822e-17
1.1846093243549929e-17
1.2001080230141036e-17
1.2156067216732155e-17
1.2362716532186956e-17
1.246604118991437e-17
1.2724352834232889e-17
1.2879339820823996e-17
1.2982664478551409e-17
1.318931379400621e-17
1.344762543832473e-17
1.3602612424915837e-17
1.380926174037065e-17
1.4119235713552876e-17
1.4222560371280277e-17
1.432588502900769e-17
1.4480872015598796e-17
1.4635859002189903e-17
1.4842508317644717e-17
1.4997495304235824e-17
1.5255806948554343e-17
1.5359131606281756e-17
1.5514118592872863e-17
1.5617443250600264e-17
1.5824092566055077e-17
1.592741722378249e-17
1.603074188150989e-17
1.6134066539237303e-17
1.6237391196964704e-17
1.6340715854692117e-17
1.654736517014693e-17
1.6702352156738037e-17
1.6805676814465437e-17
1.690900147219285e-17
1.701232612992025e-17
1.7115650787647664e-17
1.7218975445375064e-17
1.7425624760829865e-17
1.7683936405148385e-17
1.7787261062875822e-17
1.79939103783306e-17
1.8097235036058036e-17
1.8200559693785425e-17
1.840720900924025e-17
1.8510533666967638e-17
1.861385832469505e-17
1.9027156955604678e-17
1.913048161333209e-17
1.9233806271059504e-17
1.9337130928786892e-17
1.9492117915378023e-17
1.9698767230832824e-17
1.985375421742393e-17
1.9957078875151344e-17
2.0060403532878757e-17
2.0267052848333558e-17
2.037037750606097e-17
2.0577026821515797e-17
2.0835338465834292e-17
2.0938663123561705e-17
2.1041987781289093e-17
2.114531243901653e-17
2.140362408333505e-17
2.1661935727653545e-17
2.1765260385380958e-17
2.1920247371972065e-17
2.2126896687426866e-17
2.223022134515428e-17
2.2333546002881692e-17
2.24885329894728e-17
2.259185764720021e-17
2.2746844633791318e-17
2.2901831620382425e-17
2.3005156278109814e-17
2.3160143264700945e-17
2.336679258015577e-17
2.347011723788316e-17
2.3883415868792786e-17
2.39867405265202e-17
2.4193389841975024e-17
2.4296714499702412e-17
2.4503363815157238e-17
2.4606688472884626e-17
2.471001313061204e-17
2.4865000117203146e-17
2.5019987103794253e-17
2.5123311761521666e-17
2.5381623405840186e-17
2.5536610392431293e-17
2.5639935050158705e-17
2.5743259707886094e-17
2.6001571352204613e-17
2.6156558338795745e-17
2.6311545325386827e-17
2.646653231197796e-17
2.6569856969705347e-17
2.672484395629648e-17
2.687983094288756e-17
2.6983155600614998e-17
2.713814258720608e-17
2.7344791902660906e-17
2.7448116560388295e-17
2.7551441218115732e-17
2.765476587584312e-17
2.780975286243425e-17
2.801640217788903e-17
2.8223051493343854e-17
2.8378038479934985e-17
2.8481363137662374e-17
2.863635012425348e-17
2.879133711084459e-17
2.894632409743572e-17
2.904964875516311e-17
2.915297341289052e-17
2.925629807061793e-17
2.9411285057209015e-17
2.9566272043800147e-17
2.9669596701527535e-17
2.987624601698236e-17
3.003123300357347e-17
3.013455766130088e-17
3.028954464789199e-17
3.0444531634483094e-17
3.0599518621074226e-17
3.0702843278801614e-17
3.0806167936529e-17
3.090949259425644e-17
3.127112889630235e-17
3.152944054062087e-17
3.1684427527211975e-17
3.183941451380308e-17
3.1942739171530494e-17
3.20977261581216e-17
3.220105081584899e-17
3.2304375473576427e-17
3.2407700131303815e-17
3.251102478903123e-17
3.271767410448603e-17
3.287266109107716e-17
3.307931040653196e-17
3.323429739312307e-17
3.333762205085048e-17
3.3440946708577894e-17
3.354427136630528e-17
3.3699258352896414e-17
3.38025830106238e-17
3.4112556983806016e-17
3.4215881641533454e-17
3.442253095698823e-17
3.452585561471567e-17
3.468084260130675e-17
3.483582958789788e-17
3.50941412322164e-17
3.519746588994379e-17
3.535245287653492e-17
3.5507439863126003e-17
3.5662426849717135e-17
3.576575150744452e-17
3.597240082289935e-17
3.6127387809490456e-17
3.6334037124945257e-17
3.6437361782672694e-17
3.664401109812747e-17
3.6850660413582296e-17
3.695398507130971e-17
3.705730972903712e-17
3.726395904449192e-17
3.7367283702219336e-17
3.7470608359946724e-17
3.757393301767416e-17
3.767725767540155e-17
3.793556931972007e-17
3.8090556306311176e-17
3.8245543292902283e-17
3.845219260835711e-17
3.85555172660845e-17
3.865884192381191e-17
3.8813828910403017e-17
3.902047822585784e-17
3.922712754131267e-17
3.9330452199040056e-17
3.9433776856767445e-17
3.953710151449488e-17
3.9743750829949683e-17
3.989873781654079e-17
4.000206247426818e-17
4.0105387131995616e-17
4.0208711789723004e-17
4.041536110517783e-17
4.0570348091768937e-17
4.082865973608743e-17
4.093198439381487e-17
4.108697138040595e-17
4.119029603813339e-17
4.129362069586078e-17
4.139694535358819e-17
4.15002700113156e-17
4.160359466904299e-17
4.1706919326770404e-17
4.201689329995264e-17
4.2171880286543725e-17
4.227520494427114e-17
4.248185425972594e-17
4.2585178917453376e-17
4.279182823290818e-17
4.289515289063559e-17
4.305013987722667e-17
4.315346453495411e-17
4.336011385040891e-17
4.351510083700002e-17
4.3618425494727406e-17
4.3721750152454843e-17
4.3980061796773363e-17
4.408338645450075e-17
4.4186711112228164e-17
4.429003576995558e-17
4.444502275654666e-17
4.460000974313779e-17
4.47549967297289e-17
4.49616460451837e-17
4.506497070291111e-17
4.5168295360638525e-17
4.527162001836591e-17
4.537494467609335e-17
4.547826933382074e-17
4.563325632041187e-17
4.573658097813926e-17
4.5891567964730365e-17
4.599489262245778e-17
4.6098217280185166e-17
4.6356528924503686e-17
4.64598535822311e-17
4.656317823995851e-17
4.671816522654962e-17
4.682148988427703e-17
4.692481454200442e-17
4.702813919973186e-17
4.733811317291407e-17
4.744143783064146e-17
4.759642481723259e-17
4.780307413268739e-17
4.7906398790414805e-17
4.8164710434733324e-17
4.8319697421324407e-17
4.8423022079051844e-17
4.852634673677923e-17
4.878465838109775e-17
4.893964536768886e-17
4.904297002541627e-17
4.919795701200738e-17
4.940460632746218e-17
4.955959331405331e-17
4.976624262950811e-17
4.992122961609922e-17
5.017954126041774e-17
5.028286591814513e-17
5.0386190575872565e-17
5.048951523359995e-17
5.0592839891327366e-17
5.074782687791847e-17
5.090281386450958e-17
5.1057800851100687e-17
5.126445016655551e-17
