4.371177522916109e-19
5.684975113365122e-19
6.560840173664424e-19
8.750502824412985e-19
1.0064300414861876e-18
1.1378098005311013e-18
1.2253963065610437e-18
1.3567760656059328e-18
1.4443625716358753e-18
1.5319490776658177e-18
1.6633288367107068e-18
1.8385018487705917e-18
1.926088354800534e-18
2.0574681138454232e-18
2.1450546198753657e-18
2.2764343789202794e-18
2.4516073909801396e-18
2.5829871500250533e-18
2.7143669090699424e-18
2.845746668114856e-18
2.9771264271597698e-18
3.0647129331896876e-18
3.15229943921963e-18
3.371265704294474e-18
3.502645463339375e-18
3.590231969369318e-18
3.765404981429178e-18
3.940577993489063e-18
4.0281644995190054e-18
4.203337511578866e-18
4.4223037766537095e-18
4.553683535698611e-18
4.6850632947435246e-18
4.904029559818356e-18
4.9916160658482986e-18
5.21058233092313e-18
5.2981688369530726e-18
5.385755342983015e-18
5.517135102027904e-18
5.6047216080578465e-18
5.692308114087789e-18
5.7798946201177315e-18
5.955067632177592e-18
6.0864473912225054e-18
6.261620403282366e-18
6.436793415342251e-18
6.524379921372181e-18
6.611966427402111e-18
6.743346186447025e-18
6.962312451521856e-18
7.137485463581741e-18
7.26886522262663e-18
7.356451728656573e-18
7.531624740716445e-18
7.619211246746375e-18
7.706797752776318e-18
7.79438425880626e-18
7.92576401785115e-18
8.057143776896063e-18
8.232316788955936e-18
8.407489801015808e-18
8.538869560060722e-18
8.62645606609064e-18
8.757835825135553e-18
8.889215584180467e-18
9.064388596240327e-18
9.15197510227027e-18
9.502321126390015e-18
9.589907632419958e-18
9.85266715050976e-18
9.940253656539703e-18
1.0071633415584592e-17
1.0203013174629505e-17
1.0334392933674407e-17
1.0421979439704337e-17
1.0640945704779193e-17
1.0772325463824082e-17
1.0859911969854025e-17
1.0947498475883967e-17
1.1078878234928856e-17
1.1166464740958799e-17
1.1341637753018684e-17
1.1473017512063573e-17
1.1560604018093515e-17
1.1648190524123458e-17
1.1735777030153388e-17
1.1867156789198289e-17
1.2042329801258174e-17
1.2129916307288092e-17
1.2217502813318034e-17
1.2305089319347977e-17
1.2392675825377919e-17
1.2480262331407837e-17
1.261164209045275e-17
1.2699228596482693e-17
1.2786815102512623e-17
1.3049574620602438e-17
1.3137161126632369e-17
1.3224747632662299e-17
1.3399920644722184e-17
1.3487507150752114e-17
1.3706473415826958e-17
1.37940599218569e-17
1.3881646427886818e-17
1.396923293391676e-17
1.4144405945976633e-17
1.4319578958036506e-17
1.4407165464066448e-17
1.4582338476126308e-17
1.4757511488186193e-17
1.4888891247231082e-17
1.5064064259290967e-17
1.5239237271350827e-17
1.532682377738077e-17
1.5414410283410712e-17
1.5633376548485544e-17
1.5720963054515486e-17
1.580854956054543e-17
1.5939929319590318e-17
1.6115102331650203e-17
1.6202688837680145e-17
1.6334068596725034e-17
1.6421655102754977e-17
1.659682811481485e-17
1.668441462084478e-17
1.6772001126874722e-17
1.6859587632904664e-17
1.7034760644964525e-17
1.7166140404009438e-17
1.725372691003938e-17
1.742889992209924e-17
1.7560279681144155e-17
1.7779245946218986e-17
1.795441895827887e-17
1.8217178476368674e-17
1.8304764982398617e-17
1.8392351488428534e-17
1.856752450048842e-17
1.8830284018578222e-17
1.9049250283653066e-17
1.9136836789682996e-17
1.922442329571294e-17
1.931200980174288e-17
1.939959630777281e-17
1.948718281380274e-17
1.9618562572847655e-17
1.9881322090937458e-17
2.001270184998237e-17
2.0231668115057203e-17
2.0406841127117088e-17
2.0538220886161977e-17
2.062580739219192e-17
2.0757187151236833e-17
2.0888566910281722e-17
2.1019946669326636e-17
2.1107533175356578e-17
2.1195119681386496e-17
2.132649944043141e-17
2.1414085946461352e-17
2.154546570550624e-17
2.1633052211536184e-17
2.1808225223596056e-17
2.20271914886709e-17
2.2246157753745732e-17
2.2421330765805617e-17
2.2552710524850506e-17
2.272788353691039e-17
2.2815470042940333e-17
2.290305654897025e-17
2.2990643055000193e-17
2.3122022814045107e-17
2.3297195826104967e-17
2.342857558514988e-17
2.3559955344194782e-17
2.3735128356254655e-17
2.3910301368314528e-17
2.4216854139419314e-17
2.4304440645449232e-17
2.4435820404494145e-17
2.4654786669568977e-17
2.474237317559892e-17
2.4917546187658804e-17
2.5005132693688722e-17
2.526789221177855e-17
2.5355478717808467e-17
2.5574444982883323e-17
2.5662031488913254e-17
2.5793411247958155e-17
2.5880997753988097e-17
2.6012377513033e-17
2.6231343778107843e-17
2.6362723537152744e-17
2.6450310043182674e-17
2.6537896549212617e-17
2.671306956127249e-17
2.680065606730242e-17
2.6888242573332362e-17
2.6975829079362304e-17
2.7107208838407193e-17
2.7194795344437136e-17
2.7282381850467078e-17
2.745755486252694e-17
2.7588934621571852e-17
2.7720314380616766e-17
2.7807900886646684e-17
2.798307389870657e-17
2.807066040473651e-17
2.828962666981134e-17
2.8464799681871215e-17
2.8552386187901145e-17
2.863997269393109e-17
2.881514570599096e-17
2.894652546503586e-17
2.9121698477095734e-17
2.929687148915561e-17
2.942825124820052e-17
2.960342426026038e-17
2.9778597272320266e-17
2.9953770284380126e-17
3.008515004342504e-17
3.017273654945497e-17
3.02603230554849e-17
3.0391702814529814e-17
3.0610669079604645e-17
3.074204883864956e-17
3.087342859769446e-17
3.1048601609754333e-17
3.1179981368799247e-17
3.1311361127844136e-17
3.139894763387408e-17
3.157412064593395e-17
3.166170715196388e-17
3.1749293657993824e-17
3.188067341703874e-17
3.20558464290986e-17
3.218722618814351e-17
3.23186059471884e-17
3.2537572212263256e-17
3.2668951971308145e-17
3.280033173035306e-17
3.2887918236383e-17
3.3106884501457833e-17
3.3194471007487776e-17
3.332585076653268e-17
3.345723052557758e-17
3.358861028462249e-17
3.371999004366738e-17
3.3807576549697324e-17
3.3895163055727266e-17
3.4070336067787126e-17
3.415792257381707e-17
3.4333095585876954e-17
3.442068209190687e-17
3.4508268597936814e-17
3.4595855103966756e-17
3.481482136904159e-17
3.49462011280865e-17
3.50775808871314e-17
3.5165167393161333e-17
3.542792691125115e-17
3.555930667029605e-17
3.5690686429340963e-17
3.599723920044574e-17
3.621620546552057e-17
3.634758522456548e-17
3.647896498361037e-17
3.6566551489640314e-17
3.6654137995670256e-17
3.6829311007730117e-17
3.696069076677503e-17
3.704827727280497e-17
3.717965703184986e-17
3.7311036790894776e-17
3.739862329692472e-17
3.753000305596961e-17
3.770517606802949e-17
3.788034908008935e-17
3.805552209214924e-17
3.818690185119414e-17
3.827448835722407e-17
3.8449661369283954e-17
3.8537247875313884e-17
3.88000073934037e-17
3.893138715244859e-17
3.901897365847853e-17
3.9237939923553374e-17
3.9369319682598276e-17
3.950069944164319e-17
3.963207920068808e-17
3.971966570671802e-17
3.9807252212747963e-17
3.9982425224807824e-17
4.011380498385274e-17
4.028897799591261e-17
4.037656450194254e-17
4.046415100797248e-17
4.0595530767017396e-17
4.0726910526062285e-17
4.090208353812217e-17
4.107725655018203e-17
4.1296222815256887e-17
4.1427602574301776e-17
4.160277558636166e-17
4.177794859842152e-17
4.1865535104451463e-17
4.2040708116511336e-17
4.2128294622541266e-17
4.221588112857121e-17
4.230346763460115e-17
4.252243389967598e-17
4.2610020405705925e-17
4.2741400164750826e-17
4.287277992379573e-17
4.296036642982567e-17
4.309174618887057e-17
4.322312594791547e-17
4.339829895997536e-17
4.3485885466005276e-17
4.357347197203522e-17
4.379243823711006e-17
4.3967611249169935e-17
4.4098991008214836e-17
4.436175052630465e-17
4.449313028534954e-17
4.4712096550424396e-17
4.4799683056454326e-17
4.493106281549923e-17
4.510623582755911e-17
4.5237615586604e-17
4.5412788598663887e-17
4.5544168357708776e-17
4.563175486373872e-17
4.571934136976866e-17
4.5806927875798603e-17
4.593830763484349e-17
4.6025894140873435e-17
4.615727389991835e-17
4.633244691197821e-17
4.655141317705305e-17
4.663899968308298e-17
4.6770379442127896e-17
4.685796594815784e-17
4.6945552454187757e-17
4.707693221323267e-17
4.725210522529254e-17
4.733969173132247e-17
4.7427278237352416e-17
4.760245124941229e-17
4.773383100845719e-17
4.782141751448713e-17
4.7952797273532033e-17
4.8084177032576935e-17
4.825935004463682e-17
4.834693655066674e-17
4.843452305669668e-17
4.852210956272662e-17
4.8609696068756565e-17
4.8828662333831396e-17
4.904762859890623e-17
4.913521510493617e-17
4.9266594863981084e-17
4.939797462302597e-17
4.961694088810083e-17
4.974832064714572e-17
4.987970040619063e-17
5.0054873418250505e-17
5.0142459924280435e-17
5.023004643031038e-17
5.031763293634032e-17
5.053659920141515e-17
5.0624185707445094e-17
5.0755565466489995e-17
5.0886945225534896e-17
5.101832498457981e-17
5.11497047436247e-17
5.128108450266961e-17
