5.7736606867039355e-19
7.807745255601494e-19
9.841829824499052e-19
1.085887210894777e-18
1.2384435535620907e-18
1.3909998962293921e-18
1.594408353119148e-18
1.6961125815640197e-18
1.8486689242313335e-18
1.9503731526762175e-18
2.153781609565961e-18
2.255485838010845e-18
2.3571900664557045e-18
2.5097464091230183e-18
2.662302751790332e-18
2.764006980235216e-18
2.865711208680088e-18
3.0182675513474016e-18
3.1708238940147154e-18
3.323380236682017e-18
3.425084465126901e-18
3.7301971504615285e-18
3.933605607351272e-18
4.035309835796156e-18
4.289570406908329e-18
4.391274635353213e-18
4.543830978020527e-18
4.7472394349102705e-18
5.001500006022468e-18
5.15405634868977e-18
5.2557605771346416e-18
5.357464805579526e-18
5.5100211482468394e-18
5.611725376691711e-18
5.713429605136583e-18
5.865985947803897e-18
6.06939440469364e-18
6.221950747360954e-18
6.374507090028268e-18
6.476211318473152e-18
6.679619775362895e-18
6.832176118030209e-18
6.984732460697523e-18
7.137288803364837e-18
7.28984514603215e-18
7.594957831366778e-18
7.74751417403408e-18
8.001774745146265e-18
8.20518320203602e-18
8.408591658925776e-18
8.510295887370648e-18
8.764556458482834e-18
8.866260686927705e-18
8.967964915372577e-18
9.171373372262333e-18
9.273077600707205e-18
9.374781829152089e-18
9.52733817181939e-18
9.730746628709146e-18
9.832450857154018e-18
9.985007199821332e-18
1.0188415656711087e-17
1.0340971999378401e-17
1.0493528342045703e-17
1.0595232570490574e-17
1.0747788913157888e-17
1.0849493141602772e-17
1.1002049484270086e-17
1.11546058269374e-17
1.1358014283827143e-17
1.1459718512272015e-17
1.1612274854939329e-17
1.1764831197606643e-17
1.2019091768718828e-17
1.2222500225608572e-17
1.2375056568275885e-17
1.2527612910943199e-17
1.2781873482055397e-17
1.298528193894514e-17
1.3137838281612454e-17
1.3239542510057326e-17
1.339209885272464e-17
1.3544655195391953e-17
1.3646359423836825e-17
1.374806365228171e-17
1.4154880566061196e-17
1.425658479450608e-17
1.4358289022950952e-17
1.4612549594063138e-17
1.4714253822508022e-17
1.4968514393620195e-17
1.507021862206508e-17
1.5273627078954822e-17
1.5477035535844578e-17
1.557873976428945e-17
1.5833000335401635e-17
1.598555667806895e-17
1.6138113020736263e-17
1.6239817249181135e-17
1.639237359184845e-17
1.6494077820293333e-17
1.6697486277183076e-17
1.6799190505627948e-17
1.690089473407282e-17
1.7002598962517704e-17
1.7104303190962575e-17
1.725685953362989e-17
1.735856376207476e-17
1.7561972218964504e-17
1.7714528561631818e-17
1.7816232790076702e-17
1.812134547541133e-17
1.82230497038562e-17
1.8375606046523515e-17
1.857901450341326e-17
1.8731570846080573e-17
1.90366835314152e-17
1.9290944102527386e-17
1.94435004451947e-17
1.9646908902084443e-17
1.9799465244751757e-17
2.0053725815863954e-17
2.0206282158531268e-17
2.0511394843865883e-17
2.0663951186533197e-17
2.0867359643422953e-17
2.112162021453514e-17
2.122332444298001e-17
2.1325028671424882e-17
2.1426732899869754e-17
2.1528437128314638e-17
2.1680993470981952e-17
2.1833549813649265e-17
2.1935254042094137e-17
2.2189514613206323e-17
2.2392923070096066e-17
2.2596331526985822e-17
2.2748887869653136e-17
2.290144421232045e-17
2.3155704783432635e-17
2.3460817468767263e-17
2.3562521697212134e-17
2.381678226832432e-17
2.3918486496769192e-17
2.4020190725214063e-17
2.4172747067881377e-17
2.432530341054869e-17
2.4427007638993575e-17
2.4528711867438447e-17
2.4630416095883318e-17
2.4782972438550632e-17
2.4884676666995504e-17
2.4986380895440376e-17
2.508808512388526e-17
2.5291493580775003e-17
2.5444049923442317e-17
2.55457541518872e-17
2.5749162608776945e-17
2.5850866837221816e-17
2.6054275294111572e-17
2.6155979522556444e-17
2.6308535865223758e-17
2.641024009366863e-17
2.6562796436335943e-17
2.6664500664780815e-17
2.681705700744813e-17
2.6969613350115442e-17
2.7071317578560314e-17
2.7173021807005198e-17
2.7325578149672512e-17
2.7478134492339813e-17
2.7732395063452e-17
2.783409929189688e-17
2.7935803520341755e-17
2.808835986300907e-17
2.819006409145394e-17
2.8393472548343684e-17
2.849517677678857e-17
2.869858523367831e-17
2.8800289462123195e-17
2.895284580479051e-17
2.915625426168025e-17
2.9257958490125137e-17
2.941051483279244e-17
2.9613923289682194e-17
2.976647963234951e-17
2.991903597501682e-17
3.0071592317684135e-17
3.0173296546128995e-17
3.032585288879631e-17
3.047840923146362e-17
3.0580113459908506e-17
3.073266980257582e-17
3.0885226145243134e-17
3.108863460213288e-17
3.129204305902262e-17
3.154630363013482e-17
3.174971208702456e-17
3.1851416315469446e-17
3.205482477235919e-17
3.215652900080406e-17
3.241078957191625e-17
3.2614198028806e-17
3.281760648569576e-17
3.291931071414062e-17
3.30210149425855e-17
3.3173571285252816e-17
3.3529536084809873e-17
3.378379665592206e-17
3.388550088436693e-17
3.4038057227034244e-17
3.413976145547913e-17
3.434316991236887e-17
3.454657836925863e-17
3.46482825977035e-17
3.485169105459324e-17
3.5004247397260557e-17
3.515680373992787e-17
3.5309360082595184e-17
3.556362065370737e-17
3.5716176996374683e-17
3.5817881224819555e-17
3.591958545326444e-17
3.602128968170931e-17
3.632640236704394e-17
3.647895870971124e-17
3.6682367166600996e-17
3.678407139504587e-17
3.688577562349075e-17
3.7038331966158065e-17
3.714003619460294e-17
3.734344465149268e-17
3.744514887993755e-17
3.7597705222604866e-17
3.7902817907939494e-17
3.810622636482926e-17
3.8360486935941435e-17
3.846219116438632e-17
3.856389539283118e-17
3.871645173549849e-17
3.8818155963943376e-17
3.8919860192388236e-17
3.927582499194529e-17
3.942838133461263e-17
3.953008556305749e-17
3.9682641905724805e-17
3.983519824839212e-17
3.998775459105943e-17
4.0089458819504316e-17
4.0191163047949176e-17
4.0343719390616514e-17
4.0445423619061373e-17
4.054712784750623e-17
4.0648832075951117e-17
4.0750536304396e-17
4.085224053284086e-17
4.10047968755082e-17
4.110650110395306e-17
4.120820533239792e-17
4.1360761675065256e-17
4.1462465903510115e-17
4.1716726474622313e-17
4.18692828172896e-17
4.207269127417937e-17
4.217439550262423e-17
4.227609973106914e-17
4.242865607373643e-17
4.2632064530626196e-17
4.2835472987515915e-17
4.2937177215960824e-17
4.303888144440568e-17
4.3242289901295426e-17
4.339484624396274e-17
4.34965504724076e-17
4.364910681507494e-17
4.380166315774223e-17
4.3903367386187136e-17
4.4055923728854425e-17
4.420848007152174e-17
4.431018429996662e-17
4.441188852841148e-17
4.466614909952368e-17
4.4818705442190994e-17
4.492040967063588e-17
4.502211389908074e-17
4.517467024174805e-17
4.5378078698637795e-17
4.547978292708268e-17
4.558148715552756e-17
4.573404349819485e-17
4.593745195508462e-17
4.603915618352948e-17
4.624256464041925e-17
4.644597309730899e-17
4.6547677325753875e-17
4.6700233668421164e-17
4.690364212531093e-17
4.700534635375579e-17
4.7107050582200676e-17
4.720875481064556e-17
4.7412163267535303e-17
4.751386749598019e-17
4.7666423838647477e-17
4.7818980181314815e-17
4.7920684409759674e-17
4.807324075242699e-17
4.817494498087187e-17
4.842920555198407e-17
4.853090978042893e-17
4.873431823731867e-17
4.883602246576356e-17
4.8937726694208416e-17
4.9090283036875755e-17
4.939539572221038e-17
4.95988041791001e-17
4.980221263598987e-17
4.990391686443473e-17
5.01073253213245e-17
5.0209029549769356e-17
5.0412438006659125e-17
5.0615846463548843e-17
5.071755069199375e-17
5.087010703466104e-17
5.0971811263105925e-17
5.112436760577324e-17
5.127692394844053e-17
