4.2223948101075824e-19
5.578439339792589e-19
6.934483869477473e-19
8.29052839916248e-19
9.646572928847487e-19
1.0550602615304035e-18
1.1454632301760707e-18
1.2358661988217378e-18
1.3714706517902262e-18
1.4618736204358933e-18
1.5974780734043817e-18
1.6878810420500489e-18
1.868686979341371e-18
2.0042914323098715e-18
2.1850973696011935e-18
2.411104791215349e-18
2.501507759861016e-18
2.7275151814751716e-18
2.8179181501208388e-18
2.908321118766506e-18
3.0439255717349943e-18
3.1343285403806614e-18
3.360335961994817e-18
3.631544867931806e-18
3.857552289545974e-18
3.993156742514462e-18
4.0835597111601294e-18
4.309567132774285e-18
4.399970101419952e-18
4.490373070065619e-18
4.6259775230341076e-18
4.716380491679775e-18
4.897186428971097e-18
4.987589397616764e-18
5.168395334908086e-18
5.3039997878765865e-18
5.439604240845075e-18
5.5752086938135755e-18
5.710813146782064e-18
5.846417599750565e-18
5.9368205683962194e-18
6.07242502136472e-18
6.298432442978876e-18
6.434036895947376e-18
6.569641348915865e-18
6.660044317561532e-18
6.750447286207199e-18
6.840850254852854e-18
6.931253223498521e-18
7.021656192144188e-18
7.292865098081177e-18
7.383268066726844e-18
7.564074004018166e-18
7.699678456986655e-18
7.880484394277989e-18
7.970887362923644e-18
8.061290331569311e-18
8.196894784537812e-18
8.287297753183466e-18
8.422902206151967e-18
8.513305174797634e-18
8.73931259641179e-18
8.874917049380278e-18
9.055722986671612e-18
9.191327439640101e-18
9.281730408285768e-18
9.372133376931435e-18
9.552939314222757e-18
9.643342282868424e-18
9.733745251514079e-18
9.824148220159746e-18
9.914551188805413e-18
1.0185760094742402e-17
1.0456969000679391e-17
1.0637774937970713e-17
1.0773379390939214e-17
1.0908983843907702e-17
1.1044588296876203e-17
1.113499126552187e-17
1.1270595718490359e-17
1.1451401655781693e-17
1.1632207593073015e-17
1.1767812046041516e-17
1.1903416499010004e-17
1.2039020951978492e-17
1.2174625404946993e-17
1.2355431342238315e-17
1.2445834310883982e-17
1.2581438763852483e-17
1.2671841732498138e-17
1.2897849154112293e-17
1.298825212275796e-17
1.3169058060049295e-17
1.3304662513017783e-17
1.3440266965986284e-17
1.3575871418954772e-17
1.3711475871923273e-17
1.380187884056894e-17
1.3937483293537428e-17
1.4027886262183095e-17
1.425389368379725e-17
1.438949813676574e-17
1.4479901105411407e-17
1.4615505558379907e-17
1.4705908527025562e-17
1.479631149567123e-17
1.4886714464316896e-17
1.5022318917285385e-17
1.5157923370253885e-17
1.524832633889954e-17
1.538393079186804e-17
1.5700341182127864e-17
1.579074415077353e-17
1.5881147119419186e-17
1.5971550088064853e-17
1.606195305671052e-17
1.6152356025356175e-17
1.6287960478324675e-17
1.6423564931293164e-17
1.664957235290733e-17
1.6739975321552986e-17
1.6830378290198653e-17
1.692078125884432e-17
1.7101587196135643e-17
1.719199016478131e-17
1.7282393133426965e-17
1.7372796102072632e-17
1.74631990707183e-17
1.7598803523686787e-17
1.7689206492332454e-17
1.787001242962379e-17
1.8005616882592277e-17
1.8231624304206432e-17
1.83220272728521e-17
1.859323617878909e-17
1.8683639147434756e-17
1.8819243600403244e-17
1.900004953769458e-17
1.9090452506340233e-17
1.9271258443631568e-17
1.9497265865245723e-17
1.958766883389139e-17
1.972327328685988e-17
1.9904079224151213e-17
1.9994482192796868e-17
2.0130086645765368e-17
2.0220489614411023e-17
2.0401295551702358e-17
2.0536900004670846e-17
2.0627302973316513e-17
2.0808108910607835e-17
2.1034116332222003e-17
2.1124519300867658e-17
2.1214922269513325e-17
2.1350526722481813e-17
2.1486131175450314e-17
2.1621735628418815e-17
2.171213859706447e-17
2.1802541565710137e-17
2.2028548987324292e-17
2.229975789326128e-17
2.2480563830552615e-17
2.2616168283521104e-17
2.2796974220812438e-17
2.2932578673780926e-17
2.3022981642426594e-17
2.311338461107226e-17
2.3203787579717916e-17
2.342979500133207e-17
2.365580242294624e-17
2.3881809844560394e-17
2.410781726617455e-17
2.4198220234820217e-17
2.4333824687788705e-17
2.451463062508004e-17
2.4650235078048528e-17
2.4876242499662684e-17
2.496664546830835e-17
2.510224992127685e-17
2.5192652889922506e-17
2.5283055858568173e-17
2.537345882721384e-17
2.5463861795859495e-17
2.5554264764505163e-17
2.5689869217473663e-17
2.5780272186119318e-17
2.591587663908782e-17
2.6187085545024808e-17
2.636789148231613e-17
2.650349593528463e-17
2.663910038825312e-17
2.6819906325544453e-17
2.695551077851294e-17
2.704591374715861e-17
2.7271921168772764e-17
2.7407525621741265e-17
2.763353304335542e-17
2.781433898064674e-17
2.794994343361524e-17
2.804034640226091e-17
2.8130749370906565e-17
2.822115233955223e-17
2.835675679252073e-17
2.862796569845771e-17
2.8718368667103377e-17
2.889917460439471e-17
2.907998054168603e-17
2.91703835103317e-17
2.935118944762302e-17
2.948679390059151e-17
2.971280132220568e-17
2.9803204290851333e-17
2.9893607259497e-17
3.00292117124655e-17
3.0119614681111156e-17
3.021001764975682e-17
3.030042061840249e-17
3.043602507137098e-17
3.057162952433948e-17
3.07524354616308e-17
3.08880399145993e-17
3.0978442883244957e-17
3.129485327350478e-17
3.1385256242150446e-17
3.1475659210796114e-17
3.156606217944177e-17
3.1656465148087435e-17
3.17468681167331e-17
3.183727108537876e-17
3.197287553834726e-17
3.2198882959961414e-17
3.2334487412929914e-17
3.2605696318866903e-17
3.287690522480389e-17
3.296730819344956e-17
3.3057711162095214e-17
3.314811413074088e-17
3.3328920068032204e-17
3.341932303667787e-17
3.350972600532354e-17
3.3600128973969205e-17
3.3735733426937693e-17
3.382613639558336e-17
3.400694233287468e-17
3.4187748270166004e-17
3.427815123881167e-17
3.436855420745734e-17
3.450415866042583e-17
3.4594561629071494e-17
3.473016608203998e-17
3.495617350365415e-17
3.5046576472299805e-17
3.522738240959114e-17
3.5453389831205295e-17
3.5588994284173796e-17
3.5724598737142284e-17
3.5860203190110785e-17
3.6041009127402107e-17
3.622181506469343e-17
3.6312218033339096e-17
3.640262100198476e-17
3.649302397063043e-17
3.662862842359892e-17
3.680943436089024e-17
3.6990240298181575e-17
3.7125844751150063e-17
3.721624771979573e-17
3.735185217276423e-17
3.748745662573272e-17
3.7577859594378386e-17
3.7668262563024054e-17
3.780386701599254e-17
3.789426998463821e-17
3.807507592192953e-17
3.821068037489803e-17
3.8301083343543687e-17
3.8391486312189354e-17
3.848188928083502e-17
3.8572292249480676e-17
3.8707896702449176e-17
3.879829967109483e-17
3.8979105608386165e-17
3.920511303000032e-17
3.934071748296882e-17
3.9431120451614477e-17
3.9657127873228644e-17
3.979273232619713e-17
3.9928336779165633e-17
4.001873974781129e-17
4.015434420077979e-17
4.033515013807111e-17
4.056115755968528e-17
4.069676201265377e-17
4.08775679499451e-17
4.0967970918590756e-17
4.114877685588208e-17
4.128438130885058e-17
4.14651872461419e-17
4.155559021478757e-17
4.1645993183433235e-17
4.182679912072456e-17
4.196240357369306e-17
4.205280654233871e-17
4.214320951098438e-17
4.2233612479630047e-17
4.2369216932598535e-17
4.24596199012442e-17
4.2776030291504025e-17
4.286643326014969e-17
4.295683622879535e-17
4.309244068176385e-17
4.327324661905517e-17
4.3454052556346504e-17
4.368005997796066e-17
4.381566443092915e-17
4.399647036822048e-17
4.426767927415747e-17
4.440328372712596e-17
4.4493686695771627e-17
4.462929114874013e-17
4.481009708603145e-17
4.494570153899995e-17
4.508130599196844e-17
4.5171708960614106e-17
4.5307313413582594e-17
4.548811935087393e-17
4.5623723803842417e-17
4.575932825681092e-17
4.584973122545657e-17
4.598533567842507e-17
4.607573864707073e-17
4.621134310003923e-17
4.6301746068684895e-17
4.6437350521653384e-17
4.6572954974621885e-17
4.666335794326755e-17
4.679896239623604e-17
4.6979768333527374e-17
4.7160574270818696e-17
4.725097723946435e-17
4.738658169243285e-17
4.765779059836984e-17
4.7838596535661175e-17
4.7974200988629664e-17
4.806460395727533e-17
4.8290611378889486e-17
4.860702176914931e-17
4.87426262221178e-17
4.8968633643731965e-17
4.9104238096700453e-17
4.9239842549668954e-17
4.9420648486960276e-17
4.9511051455605943e-17
4.96014544242516e-17
4.97370588772201e-17
4.9827461845865766e-17
4.991786481451142e-17
5.0098670751802755e-17
5.018907372044842e-17
5.032467817341691e-17
5.050548411070823e-17
5.0641088563676733e-17
5.07314915323224e-17
5.091229746961372e-17
5.100270043825939e-17
5.113830489122788e-17
5.1228707859873545e-17
5.13191108285192e-17
