4.41811086831648e-19
5.410177460086341e-19
6.402244051856201e-19
8.386377235395799e-19
9.87447712305059e-19
1.136257701070538e-18
1.2850676898360171e-18
1.3842743490130032e-18
1.4834810081899892e-18
1.582687667366963e-18
1.681894326543949e-18
1.830704315309428e-18
1.929910974486414e-18
2.0787209632518932e-18
2.1779276224288793e-18
2.3267376111943583e-18
2.4755475999598374e-18
2.6739609183137972e-18
2.7731675774907832e-18
2.9219775662562623e-18
3.0211842254332484e-18
3.1203908846102344e-18
3.3188042029642065e-18
3.517217521318166e-18
3.666027510083645e-18
3.8644408284376175e-18
3.9636474876146035e-18
4.1124574763800826e-18
4.310870794734042e-18
4.4596807834995215e-18
4.6084907722650005e-18
4.856507420207466e-18
5.1045240681499185e-18
5.3029373865038906e-18
5.501350704857863e-18
5.650160693623342e-18
5.749367352800328e-18
5.8981773415657945e-18
5.9973840007427806e-18
6.14619398950826e-18
6.245400648685246e-18
6.394210637450725e-18
6.543020626216204e-18
6.741433944570164e-18
6.890243933335643e-18
6.989450592512629e-18
7.237467240455094e-18
7.386277229220573e-18
7.485483888397559e-18
7.733500536340012e-18
7.882310525105491e-18
7.981517184282477e-18
8.080723843459463e-18
8.229533832224942e-18
8.427947150578914e-18
8.576757139344381e-18
8.72556712810986e-18
9.122393764817804e-18
9.42001374234875e-18
9.519220401525736e-18
9.668030390291215e-18
9.866443708645187e-18
1.0213667015764626e-17
1.0511286993295584e-17
1.0709700311649556e-17
1.0808906970826542e-17
1.0957716959592022e-17
1.1106526948357488e-17
1.1205733607534474e-17
1.130494026671146e-17
1.1404146925888446e-17
1.1602560244242419e-17
1.1751370233007898e-17
1.1850576892184884e-17
1.199938688095035e-17
1.2098593540127336e-17
1.2297006858481309e-17
1.2445816847246788e-17
1.2594626836012267e-17
1.2793040154366239e-17
1.2941850143131706e-17
1.3140263461485678e-17
1.3239470120662664e-17
1.3437883439016636e-17
1.3537090098193622e-17
1.3685900086959101e-17
1.3785106746136062e-17
1.3884313405313073e-17
1.403312339407854e-17
1.4132330053255526e-17
1.4281140042021017e-17
1.438034670119798e-17
1.447955336037499e-17
1.4628363349140456e-17
1.4826776667494428e-17
1.4975586656259895e-17
1.5273206633790853e-17
1.542201662255632e-17
1.5521223281733306e-17
1.5670033270498773e-17
1.5769239929675783e-17
1.5967653248029755e-17
1.6066859907206717e-17
1.6215669895972208e-17
1.6364479884737675e-17
1.646368654391466e-17
1.671170319185714e-17
1.691011651021111e-17
1.7207736487742044e-17
1.7455753135684522e-17
1.7604563124449988e-17
1.780297644280396e-17
1.7951786431569427e-17
1.8100596420334894e-17
1.8249406409100385e-17
1.834861306827737e-17
1.8497423057042838e-17
1.864623304580833e-17
1.8745439704985316e-17
1.8894249693750782e-17
1.904305968251625e-17
1.9291076330458727e-17
1.9439886319224193e-17
1.9539092978401204e-17
1.968790296716667e-17
1.9787109626343632e-17
1.9985522944697604e-17
2.0134332933463096e-17
2.0283142922228587e-17
2.0431952910994054e-17
2.0630366229348026e-17
2.0779176218113493e-17
2.102719286605597e-17
2.1176002854821437e-17
2.1275209513998423e-17
2.142401950276389e-17
2.1523226161940876e-17
2.1721639480294848e-17
2.1870449469060315e-17
2.1969656128237325e-17
2.2068862787414287e-17
2.2366482764945245e-17
2.2515292753710736e-17
2.2713706072064708e-17
2.296172272000716e-17
2.3060929379184147e-17
2.3209739367949614e-17
2.33089460271266e-17
2.345775601589209e-17
2.3606566004657558e-17
2.3755375993423025e-17
2.3904185982188516e-17
2.4052995970953983e-17
2.4201805959719474e-17
2.435061594848494e-17
2.4449822607661927e-17
2.459863259642742e-17
2.479704591478139e-17
2.4896252573958352e-17
2.5094665892312324e-17
2.5293079210666296e-17
2.5441889199431763e-17
2.568990584737424e-17
2.5838715836139707e-17
2.6086732484082185e-17
2.6185939143259146e-17
2.6285145802436157e-17
2.6384352461613118e-17
2.648355912079013e-17
2.6681972439144076e-17
2.6830782427909568e-17
2.7178005735029007e-17
2.7277212394205993e-17
2.7525229042148445e-17
2.7674039030913912e-17
2.7822849019679404e-17
2.7971659008444895e-17
2.8070865667621856e-17
2.817007232679887e-17
2.8318882315564334e-17
2.8418088974741295e-17
2.8517295633918306e-17
2.861650229309527e-17
2.876531228186076e-17
2.891412227062625e-17
2.911253558898022e-17
2.926134557774569e-17
2.936055223692265e-17
2.945975889609966e-17
2.9707775544042114e-17
2.98069822032191e-17
2.9906188862396086e-17
3.000539552157307e-17
3.015420551033854e-17
3.0303015499104006e-17
3.04518254878695e-17
3.065023880622347e-17
3.0749445465400455e-17
3.089825545416592e-17
3.104706544293139e-17
3.124547876128536e-17
3.139428875005085e-17
3.149349540922784e-17
3.169190872758181e-17
3.184071871634728e-17
3.1939925375524263e-17
3.203913203470125e-17
3.2138338693878235e-17
3.2287148682643727e-17
3.238635534182069e-17
3.24855620009977e-17
3.258476866017466e-17
3.2733578648940127e-17
3.2981595296882604e-17
3.3180008615236576e-17
3.327921527441356e-17
3.337842193359055e-17
3.357683525194452e-17
3.367604191112148e-17
3.3824851899886973e-17
3.3973661888652465e-17
3.4072868547829426e-17
3.4320885195771904e-17
3.4420091854948865e-17
3.4568901843714356e-17
3.471771183247985e-17
3.491612515083382e-17
3.501533181001078e-17
3.516414179877627e-17
3.536255511713022e-17
3.551136510589571e-17
3.56601750946612e-17
3.5759381753838164e-17
3.600739840178064e-17
3.6205811720134614e-17
3.635462170890008e-17
3.650343169766555e-17
3.670184501601952e-17
3.685065500478501e-17
3.699946499355048e-17
3.7098671652727464e-17
3.724748164149293e-17
3.734668830066994e-17
3.7545101619023913e-17
3.7644308278200875e-17
3.774351493737786e-17
3.7842721596554847e-17
3.7991531585320314e-17
3.8090738244497324e-17
3.8189944903674286e-17
3.8289151562851296e-17
3.838835822202826e-17
3.853716821079375e-17
3.8685978199559216e-17
3.883478818832471e-17
3.893399484750167e-17
3.908280483626716e-17
3.928121815462113e-17
3.938042481379812e-17
3.957883813215209e-17
3.972764812091756e-17
3.992606143927153e-17
4.0025268098448515e-17
4.027328474639097e-17
4.0372491405567954e-17
4.0570904723921926e-17
4.067011138309891e-17
4.081892137186438e-17
4.096773136062987e-17
4.1215748008572323e-17
4.136455799733779e-17
4.161257464528027e-17
4.1711781304457254e-17
4.1910194622811226e-17
4.2108607941165173e-17
4.250543457787312e-17
4.260464123705013e-17
4.2753451225815595e-17
4.2951864544169567e-17
4.305107120334653e-17
4.315027786252354e-17
4.32494845217005e-17
4.334869118087751e-17
4.344789784005447e-17
4.3596707828819964e-17
4.3745517817585455e-17
4.3993534465527883e-17
4.4092741124704894e-17
4.4191947783881856e-17
4.4291154443058866e-17
4.448956776141284e-17
4.45887744205898e-17
4.4687981079766786e-17
4.483679106853228e-17
4.508480771647473e-17
4.523361770524022e-17
4.5432031023594193e-17
4.558084101235966e-17
4.568004767153662e-17
4.582885766030211e-17
4.59280643194791e-17
4.612647763783307e-17
4.622568429701006e-17
4.6374494285775524e-17
4.6572907604129496e-17
4.667211426330648e-17
4.701933757042592e-17
4.716814755919141e-17
4.731695754795688e-17
4.7416164207133865e-17
4.751537086631085e-17
4.766418085507634e-17
4.781299084384181e-17
4.7961800832607276e-17
4.811061082137277e-17
4.8309024139726715e-17
4.8457834128492206e-17
4.86066441172577e-17
4.8755454106023165e-17
4.890426409478863e-17
4.920188407231959e-17
4.954910737943905e-17
4.969791736820452e-17
4.989633068655849e-17
5.004514067532396e-17
5.0193950664089425e-17
5.0293157323266436e-17
5.049157064162041e-17
5.0640380630385875e-17
5.083879394873985e-17
5.10868105966823e-17
5.128522391503627e-17
