4.2619206522617446e-19
5.257283933552926e-19
6.252647214844108e-19
7.745692136780695e-19
9.238737058717283e-19
1.12294636212994e-18
1.2722508543235987e-18
1.6206280027754814e-18
1.8197006590337054e-18
2.118309643421023e-18
2.2676141356146816e-18
2.3671504637437875e-18
2.4666867918728933e-18
2.615991284066552e-18
2.7155276121956825e-18
2.964368432518447e-18
3.113672924712106e-18
3.2629774169057646e-18
3.4620500731639762e-18
3.710890893486741e-18
3.810427221615871e-18
3.95973171380953e-18
4.059268041938636e-18
4.208572534132295e-18
4.407645190390506e-18
4.507181518519612e-18
4.656486010713271e-18
4.756022338842377e-18
4.855558666971507e-18
4.955094995100613e-18
5.104399487294272e-18
5.2537039794879305e-18
5.353240307617036e-18
5.452776635746142e-18
5.602081127939801e-18
5.75138562013346e-18
5.8509219482625655e-18
5.950458276391696e-18
6.049994604520802e-18
6.1992990967144605e-18
6.398371752972672e-18
6.547676245166331e-18
6.7467489014245426e-18
6.8462852295536484e-18
6.945821557682767e-18
7.14489421394099e-18
7.343966870199202e-18
7.493271362392861e-18
7.592807690521967e-18
7.791880346780178e-18
7.941184838973837e-18
8.23979382336118e-18
8.339330151490285e-18
8.488634643683944e-18
8.58817097181305e-18
8.737475464006709e-18
8.886779956200367e-18
9.085852612458579e-18
9.334693432781368e-18
9.483997924975027e-18
9.583534253104133e-18
9.683070581233239e-18
9.832375073426897e-18
9.931911401556003e-18
1.0031447729685109e-17
1.0130984057814215e-17
1.0280288550007898e-17
1.0379824878137004e-17
1.0529129370330663e-17
1.0628665698459769e-17
1.0927274682847086e-17
1.1076579175040745e-17
1.117611550316985e-17
1.1275651831298969e-17
1.142495632349264e-17
1.1524492651621746e-17
1.1673797143815404e-17
1.1872869800073616e-17
1.1972406128202722e-17
1.2071942456331828e-17
1.2320783276654605e-17
1.2420319604783723e-17
1.2569624096977382e-17
1.2669160425106487e-17
1.2768696753235593e-17
1.2918001245429252e-17
1.3017537573558358e-17
1.321661022981657e-17
1.3316146557945675e-17
1.3465451050139359e-17
1.3614755542333017e-17
1.3714291870462123e-17
1.3813828198591229e-17
1.401290085484944e-17
1.41622053470431e-17
1.4261741675172205e-17
1.436127800330131e-17
1.4510582495494995e-17
1.46101188236241e-17
1.475942331581776e-17
1.4858959643946865e-17
1.495849597207597e-17
1.5157568628334182e-17
1.5257104956463288e-17
1.54561776127215e-17
1.5655250268979736e-17
1.5754786597108842e-17
1.5953859253367054e-17
1.605339558149616e-17
1.625246823775437e-17
1.6352004565883477e-17
1.6451540894012583e-17
1.655107722214169e-17
1.6700381714335372e-17
1.6799918042464478e-17
1.6949222534658137e-17
1.7048758862787243e-17
1.7247831519045454e-17
1.7397136011239113e-17
1.7546440503432772e-17
1.7745513159691008e-17
1.794458581594922e-17
1.8193426636271984e-17
1.829296296440109e-17
1.8392499292530196e-17
1.8492035620659302e-17
1.8691108276917513e-17
1.8790644605046632e-17
1.8939949097240303e-17
1.9188789917563067e-17
1.9338094409756726e-17
1.9537167066014938e-17
1.973623972227315e-17
1.9885544214466833e-17
2.003484870666049e-17
2.018415319885415e-17
2.033345769104781e-17
2.0582298511370574e-17
2.068183483949968e-17
2.0930675659822456e-17
2.112974831608068e-17
2.127905280827434e-17
2.1378589136403445e-17
2.147812546453255e-17
2.162742995672621e-17
2.1776734448919868e-17
2.1876270777048974e-17
2.1975807105178092e-17
2.207534343330721e-17
2.222464792550087e-17
2.2373952417694528e-17
2.247348874582362e-17
2.2622793238017317e-17
2.2772097730210976e-17
2.2921402222404634e-17
2.3070706714598293e-17
2.3319547534921058e-17
2.3468852027114717e-17
2.3667924683372928e-17
2.3767461011502034e-17
2.3966533667760246e-17
2.406606999588935e-17
2.4165606324018457e-17
2.4265142652147563e-17
2.4513983472470328e-17
2.4613519800599434e-17
2.4862360620922247e-17
2.506143327718046e-17
2.5210737769374118e-17
2.5360042261567777e-17
2.5509346753761435e-17
2.5658651245955094e-17
2.5857723902213306e-17
2.6007028394406965e-17
2.625586921472973e-17
2.6355405542858835e-17
2.6703782691310705e-17
2.6803319019439836e-17
2.6902855347568966e-17
2.7002391675698072e-17
2.7201464331956284e-17
2.730100066008539e-17
2.7450305152279048e-17
2.7549841480408154e-17
2.764937780853726e-17
2.779868230073092e-17
2.794798679292458e-17
2.8047523121053683e-17
2.814705944918279e-17
2.8346132105441e-17
2.849543659763466e-17
2.869450925389287e-17
2.879404558202198e-17
2.899311823828024e-17
2.9092654566409344e-17
2.9241959058603e-17
2.934149538673211e-17
2.9640104371119426e-17
2.973964069924853e-17
2.988894519144219e-17
3.0137786011764955e-17
3.0287090503958614e-17
3.053593132428138e-17
3.073500398053959e-17
3.09340766367978e-17
3.103361296492691e-17
3.113314929305606e-17
3.128245378524972e-17
3.143175827744338e-17
3.163083093370159e-17
3.17303672618307e-17
3.1829903589959804e-17
3.207874441028257e-17
3.2178280738411674e-17
3.227781706654078e-17
3.247688972279899e-17
3.26759623790572e-17
3.277549870718631e-17
3.292480319937997e-17
3.3074107691573626e-17
3.327318034783186e-17
3.3422484840025546e-17
3.3571789332219205e-17
3.3770861988477417e-17
3.3920166480671075e-17
3.401970280880018e-17
3.411923913692929e-17
3.421877546505839e-17
3.436807995725205e-17
3.446761628538116e-17
3.466668894163937e-17
3.4766225269768475e-17
3.501506609009124e-17
3.5114602418220345e-17
3.5263906910414004e-17
3.5662052222930477e-17
3.586112487918869e-17
3.5960661207317794e-17
3.60601975354469e-17
3.6309038355769664e-17
3.6458342847963323e-17
3.655787917609243e-17
3.670718366828609e-17
3.6856488160479747e-17
3.695602448860885e-17
3.7155097144867064e-17
3.7354169801125276e-17
3.755324245738351e-17
3.775231511364175e-17
3.790161960583541e-17
3.810069226209362e-17
3.829976491835183e-17
3.8399301246480936e-17
3.859837390273915e-17
3.8697910230868254e-17
3.884721472306191e-17
3.899651921525557e-17
3.914582370744923e-17
3.9245360035578336e-17
3.9394664527771995e-17
3.9543969019965653e-17
3.964350534809476e-17
3.989234616841757e-17
4.004165066061123e-17
4.014118698874034e-17
4.03900278090631e-17
4.048956413719221e-17
4.0638868629385867e-17
4.073840495751497e-17
4.083794128564408e-17
4.0937477613773184e-17
4.108678210596684e-17
4.12360865981605e-17
4.1484927418483266e-17
4.158446374661237e-17
4.168400007474148e-17
4.1783536402870584e-17
4.188307273099974e-17
4.1982609059128845e-17
4.2181681715387056e-17
4.238075437164527e-17
4.2530058863838927e-17
4.2679363356032586e-17
4.277889968416169e-17
4.29779723404199e-17
4.307750866854901e-17
4.322681316074267e-17
4.3326349488871773e-17
4.3525422145129985e-17
4.3674726637323644e-17
4.377426296545275e-17
4.3973335621710986e-17
4.4222176442033775e-17
4.4371480934227434e-17
4.452078542642109e-17
4.467008991861475e-17
4.4869162574872963e-17
4.501846706706662e-17
4.511800339519573e-17
4.5267307887389386e-17
4.571522136397036e-17
4.596406218429313e-17
4.616313484055139e-17
4.641197566087415e-17
4.6611048317132364e-17
4.6760352809326023e-17
4.690965730151968e-17
4.7158498121842447e-17
4.7307802614036105e-17
4.7457107106229764e-17
4.7656179762487976e-17
4.790502058281074e-17
4.8004556910939846e-17
4.8153861403133505e-17
4.8253397731262635e-17
4.8352934059391766e-17
4.845247038752087e-17
4.8651543043779083e-17
4.875107937190819e-17
4.8850615700037295e-17
4.89501520281664e-17
4.909945652036006e-17
4.929852917661827e-17
4.939806550474738e-17
4.9547369996941036e-17
4.9696674489134695e-17
4.9845978981328353e-17
4.994551530945746e-17
5.009481980165112e-17
5.0194356129780224e-17
5.034366062197388e-17
5.049296511416759e-17
5.064226960636125e-17
5.079157409855491e-17
5.099064675481312e-17
5.1090183082942225e-17
5.118971941107133e-17
