5.176958260737568e-19
6.171097214250258e-19
7.165236167762948e-19
1.0147653028301017e-18
1.1141791981813707e-18
1.3130069888839086e-18
1.4124208842351776e-18
1.5118347795864466e-18
1.6112486749377155e-18
1.760369517964619e-18
2.0089042563427914e-18
2.158025099369695e-18
2.257438994720964e-18
2.456266785423502e-18
2.5556806807747708e-18
2.6550945761260398e-18
2.7545084714773087e-18
2.9533362621798344e-18
3.1024571052067255e-18
3.350991843584898e-18
3.450405738936167e-18
3.649233529638705e-18
3.798354372665608e-18
3.947475215692512e-18
4.046889111043781e-18
4.295423849421953e-18
4.444544692448857e-18
4.543958587800126e-18
4.6433724831513946e-18
4.8422002738539325e-18
4.9416141692052015e-18
5.090735012232105e-18
5.190148907583374e-18
5.388976698285912e-18
5.538097541312815e-18
5.687218384339719e-18
5.786632279690988e-18
5.985460070393526e-18
6.084873965744795e-18
6.233994808771698e-18
6.383115651798602e-18
6.532236494825505e-18
6.631650390176774e-18
6.731064285528043e-18
6.8801851285549465e-18
7.02930597158185e-18
7.128719866933119e-18
7.228133762284388e-18
7.377254605311291e-18
7.57608239601383e-18
7.774910186716367e-18
7.973737977418905e-18
8.321686611148347e-18
8.421100506499616e-18
8.669635244877788e-18
8.769049140229057e-18
8.91816998325596e-18
9.067290826282864e-18
9.166704721634133e-18
9.315825564661036e-18
9.514653355363574e-18
9.713481146066112e-18
9.91230893676865e-18
1.0061429779795554e-17
1.0210550622822457e-17
1.035967146584936e-17
1.0508792308876264e-17
1.0608206204227533e-17
1.0757327047254437e-17
1.0956154837956974e-17
1.1055568733308243e-17
1.1304103471686416e-17
1.1403517367037685e-17
1.1652052105415857e-17
1.1751466000767126e-17
1.185087989611837e-17
1.2000000739145274e-17
1.2198828529847812e-17
1.2347949372874715e-17
1.2497070215901619e-17
1.2646191058928522e-17
1.2745604954279791e-17
1.284501884963106e-17
1.3043846640333598e-17
1.3242674431036136e-17
1.339179527406304e-17
1.3590623064765578e-17
1.3690036960116847e-17
1.393857169849502e-17
1.4087692541521923e-17
1.428652033222446e-17
1.4684175913629536e-17
1.4883003704332074e-17
1.4982417599683343e-17
1.5131538442710247e-17
1.5230952338061516e-17
1.5429780128764054e-17
1.5578900971790957e-17
1.572802181481786e-17
1.582743571016913e-17
1.5976556553196033e-17
1.617538434389857e-17
1.627479823924984e-17
1.637421213460111e-17
1.6473626029952378e-17
1.6573039925303647e-17
1.672216076833055e-17
1.682157466368182e-17
1.6920988559033088e-17
1.7119816349735614e-17
1.7219230245086883e-17
1.7368351088113786e-17
1.7467764983465055e-17
1.7567178878816324e-17
1.7666592774167593e-17
1.7766006669518862e-17
1.786542056487013e-17
1.8113955303248304e-17
1.8362490041626476e-17
1.8461903936977745e-17
1.8561317832329014e-17
1.8760145623031552e-17
1.885955951838282e-17
1.895897341373409e-17
1.9108094256760993e-17
1.930692204746353e-17
1.9456042890490435e-17
1.9605163733517338e-17
1.985369847189551e-17
1.995311236724678e-17
2.005252626259805e-17
2.0151940157949318e-17
2.0251354053300587e-17
2.0350767948651856e-17
2.049988879167876e-17
2.0649009634705662e-17
2.074842353005693e-17
2.0996958268435104e-17
2.1146079111462007e-17
2.1245493006813276e-17
2.1444320797515814e-17
2.1643148588218352e-17
2.184197637892089e-17
2.194139027427216e-17
2.2040804169623428e-17
2.2140218064974697e-17
2.2239631960325966e-17
2.248816669870414e-17
2.2587580594055407e-17
2.2786408384757945e-17
2.2885822280109214e-17
2.3034943123136118e-17
2.3134357018487387e-17
2.3233770913838656e-17
2.338289175686556e-17
2.3532012599892463e-17
2.3730840390595e-17
2.4029082076648808e-17
2.417820291967571e-17
2.437703071037825e-17
2.4526151553405153e-17
2.4675272396432056e-17
2.4874100187134594e-17
2.5072927977837107e-17
2.5172341873188376e-17
2.532146271621528e-17
2.5470583559242183e-17
2.5569997454593452e-17
2.5719118297620356e-17
2.5967653035998528e-17
2.62161877743767e-17
2.6415015565079238e-17
2.6514429460430507e-17
2.6812671146484314e-17
2.6961791989511218e-17
2.7061205884862487e-17
2.7160619780213756e-17
2.7409154518591928e-17
2.7508568413943197e-17
2.76576892569701e-17
2.775710315232137e-17
2.790622399534827e-17
2.800563789069954e-17
2.820446568140208e-17
2.830387957675335e-17
2.845300041978025e-17
2.855241431513152e-17
2.875124210583406e-17
2.885065600118533e-17
2.90991907395635e-17
2.9248311582590404e-17
2.939743242561731e-17
2.9596260216319846e-17
2.9695674111671115e-17
2.984479495469802e-17
3.009332969307619e-17
3.0242450536103094e-17
3.044127832680563e-17
3.0590399169832535e-17
3.0689813065183804e-17
3.0789226960535073e-17
3.0938347803561977e-17
3.108746864658888e-17
3.118688254194015e-17
3.1485124227993956e-17
3.163424507102086e-17
3.178336591404776e-17
3.1932486757074666e-17
3.2031900652425935e-17
3.2131314547777204e-17
3.2379849286155377e-17
3.2479263181506646e-17
3.262838402453355e-17
3.282721181523609e-17
3.297633265826299e-17
3.307574655361426e-17
3.317516044896553e-17
3.32745743443168e-17
3.34236951873437e-17
3.352310908269497e-17
3.372193687339751e-17
3.387105771642441e-17
3.3970471611775656e-17
3.4069885507126925e-17
3.421900635015383e-17
3.43184202455051e-17
3.4467541088532e-17
3.466636887923454e-17
3.481548972226144e-17
3.501431751296398e-17
3.5163438355990883e-17
3.526285225134215e-17
3.536226614669342e-17
3.546168004204469e-17
3.5610800885071594e-17
3.571021478042286e-17
3.580962867577413e-17
3.6058163414152304e-17
3.625699120485484e-17
3.6406112047881746e-17
3.6505525943233015e-17
3.670435373393555e-17
3.690318152463809e-17
3.710200931534063e-17
3.725113015836753e-17
3.7400251001394435e-17
3.7599078792096973e-17
3.769849268744824e-17
3.7847613530475146e-17
3.7947027425826415e-17
3.809614826885332e-17
3.819556216420459e-17
3.8294976059555856e-17
3.844409690258276e-17
3.86429246932853e-17
3.87920455363122e-17
3.8941166379339104e-17
3.909028722236601e-17
3.918970111771728e-17
3.9289115013068546e-17
3.9388528908419815e-17
3.958735669912235e-17
3.968677059447362e-17
3.9835891437500525e-17
4.0034719228203063e-17
4.02335470189056e-17
4.033296091425687e-17
4.0482081757283774e-17
4.058149565263504e-17
4.102885818171575e-17
4.122768597241829e-17
4.142651376312083e-17
4.15259276584721e-17
4.1675048501499e-17
4.187387629220154e-17
4.207270408290408e-17
4.222182492593098e-17
4.256977355966042e-17
4.281830829803857e-17
4.301713608874111e-17
4.3116549984092377e-17
4.326567082711928e-17
4.3414791670146184e-17
4.351420556549745e-17
4.3663326408524356e-17
4.3762740303875625e-17
4.396156809457816e-17
4.4110688937605067e-17
4.4210102832956335e-17
4.4408930623658873e-17
4.4558051466685777e-17
4.470717230971268e-17
4.490600010041522e-17
4.500541399576649e-17
4.5104827891117756e-17
4.5204241786469025e-17
4.5303655681820294e-17
4.54527765248472e-17
4.5651604315549736e-17
4.5751018210901005e-17
4.599955294927918e-17
4.614867379230608e-17
4.6297794635332984e-17
4.644691547835989e-17
4.659603632138679e-17
4.669545021673806e-17
4.6844571059764963e-17
4.694398495511623e-17
4.70433988504675e-17
4.734164053652131e-17
4.744105443187258e-17
4.7639882222575115e-17
4.7739296117926384e-17
4.793812390862892e-17
4.803753780398019e-17
4.813695169933146e-17
4.8286072542358363e-17
4.84849003330609e-17
4.858431422841217e-17
4.888255591446598e-17
4.903167675749288e-17
4.923050454819542e-17
4.937962539122232e-17
4.947903928657359e-17
4.9628160129600495e-17
4.97772809726274e-17
4.987669486797867e-17
5.0075522658681205e-17
5.027435044938374e-17
5.0423471292410646e-17
5.0522885187761915e-17
5.0721712978464453e-17
5.0970247716842626e-17
5.1169075507545164e-17
5.131819635057207e-17
