4.696826446416097e-19
5.723050290939608e-19
6.749274135462996e-19
7.775497979986384e-19
9.827945669033283e-19
1.1367281435818426e-18
1.4445952969388713e-18
1.5472176813912224e-18
1.6498400658435489e-18
1.8037736425220755e-18
2.009018411426753e-18
2.214263180331443e-18
2.3681967570099573e-18
2.5221303336884717e-18
2.6247527181408105e-18
2.7273751025931616e-18
2.932619871497839e-18
3.0352422559501902e-18
3.137864640402529e-18
3.2404870248548678e-18
3.3944206015333945e-18
3.599665370438072e-18
3.753598947116586e-18
4.061466100473615e-18
4.215399677152129e-18
4.3180220616044805e-18
4.523266830509158e-18
4.728511599413836e-18
4.831133983866187e-18
4.985067560544701e-18
5.1390011372232154e-18
5.344245906127893e-18
5.549490675032595e-18
5.652113059484922e-18
5.754735443937273e-18
5.857357828389624e-18
6.011291405068126e-18
6.1652249817466525e-18
6.3191585584251546e-18
6.421780942877506e-18
6.575714519556008e-18
6.78095928846071e-18
6.883581672913036e-18
7.088826441817739e-18
7.345382402948592e-18
7.499315979627094e-18
7.65324955630562e-18
7.807183132984122e-18
7.961116709662649e-18
8.166361478567327e-18
8.371606247472016e-18
8.525539824150531e-18
8.730784593055208e-18
8.93602936195991e-18
9.038651746412237e-18
9.141274130864588e-18
9.24389651531694e-18
9.397830091995441e-18
9.551763668673968e-18
9.654386053126294e-18
9.757008437578646e-18
9.962253206483323e-18
1.011618678316185e-17
1.0321431552066527e-17
1.0475365128745054e-17
1.0629298705423556e-17
1.0783232282102083e-17
1.0885854666554409e-17
1.1039788243232936e-17
1.1296344204363789e-17
1.1501588973268466e-17
1.1604211357720818e-17
1.1758144934399332e-17
1.1963389703304022e-17
1.206601208775636e-17
1.227125685666105e-17
1.2476501625565728e-17
1.2733057586696581e-17
1.2835679971148932e-17
1.2938302355601283e-17
1.304092474005361e-17
1.3143547124505961e-17
1.3297480701184475e-17
1.3400103085636814e-17
1.3605347854541504e-17
1.3759281431220018e-17
1.3913215007898533e-17
1.401583739235087e-17
1.422108216125556e-17
1.43237045457079e-17
1.442632693016025e-17
1.4580260506838753e-17
1.473419408351728e-17
1.483681646796962e-17
1.504206123687431e-17
1.5144683621326647e-17
1.5247306005778986e-17
1.5349928390231337e-17
1.5452550774683676e-17
1.5657795543588366e-17
1.5863040312493043e-17
1.5965662696945395e-17
1.6222218658076248e-17
1.6427463426980925e-17
1.6581397003659452e-17
1.6735330580337954e-17
1.688926415701648e-17
1.7043197733694983e-17
1.7145820118147334e-17
1.7248442502599673e-17
1.7402376079278187e-17
1.7504998463730538e-17
1.765893204040904e-17
1.7812865617087567e-17
1.806942157821842e-17
1.817204396267076e-17
1.8274666347123097e-17
1.8377288731575448e-17
1.8582533500480126e-17
1.883908946161098e-17
1.9095645422741845e-17
1.9300890191646534e-17
1.9454823768325036e-17
1.9557446152777388e-17
1.9762690921682065e-17
1.9916624498360592e-17
2.001924688281293e-17
2.0173180459491445e-17
2.032711403616996e-17
2.0429736420622298e-17
2.0634981189526988e-17
2.0788914766205502e-17
2.099415953511018e-17
2.1199404304014882e-17
2.140464907291956e-17
2.1558582649598074e-17
2.1661205034050413e-17
2.1763827418502764e-17
2.1866449802955103e-17
2.217431695631213e-17
2.227693934076447e-17
2.2533495301895323e-17
2.268742887857385e-17
2.299529603193088e-17
2.314922960860938e-17
2.3354474377514083e-17
2.345709676196641e-17
2.3713652723097275e-17
2.386758629977579e-17
2.4021519876454303e-17
2.4175453453132818e-17
2.4329387029811332e-17
2.443200941426367e-17
2.463725418316836e-17
2.47398765676207e-17
2.4893810144299226e-17
2.4996432528751553e-17
2.515036610543008e-17
2.5406922066560932e-17
2.5560855643239447e-17
2.5663478027691786e-17
2.5766100412144137e-17
2.5868722796596475e-17
2.5971345181048814e-17
2.6073967565501165e-17
2.6227901142179667e-17
2.6330523526632018e-17
2.6484457103310533e-17
2.6689701872215223e-17
2.679232425666756e-17
2.6946257833346076e-17
2.710019141002459e-17
2.730543617892928e-17
2.740805856338162e-17
2.7561992140060133e-17
2.771592571673866e-17
2.786985929341716e-17
2.797248167786949e-17
2.807510406232184e-17
2.828034883122654e-17
2.848559360013122e-17
2.874214956126207e-17
2.8844771945714423e-17
2.9050016714619126e-17
2.925526148352378e-17
2.935788386797613e-17
2.956312863688083e-17
2.9717062213559334e-17
2.992230698246401e-17
3.017886294359489e-17
3.028148532804724e-17
3.0486730096951893e-17
3.0589352481404244e-17
3.0691974865856595e-17
3.089721963476127e-17
3.09998420192136e-17
3.12050867881183e-17
3.135902036479683e-17
3.146164274924918e-17
3.166688751815383e-17
3.182082109483236e-17
3.1974754671510886e-17
3.2077377055963237e-17
3.217999944041554e-17
3.228262182486789e-17
3.2436555401546416e-17
3.253917778599877e-17
3.264180017045112e-17
3.284704493935577e-17
3.294966732380812e-17
3.310360090048665e-17
3.3206223284939e-17
3.330884566939135e-17
3.346277924606983e-17
3.3616712822748356e-17
3.382195759165306e-17
3.397589116833156e-17
3.4078513552783886e-17
3.418113593723624e-17
3.4335069513914764e-17
3.448900309059329e-17
3.464293666727177e-17
3.474555905172412e-17
3.5002115012854997e-17
3.5156048589533524e-17
3.546391574289053e-17
3.5617849319569054e-17
3.577178289624758e-17
3.592571647292606e-17
3.602833885737841e-17
3.6182272434056936e-17
3.628489481850929e-17
3.649013958741394e-17
3.684931793299717e-17
3.7054562701901846e-17
3.715718508635417e-17
3.7362429855258875e-17
3.756767462416358e-17
3.7670297008615904e-17
3.7824230585294406e-17
3.797816416197293e-17
3.813209773865146e-17
3.828603131532996e-17
3.838865369978229e-17
3.849127608423464e-17
3.859389846868699e-17
3.885045442981787e-17
3.9004388006496345e-17
3.915832158317487e-17
3.926094396762722e-17
3.9363566352079574e-17
3.9466188736531925e-17
3.9722744697662753e-17
3.9927989466567456e-17
4.008192304324598e-17
4.0184545427698284e-17
4.0287167812150635e-17
4.044110138882916e-17
4.069765734996004e-17
4.090290211886469e-17
4.115945807999557e-17
4.126208046444792e-17
4.136470284890025e-17
4.151863642557875e-17
4.16212588100311e-17
4.172388119448345e-17
4.1826503578935803e-17
4.2031748347840456e-17
4.213437073229281e-17
4.223699311674516e-17
4.244223788564986e-17
4.259617146232836e-17
4.269879384678069e-17
4.280141623123304e-17
4.290403861568539e-17
4.300666100013774e-17
4.3109283384590094e-17
4.321190576904242e-17
4.34171505379471e-17
4.351977292239945e-17
4.3776328883530326e-17
4.3930262460208804e-17
4.4032884844661155e-17
4.423812961356586e-17
4.4392063190244384e-17
4.454599676692286e-17
4.464861915137521e-17
4.490517511250609e-17
4.505910868918459e-17
4.5213042265863094e-17
4.536697584254162e-17
4.552090941922015e-17
4.5623531803672474e-17
4.57261541881248e-17
4.582877657257715e-17
4.59313989570295e-17
4.623926611038653e-17
4.6393199687065033e-17
4.664975564819591e-17
4.675237803264826e-17
4.690631160932674e-17
4.716286757045762e-17
4.7316801147136144e-17
4.7419423531588495e-17
4.7522045916040797e-17
4.762466830049315e-17
4.77272906849455e-17
4.7881224261624026e-17
4.8137780222754854e-17
4.829171379943338e-17
4.849695856833808e-17
4.8599580952790434e-17
4.875351452946891e-17
4.890744810614744e-17
4.911269287505214e-17
4.931793764395682e-17
4.947187122063532e-17
4.957449360508767e-17
4.9779738373992373e-17
4.9933671950670875e-17
5.008760552734938e-17
5.0241539104027904e-17
5.0344161488480255e-17
5.049809506515878e-17
5.085727341074196e-17
5.1062518179646664e-17
5.121645175632514e-17
