4.090707433625987e-19
7.005330686362524e-19
7.976871770607872e-19
9.43418339697614e-19
1.0891495023344285e-18
1.234880664971243e-18
1.3806118276080698e-18
1.5263429902448843e-18
1.6234970986694314e-18
1.7206512070939786e-18
2.0606905865798873e-18
2.206421749216714e-18
2.3521529118535163e-18
2.4493070202780757e-18
2.5464611287026105e-18
2.64361523712717e-18
2.789346399763972e-18
2.9836546166130664e-18
3.0808087250376258e-18
3.1779628334621606e-18
3.3236939960989874e-18
3.469425158735802e-18
3.663733375584896e-18
3.809464538221711e-18
3.9551957008585375e-18
4.100926863495352e-18
4.198080971919899e-18
4.440966242981261e-18
4.635274459830355e-18
4.73242856825489e-18
4.926736785103984e-18
5.072467947740811e-18
5.218199110377625e-18
5.36393027301444e-18
5.558238489863534e-18
5.703969652500361e-18
5.849700815137175e-18
5.9468549235617225e-18
6.189740194623084e-18
6.286894303047631e-18
6.4812025198967254e-18
6.5783566283212725e-18
6.724087790958087e-18
6.821241899382634e-18
6.966973062019461e-18
7.064127170443996e-18
7.209858333080823e-18
7.307012441505357e-18
7.404166549929917e-18
7.549897712566719e-18
7.744205929415813e-18
7.841360037840373e-18
7.987091200477175e-18
8.084245308901734e-18
8.278553525750828e-18
8.375707634175363e-18
8.47286174259991e-18
8.570015851024457e-18
8.667169959449005e-18
8.910055230510366e-18
9.007209338934913e-18
9.10436344735946e-18
9.201517555784008e-18
9.347248718420822e-18
9.444402826845369e-18
9.590133989482196e-18
9.73586515211901e-18
9.881596314755825e-18
1.0027327477392652e-17
1.0124481585817187e-17
1.0221635694241746e-17
1.0318789802666281e-17
1.0415943911090828e-17
1.0513098019515375e-17
1.0610252127939922e-17
1.0804560344789004e-17
1.0901714453213564e-17
1.1096022670062658e-17
1.1193176778487193e-17
1.133890794112402e-17
1.1533216157973114e-17
1.1678947320609916e-17
1.187325553745901e-17
1.2018986700095837e-17
1.2116140808520372e-17
1.2261871971157198e-17
1.2456180188006293e-17
1.2650488404855387e-17
1.2747642513279922e-17
1.2990527784341296e-17
1.3184836001190378e-17
1.3330567163827204e-17
1.3427721272251751e-17
1.3622029489100833e-17
1.3719183597525393e-17
1.3864914760162207e-17
1.4010645922799022e-17
1.415637708543585e-17
1.4447839410709478e-17
1.473930173598312e-17
1.49336099528322e-17
1.5079341115469028e-17
1.5176495223893575e-17
1.5273649332318122e-17
1.5467957549167216e-17
1.556511165759175e-17
1.566226576601631e-17
1.5759419874440845e-17
1.5905151037077672e-17
1.6050882199714486e-17
1.624519041656358e-17
1.6439498633412663e-17
1.6536652741837222e-17
1.6633806850261757e-17
1.6779538012898584e-17
1.6876692121323118e-17
1.7022423283959945e-17
1.7168154446596772e-17
1.7313885609233574e-17
1.750819382608267e-17
1.7605347934507228e-17
1.7702502042931763e-17
1.784823320556859e-17
1.7945387313993124e-17
1.809111847662995e-17
1.8188272585054498e-17
1.8285426693479045e-17
1.8576889018752674e-17
1.8819774289814036e-17
1.8965505452450863e-17
1.906265956087541e-17
1.9159813669299957e-17
1.9305544831936772e-17
1.940269894036132e-17
1.9499853048785866e-17
1.9597007157210413e-17
1.9742738319847227e-17
1.9839892428271775e-17
1.99856235909086e-17
2.0131354753545404e-17
2.027708591618223e-17
2.0374240024606778e-17
2.0519971187243592e-17
2.0714279404092686e-17
2.090858762094178e-17
2.1005741729366328e-17
2.124862700042769e-17
2.1345781108852236e-17
2.154008932570133e-17
2.1637243434125865e-17
2.1734397542550425e-17
2.188012870518724e-17
2.2025859867824054e-17
2.21230139762486e-17
2.2268745138885415e-17
2.246305335573451e-17
2.2657361572583604e-17
2.2851669789432698e-17
2.2948823897857233e-17
2.3045978006281792e-17
2.3240286223130886e-17
2.333744033155542e-17
2.3531748548404515e-17
2.3677479711041342e-17
2.3774633819465877e-17
2.3920364982102704e-17
2.4163250253164066e-17
2.4260404361588613e-17
2.4503289632649974e-17
2.460044374107452e-17
2.469759784949907e-17
2.489190606634815e-17
2.498906017477271e-17
2.5086214283197245e-17
2.5377676608470886e-17
2.55234077711077e-17
2.5717715987956795e-17
2.5814870096381342e-17
2.5960601259018156e-17
2.6106332421654983e-17
2.6252063584291798e-17
2.6446371801140892e-17
2.654352590956544e-17
2.6689257072202266e-17
2.67864111806268e-17
2.6883565289051348e-17
2.6980719397475895e-17
2.7126450560112722e-17
2.7223604668537256e-17
2.7369335831174083e-17
2.7515066993810898e-17
2.7612221102235445e-17
2.770937521065998e-17
2.7903683427509074e-17
2.8000837535933633e-17
2.809799164435817e-17
2.8195145752782715e-17
2.829229986120726e-17
2.8535185132268624e-17
2.863233924069317e-17
2.872949334911772e-17
2.902095567439135e-17
2.921526389124044e-17
2.9312417999665e-17
2.96524573791509e-17
2.9749611487575457e-17
2.984676559599999e-17
2.994391970442455e-17
3.0041073812849086e-17
3.018680497548591e-17
3.028395908391045e-17
3.0429690246547274e-17
3.057542140918409e-17
3.0721152571820903e-17
3.086688373445773e-17
3.0964037842882265e-17
3.1158346059731384e-17
3.140123133079272e-17
3.154696249342955e-17
3.1644116601854107e-17
3.174127071027864e-17
3.193557892712771e-17
3.2032733035552295e-17
3.212988714397683e-17
3.2227041252401365e-17
3.23241953608259e-17
3.251850357767502e-17
3.2615657686099553e-17
3.2761388848736356e-17
3.300427411979774e-17
3.319858233664681e-17
3.339289055349593e-17
3.3587198770345e-17
3.368435287876956e-17
3.3830084041406386e-17
3.392723814983092e-17
3.4024392258255456e-17
3.417012342089231e-17
3.426727752931684e-17
3.446158574616591e-17
3.455873985459047e-17
3.465589396301503e-17
3.480162512565183e-17
3.4947356288288635e-17
3.5093087450925486e-17
3.519024155935002e-17
3.5287395667774556e-17
3.538454977619909e-17
3.5627435047260477e-17
3.572458915568501e-17
3.5821743264109546e-17
3.591889737253413e-17
3.6016051480958665e-17
3.6210359697807735e-17
3.6356090860444586e-17
3.650182202308139e-17
3.664755318571819e-17
3.684186140256731e-17
3.698759256520411e-17
3.7181900782053206e-17
3.7279054890477765e-17
3.7473363107326835e-17
3.757051721575137e-17
3.776482543260049e-17
3.795913364944956e-17
3.805628775787412e-17
3.815344186629868e-17
3.825059597472321e-17
3.8396327137360014e-17
3.859063535420913e-17
3.868778946263367e-17
3.883352062527047e-17
3.9076405896331856e-17
3.931929116739322e-17
3.951359938424231e-17
3.9659330546879114e-17
3.995079287215277e-17
4.009652403478957e-17
4.019367814321413e-17
4.048514046848776e-17
4.0630871631124585e-17
4.0728025739549145e-17
4.087375690218595e-17
4.097091101061048e-17
4.11652192274596e-17
4.1262373335884135e-17
4.140810449852094e-17
4.15052586069455e-17
4.1602412715370056e-17
4.1796720932219126e-17
4.203960620328051e-17
4.2185337365917314e-17
4.2525376745403235e-17
4.2719684962252305e-17
4.2816839070676865e-17
4.296257023331369e-17
4.3108301395950494e-17
4.330260961279961e-17
4.349691782964868e-17
4.3691226046497776e-17
4.3788380154922336e-17
4.393411131755914e-17
4.403126542598367e-17
4.412841953440823e-17
4.427415069704506e-17
4.446845891389413e-17
4.4711344184955515e-17
4.4857075347592317e-17
4.500280651022917e-17
4.5099960618653703e-17
4.529426883550277e-17
4.5439999998139624e-17
4.5585731160776426e-17
4.573146232341323e-17
4.582861643183779e-17
4.5974347594474615e-17
4.607150170289915e-17
4.6168655811323684e-17
4.6265809919748244e-17
4.641154108238507e-17
4.655727224502187e-17
4.67030034076587e-17
4.6897311624507794e-17
4.7091619841356863e-17
4.718877394978145e-17
4.748023627505505e-17
4.767454449190417e-17
4.7771698600328706e-17
4.791742976296551e-17
4.806316092560236e-17
4.820889208823916e-17
4.8306046196663696e-17
4.840320030508823e-17
4.8500354413512815e-17
4.8694662630361885e-17
4.8840393792998687e-17
4.893754790142327e-17
4.913185611827234e-17
4.927758728090914e-17
4.9569049606182796e-17
4.966620371460733e-17
4.986051193145645e-17
5.005482014830552e-17
5.0151974256730054e-17
5.024912836515464e-17
5.039485952779144e-17
5.0589167744640535e-17
5.0686321853065094e-17
5.092920712412643e-17
5.107493828676328e-17
5.117209239518782e-17
5.126924650361235e-17
