3.8002828475161856e-19
5.432308630864944e-19
6.520325819764281e-19
8.152351603113286e-19
9.240368792012376e-19
1.0872394575361381e-18
1.1960411764260718e-18
1.3592437547609476e-18
1.5224463330958481e-18
1.7400497708757155e-18
1.957653208655558e-18
2.2296575058803677e-18
2.610463521995111e-18
2.7192652408850445e-18
2.936868678664912e-18
3.1544721164447545e-18
3.372075554224622e-18
3.480877273114531e-18
3.5896789920044646e-18
3.752881570339365e-18
3.861683289229299e-18
4.0248858675641746e-18
4.242489305344042e-18
4.351291024233951e-18
4.568894462013818e-18
4.677696180903752e-18
4.840898759238628e-18
4.9497004781285615e-18
5.112903056463462e-18
5.276105634798338e-18
5.439308213133238e-18
5.548109932023147e-18
5.656911650913081e-18
5.8201142292479815e-18
6.037717667027824e-18
6.146519385917758e-18
6.2553211048076915e-18
6.418523683142567e-18
6.581726261477468e-18
6.7449288398123684e-18
6.853730558702302e-18
7.016933137037178e-18
7.180135715372078e-18
7.288937434261987e-18
7.452140012596888e-18
7.560941731486822e-18
7.778545169266664e-18
8.104950325936465e-18
8.268152904271341e-18
8.376954623161275e-18
8.485756342051208e-18
8.594558060941117e-18
8.757760639276018e-18
8.920963217610919e-18
9.029764936500828e-18
9.192967514835728e-18
9.301769233725662e-18
9.573773530950471e-18
9.791376968730314e-18
9.900178687620248e-18
1.0063381265955148e-17
1.028098470373499e-17
1.0389786422624924e-17
1.0552989000959825e-17
1.0716191579294701e-17
1.0879394157629601e-17
1.1096997595409469e-17
1.1314601033189311e-17
1.1423402752079245e-17
1.1967411346528864e-17
1.2076213065418798e-17
1.2239415643753698e-17
1.2348217362643632e-17
1.2511419940978508e-17
1.2946626816538218e-17
1.3109829394873118e-17
1.3273031973207994e-17
1.3545036270432828e-17
1.3708238848767704e-17
1.3871441427102605e-17
1.4034644005437505e-17
1.4306648302662315e-17
1.4415450021552248e-17
1.463305345933209e-17
1.479625603766699e-17
1.5013859475446834e-17
1.5285863772671668e-17
1.5557868069896478e-17
1.566666978878641e-17
1.5884273226566254e-17
1.5993074945456188e-17
1.610187666434612e-17
1.6265079242680997e-17
1.6428281821015898e-17
1.6537083539905832e-17
1.6700286118240707e-17
1.6863488696575608e-17
1.7026691274910484e-17
1.7298695572135318e-17
1.7461898150470218e-17
1.767950158825006e-17
1.7788303307139995e-17
1.795150588547487e-17
1.8060307604364804e-17
1.8169109323254738e-17
1.833231190158964e-17
1.8441113620479547e-17
1.854991533936948e-17
1.8713117917704382e-17
1.8930721355484224e-17
1.9093923933819125e-17
1.9311527371598968e-17
1.9529130809378835e-17
1.985553596604861e-17
1.9964337684938545e-17
2.0181941122718388e-17
2.0399544560498255e-17
2.056274713883313e-17
2.072594971716803e-17
2.0889152295502907e-17
2.099795401439284e-17
2.126995831161765e-17
2.1487561749397518e-17
2.1705165187177385e-17
2.186836776551226e-17
2.1977169484402195e-17
2.2085971203292128e-17
2.2194772922182037e-17
2.2412376359961905e-17
2.2575578938296805e-17
2.2684380657186714e-17
2.2793182376076648e-17
2.290198409496658e-17
2.317398839219139e-17
2.333719097052629e-17
2.3500393548861167e-17
2.3772397846086e-17
2.388119956497591e-17
2.4098803002755778e-17
2.431640644053562e-17
2.464281159720542e-17
2.4806014175540297e-17
2.4969216753875198e-17
2.507801847276513e-17
2.518682019165504e-17
2.5404423629434908e-17
2.562202706721475e-17
2.5730828786104684e-17
2.5839630504994618e-17
2.6002833083329494e-17
2.6111634802219427e-17
2.6274837380554328e-17
2.6438039958889204e-17
2.6546841677779137e-17
2.665564339666907e-17
2.6818845975003972e-17
2.6982048553338847e-17
2.7199651991118715e-17
2.736285456945359e-17
2.7580458007233458e-17
2.79612640233482e-17
2.8178867461128044e-17
2.828766918001798e-17
2.850527261779782e-17
2.872287605557769e-17
2.8940479493357555e-17
2.910368207169243e-17
2.926688465002733e-17
2.943008722836221e-17
2.970209152558704e-17
2.9810893244476975e-17
2.9919694963366884e-17
3.002849668225682e-17
3.013729840114675e-17
3.030050097948163e-17
3.057250527670646e-17
3.073570785504134e-17
3.106211301171114e-17
3.1388518168380914e-17
3.1497319887270824e-17
3.160612160616076e-17
3.171492332505069e-17
3.1823725043940625e-17
3.193252676283056e-17
3.2258931919500335e-17
3.242213449783521e-17
3.2530936216725144e-17
3.2802940513949954e-17
3.2966143092284854e-17
3.307494481117479e-17
3.3238147389509664e-17
3.33469491083996e-17
3.3618953405624407e-17
3.378215598395931e-17
3.389095770284924e-17
3.3999759421739175e-17
3.416296200007405e-17
3.4271763718963984e-17
3.4543768016188794e-17
3.476137145396866e-17
3.4870173172858595e-17
3.503337575119347e-17
3.5142177470083404e-17
3.525097918897334e-17
3.546858262675318e-17
3.563178520508808e-17
3.5849388642867924e-17
3.6012591221202824e-17
3.6284595518427634e-17
3.639339723731757e-17
3.65021989562075e-17
3.666540153454238e-17
3.682860411287728e-17
3.693740583176721e-17
3.7046207550657145e-17
3.726381098843699e-17
3.737261270732692e-17
3.748141442621683e-17
3.76990178639967e-17
3.7862220442331573e-17
3.8025423020666474e-17
3.813422473955641e-17
3.835182817733625e-17
3.856943161511612e-17
3.878703505289596e-17
3.9059039350120794e-17
3.916784106901073e-17
3.927664278790064e-17
3.938544450679057e-17
3.9494246225680504e-17
3.965744880401538e-17
3.9766250522905314e-17
3.987505224179525e-17
3.9983853960685157e-17
4.014705653902006e-17
4.0364659976799924e-17
4.0636664274024734e-17
4.074546599291467e-17
4.0908668571249543e-17
4.101747029013948e-17
4.128947458736431e-17
4.145267716569919e-17
4.161587974403409e-17
4.183348318181393e-17
4.1942284900703864e-17
4.20510866195938e-17
4.226869005737364e-17
4.248629349515351e-17
4.270389693293335e-17
4.286709951126825e-17
4.3084702949048094e-17
4.319350466793803e-17
4.3465508965162837e-17
4.362871154349774e-17
4.373751326238767e-17
4.384631498127758e-17
4.3955116700167514e-17
4.4118319278502414e-17
4.4281521856837315e-17
4.444472443517219e-17
4.4716728732397e-17
4.4825530451286934e-17
4.4988733029621834e-17
4.515193560795671e-17
4.531513818629161e-17
4.558714248351642e-17
4.575034506185132e-17
4.5967948499631163e-17
4.6131151077966064e-17
4.6239952796856e-17
4.64031553751909e-17
4.662075881297074e-17
4.678396139130564e-17
4.694716396964052e-17
4.711036654797542e-17
4.7273569126310293e-17
4.738237084520023e-17
4.754557342353513e-17
4.7708776001870003e-17
4.781757772075994e-17
4.798078029909484e-17
4.8143982877429713e-17
4.825278459631965e-17
4.836158631520958e-17
4.8579189752989423e-17
4.8742392331324324e-17
4.885119405021426e-17
4.9014396628549133e-17
4.9177599206884034e-17
4.928640092577397e-17
4.9395202644663877e-17
4.955840522299878e-17
4.966720694188871e-17
4.9884810379668553e-17
4.999361209855849e-17
5.0265616395783297e-17
5.05920215524531e-17
5.0918426709122874e-17
5.1136030146902717e-17
5.124483186579265e-17
