4.626621563154661e-19
9.26456407639536e-19
1.158353533301577e-18
1.3322763775481078e-18
1.5061992217946386e-18
1.6221477846256468e-18
1.9699934731187084e-18
2.2018905987807495e-18
2.3178391616117577e-18
2.607710568689309e-18
2.7236591315203295e-18
3.013530538597881e-18
3.129479101428889e-18
3.36137622709093e-18
3.535299071337461e-18
3.651247634168494e-18
3.999093322661531e-18
4.2889647297390944e-18
4.462887573985613e-18
4.5788361368166334e-18
4.81073326247865e-18
5.042630388140691e-18
5.3325017952182546e-18
5.448450358049275e-18
5.6223732022957936e-18
5.796296046542337e-18
5.9122446093733326e-18
6.028193172204378e-18
6.202116016450896e-18
6.434013142112937e-18
6.607935986359456e-18
6.781858830605974e-18
7.129704519099036e-18
7.245653081930056e-18
7.361601644761077e-18
7.53552448900762e-18
7.709447333254139e-18
7.825395896085159e-18
7.999318740331678e-18
8.289190147409217e-18
8.637035835902278e-18
8.810958680148821e-18
8.926907242979817e-18
9.216778650057381e-18
9.332727212888401e-18
9.564624338550418e-18
9.680572901381463e-18
9.796521464212459e-18
9.912470027043504e-18
1.0086392871290023e-17
1.0260315715536541e-17
1.0492212841198582e-17
1.0724109966860623e-17
1.0840058529691644e-17
1.107195565535366e-17
1.1187904218184705e-17
1.1419801343846746e-17
1.1593724188093265e-17
1.1825621313755306e-17
1.2115492720832845e-17
1.2347389846494886e-17
1.2579286972156927e-17
1.2811184097818943e-17
1.3101055504896507e-17
1.3332952630558548e-17
1.356484975622059e-17
1.3738772600467108e-17
1.3912695444713626e-17
1.408661828896017e-17
1.420256685179119e-17
1.4376489696037708e-17
1.449243825886873e-17
1.460838682169975e-17
1.472433538453077e-17
1.4898258228777313e-17
1.5072181073023832e-17
1.536205248010137e-17
1.5535975324347914e-17
1.576787245000993e-17
1.599976957567197e-17
1.6115718138502992e-17
1.6231666701334012e-17
1.6347615264165033e-17
1.6579512389827074e-17
1.6753435234073592e-17
1.692735807832011e-17
1.7043306641151156e-17
1.7275203766813197e-17
1.7391152329644193e-17
1.756507517389071e-17
1.7738998018137255e-17
1.7854946580968275e-17
1.7970895143799296e-17
1.8086843706630316e-17
1.8202792269461312e-17
1.8318740832292357e-17
1.8492663676538876e-17
1.8724560802200917e-17
1.8840509365031937e-17
1.8956457927862958e-17
1.9072406490693954e-17
1.9304303616355995e-17
1.9478226460602538e-17
1.9594175023433558e-17
1.971012358626458e-17
1.9884046430511097e-17
2.005796927475764e-17
2.034784068183518e-17
2.0579737807497196e-17
2.069568637032824e-17
2.086960921457476e-17
2.098555777740578e-17
2.1159480621652323e-17
2.1565300591560883e-17
2.1797197717222924e-17
2.1971120561469442e-17
2.2203017687131483e-17
2.231896624996248e-17
2.2492889094209022e-17
2.2666811938455566e-17
2.295668334553308e-17
2.318858047119512e-17
2.3304529034026166e-17
2.3536426159688207e-17
2.3710349003934726e-17
2.3884271848181244e-17
2.4000220411012265e-17
2.4116168973843285e-17
2.4232117536674306e-17
2.440604038092085e-17
2.4579963225167367e-17
2.481186035082941e-17
2.504375747649145e-17
2.5217680320737968e-17
2.5333628883568964e-17
2.5507551727815507e-17
2.568147457206205e-17
2.5797423134893046e-17
2.591337169772409e-17
2.608729454197061e-17
2.6203243104801606e-17
2.6435140230463647e-17
2.672501163754121e-17
2.701488304461875e-17
2.7304754451696288e-17
2.7420703014527334e-17
2.7594625858773852e-17
2.7826522984435893e-17
2.8058420110097934e-17
2.8348291517175473e-17
2.858018864283749e-17
2.875411148708403e-17
2.8870060049915053e-17
2.9217905738408115e-17
2.944980286407013e-17
2.9623725708316674e-17
2.9739674271147695e-17
2.9855622833978715e-17
3.0029545678225234e-17
3.0261442803887275e-17
3.0377391366718296e-17
3.0493339929549316e-17
3.0609288492380337e-17
3.072523705521136e-17
3.084118561804238e-17
3.107308274370442e-17
3.124700558795094e-17
3.1420928432197456e-17
3.15368769950285e-17
3.171079983927502e-17
3.188472268352154e-17
3.21745940905991e-17
3.240649121626112e-17
3.252243977909214e-17
3.263838834192316e-17
3.28123111861697e-17
3.29282597490007e-17
3.321813115607826e-17
3.34500282817403e-17
3.362395112598682e-17
3.373989968881784e-17
3.3913822533064385e-17
3.402977109589538e-17
3.41457196587264e-17
3.437761678438844e-17
3.449356534721946e-17
3.466748819146598e-17
3.48414110357125e-17
3.501533387995904e-17
3.5363179568452105e-17
3.5479128131283125e-17
3.5595076694114146e-17
3.571102525694514e-17
3.5826973819776187e-17
3.605887094543823e-17
3.629076807110027e-17
3.646469091534679e-17
3.6638613759593306e-17
3.6754562322424326e-17
3.6870510885255347e-17
3.710240801091739e-17
3.7218356573748384e-17
3.750822798082595e-17
3.779809938790351e-17
3.826189363922757e-17
3.843581648347411e-17
3.860973932772063e-17
3.884163645338267e-17
3.895758501621367e-17
3.918948214187571e-17
3.9305430704706753e-17
3.953732783036877e-17
3.965327639319979e-17
3.988517351886183e-17
4.000112208169285e-17
4.0175044925939395e-17
4.0348967770185914e-17
4.0580864895847955e-17
4.0754787740094473e-17
4.092871058434099e-17
4.1044659147172037e-17
4.116060771000303e-17
4.133453055424955e-17
4.1508453398496094e-17
4.1740350524158135e-17
4.2030221931235674e-17
4.2146170494066695e-17
4.2262119056897715e-17
4.2378067619728736e-17
4.27259133082218e-17
4.2841861871052793e-17
4.3015784715299337e-17
4.313173327813036e-17
4.324768184096138e-17
4.342160468520792e-17
4.359552752945444e-17
4.376945037370096e-17
4.3943373217947476e-17
4.405932178077852e-17
4.429121890644054e-17
4.446514175068708e-17
4.46390645949336e-17
4.510285884625768e-17
4.539273025333522e-17
4.5566653097581764e-17
4.574057594182828e-17
4.59144987860748e-17
4.608842163032132e-17
4.6204370193152364e-17
4.637829303739888e-17
4.65522158816454e-17
4.672613872589192e-17
4.6842087288722965e-17
4.695803585155396e-17
4.7073984414385006e-17
4.7247907258631524e-17
4.7363855821462545e-17
4.759575294712456e-17
4.7769675791371105e-17
4.8059547198448644e-17
4.817549576127969e-17
4.834941860552621e-17
4.8465367168357203e-17
4.858131573118825e-17
4.8697264294019244e-17
4.8929161419681285e-17
4.9161058545343326e-17
4.939295567100537e-17
4.9566878515251886e-17
4.974080135949843e-17
4.991472420374495e-17
5.003067276657597e-17
5.014662132940699e-17
5.043649273648453e-17
5.055244129931557e-17
5.072636414356209e-17
5.084231270639309e-17
5.095826126922413e-17
5.113218411347065e-17
5.130610695771717e-17
