6.7515003287371115e-19
7.841486243451344e-19
1.0566451030236925e-18
1.220142990230815e-18
1.4381401731736616e-18
1.6016380603807965e-18
1.765135947587919e-18
1.9831331305307655e-18
2.1466310177379004e-18
2.3646282006807346e-18
2.5281260878878694e-18
2.6916239750950043e-18
2.855121862302127e-18
2.96412045377355e-18
3.127618340980685e-18
3.2366169324521082e-18
3.400114819659243e-18
3.563612706866366e-18
3.672611298337789e-18
3.781609889809212e-18
3.999607072752034e-18
4.108605664223482e-18
4.3266028471663284e-18
4.435601438637727e-18
4.544600030109175e-18
4.708097917316273e-18
4.817096508787721e-18
4.980594395994843e-18
5.198591578937665e-18
5.416588761880512e-18
5.6890852405590574e-18
5.798083832030505e-18
5.907082423501904e-18
6.179578902180474e-18
6.506574676594744e-18
6.724571859537591e-18
6.833570451008989e-18
6.997068338216136e-18
7.160566225423259e-18
7.324064112630382e-18
7.596560591308927e-18
7.923556365723222e-18
8.305051435873166e-18
8.414050027344614e-18
8.632047210287436e-18
8.795545097494558e-18
9.122540871908828e-18
9.231539463380251e-18
9.340538054851675e-18
9.613034533530245e-18
9.776532420737343e-18
1.0103528195151637e-17
1.0212526786623036e-17
1.0376024673830183e-17
1.0485023265301582e-17
1.059402185677303e-17
1.0703020448244428e-17
1.0866518335451576e-17
1.1030016222658698e-17
1.119351410986582e-17
1.1357011997072968e-17
1.1575009180015814e-17
1.1684007771487213e-17
1.1793006362958661e-17
1.190200495443006e-17
1.2065502841637207e-17
1.2174501433108605e-17
1.2392498616051452e-17
1.2501497207522875e-17
1.2664995094729998e-17
1.2882992277672844e-17
1.2991990869144292e-17
1.310098946061569e-17
1.3318986643558537e-17
1.3591483122237083e-17
1.3700481713708506e-17
1.380948030517993e-17
1.4081976783858475e-17
1.4299973966801322e-17
1.446347185400847e-17
1.4790467628422714e-17
1.4899466219894137e-17
1.5117463402836984e-17
1.5335460585779806e-17
1.5825954247401198e-17
1.5934952838872646e-17
1.6043951430344044e-17
1.6207449317551192e-17
1.6534445091965437e-17
1.6643443683436885e-17
1.6806941570644007e-17
1.691594016211543e-17
1.7242935936529675e-17
1.7351934528001123e-17
1.751543241520822e-17
1.767893030241537e-17
1.7787928893886792e-17
1.7896927485358215e-17
1.8060425372565362e-17
1.822392325977246e-17
1.8441920442715307e-17
1.8605418329922454e-17
1.8768916217129576e-17
1.8986913400072423e-17
1.925940987875097e-17
1.9586405653165238e-17
1.9695404244636662e-17
1.9913401427579484e-17
2.007689931478663e-17
2.0185897906258054e-17
2.0294896497729477e-17
2.0512893680672324e-17
2.078539015935087e-17
2.0894388750822268e-17
2.1057886638029415e-17
2.1221384525236563e-17
2.133038311670796e-17
2.1493881003915108e-17
2.1602879595386507e-17
2.1711878186857955e-17
2.19298753698008e-17
2.20933732570079e-17
2.2256871144215046e-17
2.2529367622893592e-17
2.269286551010074e-17
2.2910862693043586e-17
2.323785846745783e-17
2.3346857058929254e-17
2.3619353537607825e-17
2.3782851424814923e-17
2.400084860775777e-17
2.4273345086436315e-17
2.4436842973643462e-17
2.460034086085061e-17
2.4763838748057732e-17
2.4927336635264854e-17
2.5036335226736278e-17
2.51453338182077e-17
2.5363331001150547e-17
2.5472329592621946e-17
2.579932536703624e-17
2.5962823254243338e-17
2.623531973292191e-17
2.6453316915864755e-17
2.6671314098807577e-17
2.6780312690279025e-17
2.6998309873221872e-17
2.7325305647636117e-17
2.7488803534843264e-17
2.7597802126314662e-17
2.776130001352181e-17
2.7979297196464656e-17
2.814279508367178e-17
2.83062929708789e-17
2.846979085808605e-17
2.863328874529317e-17
2.8905785223971717e-17
2.906928311117884e-17
2.917828170265029e-17
2.9341779589857385e-17
2.945077818132883e-17
2.966877536427168e-17
2.977777395574308e-17
2.9941271842950225e-17
3.0050270434421624e-17
3.015926902589307e-17
3.037726620883592e-17
3.0540764096043016e-17
3.0649762687514464e-17
3.075876127898586e-17
3.092225916619301e-17
3.103125775766441e-17
3.1140256349135856e-17
3.130375423634298e-17
3.14672521235501e-17
3.168524930649295e-17
3.179424789796437e-17
3.1957745785171494e-17
3.212124367237864e-17
3.2284741559585764e-17
3.2448239446792886e-17
3.2557238038264334e-17
3.272073592547143e-17
3.288423381267858e-17
3.3102230995621426e-17
3.321122958709285e-17
3.332022817856427e-17
3.353822536150712e-17
3.370172324871424e-17
3.3810721840185664e-17
3.391972043165706e-17
3.4192216910335634e-17
3.4301215501807057e-17
3.446471338901418e-17
3.484620845916415e-17
3.5009706346371296e-17
3.5118704937842694e-17
3.522770352931414e-17
3.533670212078554e-17
3.550020000799269e-17
3.5609198599464086e-17
3.588169507814266e-17
3.599069366961408e-17
3.609969226108548e-17
3.6208690852556927e-17
3.6426688035499773e-17
3.6590185922706896e-17
3.675368380991402e-17
3.686268240138544e-17
3.6971680992856865e-17
3.713517888006401e-17
3.729867676727111e-17
3.7516673950213956e-17
3.7680171837421104e-17
3.789816902036395e-17
3.800716761183535e-17
3.8116166203306797e-17
3.8225164794778195e-17
3.838866268198534e-17
3.849766127345674e-17
3.866115916066389e-17
3.8933655639342434e-17
3.904265423081386e-17
3.920615211802098e-17
3.931515070949243e-17
3.9424149300963826e-17
3.9587647188170974e-17
3.969664577964237e-17
3.986014366684952e-17
3.996914225832094e-17
4.0078140849792366e-17
4.024163873699949e-17
4.035063732847091e-17
4.0459635919942335e-17
4.073213239862088e-17
4.100462887729945e-17
4.111362746877085e-17
4.1386123947449396e-17
4.1495122538920843e-17
4.160412113039224e-17
4.176761901759939e-17
4.187661760907079e-17
4.2040115496277935e-17
4.214911408774936e-17
4.231261197495648e-17
4.2421610566427904e-17
4.2585108453635027e-17
4.28576049323136e-17
4.313010141099214e-17
4.3293599298199265e-17
4.3402597889670713e-17
4.351159648114211e-17
4.378409295982066e-17
4.3893091551292106e-17
4.416558802997065e-17
4.43835852129135e-17
4.454708310012062e-17
4.476508028306344e-17
4.5146575353213436e-17
4.5255573944684835e-17
4.5528070423363405e-17
4.569156831057053e-17
4.580056690204195e-17
4.60185640849848e-17
4.6236561267927644e-17
4.634555985939907e-17
4.6454558450870466e-17
4.661805633807761e-17
4.683605352102046e-17
4.694505211249186e-17
4.727204788690615e-17
4.743554577411325e-17
4.770804225279182e-17
4.7871540139998943e-17
4.808953732294179e-17
4.8198535914413213e-17
4.8362033801620336e-17
4.8471032393091784e-17
4.874352887177033e-17
4.890702675897745e-17
4.9070524646184574e-17
4.9179523237656e-17
4.928852182912742e-17
4.9397520420598844e-17
4.950651901207027e-17
4.9888014082220237e-17
5.005151196942736e-17
5.0215009856634506e-17
5.054200563104875e-17
5.07055035182559e-17
5.08145021097273e-17
5.0977999996934444e-17
5.108699858840587e-17
5.119599717987729e-17
5.1304995771348714e-17
