4.67872376679457e-19
6.699573502670776e-19
8.720423238546982e-19
1.0741272974423187e-18
1.2762122710299517e-18
1.3772547578237558e-18
1.47829724461756e-18
1.5793397314113764e-18
1.7309034616020949e-18
1.9329884351897155e-18
2.084552165380434e-18
2.1855946521742505e-18
2.286637138968067e-18
2.387679625761871e-18
2.5897645993494917e-18
2.7918495729371122e-18
2.8928920597309287e-18
3.0444557899216472e-18
3.1454982767154637e-18
3.29706200690617e-18
3.4486257370968884e-18
3.600189467287607e-18
3.8022744408752275e-18
3.903316927669044e-18
4.0043594144628604e-18
4.155923144653579e-18
4.307486874844285e-18
4.610614335225722e-18
4.812699308813343e-18
4.964263039004061e-18
5.166348012591682e-18
5.267390499385498e-18
5.418954229576217e-18
5.519996716370021e-18
5.722081689957654e-18
5.9241666635452745e-18
6.025209150339091e-18
6.277815367323614e-18
6.378857854117418e-18
6.580942827705051e-18
6.93459153148339e-18
7.035634018277194e-18
7.187197748467912e-18
7.389282722055533e-18
7.49032520884935e-18
7.894495156024603e-18
8.24814385980293e-18
8.551271320184367e-18
8.702835050375085e-18
8.803877537168902e-18
9.005962510756522e-18
9.107004997550327e-18
9.258568727741045e-18
9.359611214534862e-18
9.51117494472558e-18
9.7132599183132e-18
9.814302405107017e-18
1.0167951108885356e-17
1.0370036082472977e-17
1.0673163542854414e-17
1.082472727304512e-17
1.0976291003235839e-17
1.1178375976823471e-17
1.132993970701419e-17
1.1430982193807994e-17
1.153202468060181e-17
1.1734109654189431e-17
1.188567338438015e-17
1.2037237114570868e-17
1.2138279601364672e-17
1.2289843331555391e-17
1.2542449548539926e-17
1.2694013278730632e-17
1.2795055765524448e-17
1.2946619495715167e-17
1.3098183225905886e-17
1.335078944289042e-17
1.3603395659874943e-17
1.3704438146668747e-17
1.3856001876859466e-17
1.3957044363653282e-17
1.4108608093844e-17
1.426017182403472e-17
1.4411735554225438e-17
1.4512778041019242e-17
1.4714863014606863e-17
1.50179904749883e-17
1.5169554205179018e-17
1.5270596691972835e-17
1.5422160422163553e-17
1.5624245395751174e-17
1.5725287882544978e-17
1.592737285613261e-17
1.612945782972023e-17
1.628102155991095e-17
1.648310653349857e-17
1.663467026368929e-17
1.6735712750483093e-17
1.683675523727691e-17
1.6937797724070726e-17
1.703884021086453e-17
1.7240925184452163e-17
1.739248891464287e-17
1.7493531401436686e-17
1.759457388823049e-17
1.7746137618421208e-17
1.794822259200884e-17
1.8049265078802645e-17
1.815030756559645e-17
1.8251350052390278e-17
1.8352392539184082e-17
1.85039562693748e-17
1.860499875616863e-17
1.8807083729756238e-17
1.8908126216550042e-17
1.905968994674076e-17
1.916073243353459e-17
1.926177492032837e-17
1.9463859893916027e-17
1.971646611090055e-17
1.9918551084488157e-17
2.0019593571281986e-17
2.017115730147268e-17
2.0373242275060313e-17
2.0524806005251032e-17
2.0676369735441725e-17
2.0878454709029383e-17
2.1030018439220077e-17
2.1131060926013906e-17
2.1333145899601514e-17
2.1535230873189147e-17
2.178783709017367e-17
2.1888879576967474e-17
2.2040443307158217e-17
2.219200703734891e-17
2.229304952414274e-17
2.2394092010936544e-17
2.2545655741127262e-17
2.2646698227921066e-17
2.2798261958111785e-17
2.3000346931699393e-17
2.3101389418493222e-17
2.340451687887466e-17
2.3505559365668463e-17
2.3707644339256096e-17
2.4010771799637533e-17
2.4111814286431337e-17
2.4263378016622056e-17
2.436442050341586e-17
2.4566505477003493e-17
2.47685904505911e-17
2.4970675424178734e-17
2.5122239154369452e-17
2.522328164116328e-17
2.5374845371353975e-17
2.5526409101544694e-17
2.5677972831735412e-17
2.577901531852924e-17
2.588005780532302e-17
2.6082142778910678e-17
2.638527023929209e-17
2.6587355212879723e-17
2.6688397699673527e-17
2.6839961429864246e-17
2.6991525160054964e-17
2.7193610133642597e-17
2.7294652620436377e-17
2.744621635062712e-17
2.7597780080817814e-17
2.7749343811008557e-17
2.800195002799308e-17
2.82545562449776e-17
2.840611997516832e-17
2.855768370535904e-17
2.881028992234356e-17
2.8961853652534305e-17
2.9062896139328085e-17
2.9163938626121913e-17
2.931550235631261e-17
2.9416544843106436e-17
2.9517587329900265e-17
2.9618629816694044e-17
2.977019354688479e-17
3.002279976386931e-17
3.0123842250663114e-17
3.037644846764766e-17
3.047749095444144e-17
3.057853344123527e-17
3.078061841482288e-17
3.088166090161671e-17
3.10332246318074e-17
3.1184788361998144e-17
3.128583084879195e-17
3.138687333558575e-17
3.148791582237958e-17
3.169000079596719e-17
3.179104328276102e-17
3.204364949974554e-17
3.2195213229936235e-17
3.234677696012698e-17
3.244781944692078e-17
3.2548861933714586e-17
3.280146815069911e-17
3.305407436768363e-17
3.325615934127129e-17
3.335720182806507e-17
3.350876555825581e-17
3.3609808045049616e-17
3.381189301863725e-17
3.391293550543103e-17
3.4013977992224857e-17
3.4165541722415575e-17
3.4317105452606294e-17
3.441814793940012e-17
3.4569711669590817e-17
3.4771796643178425e-17
3.4872839129972254e-17
3.502440286016297e-17
3.5125445346956776e-17
3.532753032054441e-17
3.552961529413204e-17
3.563065778092582e-17
3.573170026771965e-17
3.588326399791037e-17
3.598430648470417e-17
3.6085348971498e-17
3.6186391458291806e-17
3.6337955188482524e-17
3.6438997675276353e-17
3.654004016207013e-17
3.6691603892260876e-17
3.6893688865848484e-17
3.709577383943609e-17
3.7247337569626836e-17
3.734838005642064e-17
3.755046503000827e-17
3.7803071246992795e-17
3.795463497718349e-17
3.810619870737423e-17
3.8207241194168036e-17
3.840932616775567e-17
3.851036865454945e-17
3.8712453628137106e-17
3.88640173583278e-17
3.896505984512163e-17
3.916714481870924e-17
3.9318708548899956e-17
3.952079352248759e-17
3.962183600928139e-17
3.977339973947211e-17
3.987444222626594e-17
3.997548471305972e-17
4.012704844325046e-17
4.022809093004427e-17
4.04301759036319e-17
4.0581739633822594e-17
4.068278212061642e-17
4.0783824607410227e-17
4.098590958099786e-17
4.1137473311188554e-17
4.1390079528173076e-17
4.1642685745157623e-17
4.174372823195143e-17
4.189529196214217e-17
4.199633444893595e-17
4.2198419422523583e-17
4.245102563950813e-17
4.255206812630191e-17
4.2703631856492653e-17
4.280467434328646e-17
4.2956238073477176e-17
4.3158323047064784e-17
4.325936553385861e-17
4.346145050744622e-17
4.381509921122457e-17
4.39161416980184e-17
4.401718418481218e-17
4.411822667160601e-17
4.4269790401796703e-17
4.4421354131987447e-17
4.4623439105575055e-17
4.47750028357658e-17
4.502760905275032e-17
4.51286515395441e-17
4.5280215269734843e-17
4.538125775652865e-17
4.548230024332245e-17
4.5633863973513195e-17
4.578542770370389e-17
4.593699143389461e-17
4.6088555164085326e-17
4.6189597650879155e-17
4.6290640137672934e-17
4.644220386786368e-17
4.654324635465748e-17
4.66948100848482e-17
4.684637381503892e-17
4.709898003202344e-17
4.7301065005611074e-17
4.740210749240488e-17
4.750314997919868e-17
4.7755756196183205e-17
4.7856798682977034e-17
4.805888365656464e-17
4.8260968630152275e-17
4.846305360373991e-17
4.856409609053371e-17
4.8665138577327516e-17
4.8816702307518235e-17
4.896826603770895e-17
4.917035101129656e-17
4.927139349809039e-17
4.937243598488422e-17
4.957452095847183e-17
4.9776605932059435e-17
5.002921214904396e-17
5.0130254635837787e-17
5.0231297122631616e-17
5.038286085282231e-17
5.048390333961614e-17
5.0685988313203747e-17
5.0787030799997575e-17
5.093859453018827e-17
5.119120074717279e-17
5.129224323396662e-17
