3.602154832476296e-19
5.035971087371458e-19
6.469787342266743e-19
7.425664845530184e-19
8.381542348793625e-19
9.337419852057066e-19
1.1249174858584072e-18
1.2682991113479234e-18
1.4116807368374395e-18
1.6506501126533121e-18
1.7940317381428283e-18
1.9374133636323445e-18
2.0330011139586886e-18
2.176382739448217e-18
2.2719704897745612e-18
2.3675582401009053e-18
2.558733740753606e-18
2.749909241406294e-18
2.8454969917326383e-18
3.036672492385339e-18
3.227847993038027e-18
3.323435743364371e-18
3.4190234936907153e-18
3.5146112440170594e-18
3.610198994343416e-18
3.70578674466976e-18
3.849168370159276e-18
4.040343870811977e-18
4.327107121791009e-18
4.470488747280525e-18
4.613870372770054e-18
4.75725199825957e-18
4.948427498912258e-18
5.0440152492386146e-18
5.187396874728131e-18
5.378572375380819e-18
5.474160125707163e-18
5.6175417511966916e-18
5.760923376686208e-18
5.856511127012552e-18
5.99989275250208e-18
6.0954805028284245e-18
6.1910682531547686e-18
6.430037628970629e-18
6.6212131296233295e-18
6.764594755112846e-18
6.955770255765534e-18
7.05135800609189e-18
7.146945756418234e-18
7.29032738190775e-18
7.385915132234095e-18
7.481502882560451e-18
7.577090632886795e-18
7.67267838321314e-18
7.816060008702656e-18
7.959441634192172e-18
8.1028232596817e-18
8.198411010008044e-18
8.293998760334388e-18
8.437380385823905e-18
8.532968136150261e-18
8.628555886476605e-18
8.771937511966121e-18
8.915319137455638e-18
9.010906887781994e-18
9.15428851327151e-18
9.249876263597854e-18
9.488845639413727e-18
9.584433389740071e-18
9.823402765555931e-18
9.966784391045447e-18
1.0110166016534976e-17
1.0301341517187664e-17
1.0396929267514008e-17
1.0588104768166709e-17
1.0731486393656225e-17
1.0827074143982569e-17
1.0922661894308913e-17
1.101824964463527e-17
1.1161631270124786e-17
1.125721902045113e-17
1.1400600645940646e-17
1.1496188396267003e-17
1.1687363896919691e-17
1.1782951647246035e-17
1.1878539397572379e-17
1.2021921023061908e-17
1.2260890398877768e-17
1.2356478149204112e-17
1.249985977469364e-17
1.2691035275346329e-17
1.2786623025672673e-17
1.2882210775999017e-17
1.2977798526325373e-17
1.312118015181489e-17
1.3264561777304406e-17
1.336014952763075e-17
1.3455737277957094e-17
1.3646912778609795e-17
1.3838088279262483e-17
1.393367602958884e-17
1.4029263779915183e-17
1.4220439280567872e-17
1.441161478122056e-17
1.4554996406710088e-17
1.4650584157036432e-17
1.4746171907362777e-17
1.498514128317865e-17
1.5128522908668165e-17
1.527190453415768e-17
1.546308003481037e-17
1.565425553546307e-17
1.5749843285789414e-17
1.584543103611576e-17
1.5988812661605287e-17
1.608440041193163e-17
1.6179988162257975e-17
1.627557591258432e-17
1.6514545288400192e-17
1.6610133038726536e-17
1.6753514664216052e-17
1.689689628970557e-17
1.708807179035827e-17
1.7183659540684613e-17
1.73748350413373e-17
1.751821666682683e-17
1.7613804417153174e-17
1.7709392167479518e-17
1.7804979917805862e-17
1.794836154329539e-17
1.818733091911125e-17
1.8282918669437595e-17
1.8521888045253468e-17
1.8617475795579812e-17
1.88086512962325e-17
1.8904239046558857e-17
1.9047620672048373e-17
1.9143208422374717e-17
1.923879617270106e-17
1.9573353298843278e-17
1.9716734924332794e-17
1.986011654982231e-17
1.9955704300148666e-17
2.0099085925638183e-17
2.029026142629087e-17
2.048143692694357e-17
2.0577024677269916e-17
2.0720406302759432e-17
2.0863787928248948e-17
2.0959375678575304e-17
2.105496342890165e-17
2.1150551179227993e-17
2.1246138929554337e-17
2.134172667988068e-17
2.153290218053338e-17
2.172407768118607e-17
2.1867459306675586e-17
2.2106428682491458e-17
2.2249810307980975e-17
2.2393191933470503e-17
2.253657355896002e-17
2.2632161309286363e-17
2.2727749059612708e-17
2.291892456026542e-17
2.301451231059174e-17
2.3157893936081268e-17
2.3301275561570797e-17
2.339686331189714e-17
2.3492451062223485e-17
2.358803881254983e-17
2.3731420438039333e-17
2.3922595938692046e-17
2.416156531450792e-17
2.4400534690323767e-17
2.4591710190976455e-17
2.4735091816465983e-17
2.4878473441955512e-17
2.4974061192281856e-17
2.50696489426082e-17
2.5165236692934544e-17
2.5308618318424048e-17
2.5404206068750417e-17
2.5595381569403105e-17
2.569096931972945e-17
2.5882144820382137e-17
2.612111419619801e-17
2.6312289696850698e-17
2.6407877447177067e-17
2.6646846822992915e-17
2.6790228448482443e-17
2.6885816198808788e-17
2.702919782429829e-17
2.717257944978782e-17
2.7268167200114164e-17
2.7411548825603692e-17
2.7554930451093196e-17
2.7746105951745885e-17
2.788948757723541e-17
2.803286920272494e-17
2.8128456953051286e-17
2.8319632453703974e-17
2.8606395704683006e-17
2.8893158955662063e-17
2.903654058115159e-17
2.9179922206641096e-17
2.93233038321306e-17
2.941889158245697e-17
2.951447933278331e-17
2.9610067083109656e-17
2.9705654833436e-17
2.9944624209251873e-17
3.00880058347414e-17
3.0231387460230906e-17
3.0374769085720434e-17
3.0613738461536307e-17
3.0804913962188995e-17
3.090050171251534e-17
3.109167721316803e-17
3.1282852713820715e-17
3.147402821447343e-17
3.1712997590289276e-17
3.1856379215778805e-17
3.1999760841268333e-17
3.209534859159465e-17
3.219093634192102e-17
3.2334317967410525e-17
3.262108121838956e-17
3.300343221969496e-17
3.338578322100036e-17
3.348137097132668e-17
3.367254647197937e-17
3.3768134222305736e-17
3.386372197263208e-17
3.415048522361111e-17
3.429386684910064e-17
3.448504234975333e-17
3.4580630100079674e-17
3.477180560073236e-17
3.4867393351058706e-17
3.4962981101385075e-17
3.510636272687458e-17
3.520195047720092e-17
3.5440919853016795e-17
3.572768310399583e-17
3.5918858604648516e-17
3.6062240230138045e-17
3.615782798046439e-17
3.644459123144342e-17
3.658797285693295e-17
3.673135448242248e-17
3.682694223274882e-17
3.72092932340542e-17
3.740046873470691e-17
3.7543850360196415e-17
3.763943811052276e-17
3.7735025860849104e-17
3.783061361117545e-17
3.7973995236664976e-17
3.8117376862154505e-17
3.826075848764401e-17
3.835634623797035e-17
3.845193398829672e-17
3.854752173862304e-17
3.869090336411257e-17
3.888207886476526e-17
3.8977666615091626e-17
3.912104824058113e-17
3.9216635990907474e-17
3.9360017616397e-17
3.950339924188653e-17
3.974236861770238e-17
3.983795636802875e-17
4.0029131868681436e-17
4.0220307369334125e-17
4.031589511966047e-17
4.041148286998681e-17
4.055486449547634e-17
4.0698246120965845e-17
4.093721549678172e-17
4.1080597122271246e-17
4.1319566498087094e-17
4.141515424841346e-17
4.151074199873978e-17
4.160632974906615e-17
4.179750524971884e-17
4.1893093000045184e-17
4.198868075037153e-17
4.2132062375861056e-17
4.227544400135056e-17
4.246661950200327e-17
4.256220725232959e-17
4.270558887781912e-17
4.284897050330865e-17
4.30879398791245e-17
4.327911537977721e-17
4.3374703130103554e-17
4.351808475559308e-17
4.3661466381082587e-17
4.3804848006572115e-17
4.394822963206162e-17
4.404381738238799e-17
4.413940513271431e-17
4.4234992883040676e-17
4.4426168383693364e-17
4.452175613401971e-17
4.461734388434605e-17
4.4712931634672397e-17
4.480851938499874e-17
4.495190101048827e-17
4.50952826359778e-17
4.519087038630412e-17
4.5334252011793646e-17
4.5477633637283174e-17
4.566880913793586e-17
4.5764396888262207e-17
4.600336626407808e-17
4.6098954014404423e-17
4.6337923390220296e-17
4.6481305015709824e-17
4.662468664119933e-17
4.672027439152567e-17
4.700703764250473e-17
4.710262539283105e-17
4.724600701832058e-17
4.7341594768646946e-17
4.7532770269299634e-17
4.7628358019625954e-17
4.772394576995232e-17
4.786732739544185e-17
4.796291514576817e-17
4.8201884521584043e-17
4.8393060022236756e-17
4.8488647772563075e-17
4.8632029398052604e-17
4.872761714837895e-17
4.882320489870529e-17
4.891879264903166e-17
4.9062174274521165e-17
4.925334977517388e-17
4.93489375255002e-17
4.9444525275826566e-17
4.958790690131607e-17
5.006584565294779e-17
5.0257021153600503e-17
5.044819665425319e-17
5.0687166030069064e-17
5.087834153072175e-17
5.0973929281048096e-17
5.1165104781700785e-17
5.1308486407190313e-17
