3.6367955755847235e-19
5.048951626529517e-19
5.990388993826087e-19
7.402545044771004e-19
8.343982412067451e-19
9.285419779364145e-19
1.0697575830309061e-18
1.2109731881253855e-18
1.3051169248550425e-18
1.3992606615846995e-18
1.587548135044026e-18
1.77583560850334e-18
1.9170512135978193e-18
2.0111949503274763e-18
2.152410555421968e-18
2.246554292151625e-18
2.3877698972461044e-18
2.4819136339757737e-18
2.6702011074350878e-18
2.7643448441647448e-18
2.952632317624059e-18
3.140919791083385e-18
3.3292072645426992e-18
3.423351001272344e-18
3.61163847473167e-18
3.705782211461327e-18
3.799925948190984e-18
3.894069684920641e-18
4.035285290015133e-18
4.129429026744778e-18
4.317716500204104e-18
4.4589321052985834e-18
4.694291447122732e-18
4.788435183852389e-18
4.8825789205820585e-18
4.976722657311703e-18
5.212081999135852e-18
5.400369472595178e-18
5.729872551148972e-18
5.871088156243463e-18
5.96523189297312e-18
6.0593756297027774e-18
6.294734971526926e-18
6.388878708256583e-18
6.5300943133510625e-18
6.624238050080732e-18
6.765453655175211e-18
6.859597391904868e-18
7.00081299699936e-18
7.189100470458674e-18
7.471531680647645e-18
7.706891022471794e-18
7.848106627566285e-18
7.989322232660765e-18
8.130537837755256e-18
8.365897179579405e-18
8.507112784673884e-18
8.601256521403542e-18
8.883687731592525e-18
8.97783146832217e-18
9.119047073416661e-18
9.260262678511153e-18
9.401478283605645e-18
9.49562202033529e-18
9.636837625429781e-18
9.778053230524273e-18
9.919268835618764e-18
1.0107556309078078e-17
1.0295843782537392e-17
1.0484131255996707e-17
1.0625346861091198e-17
1.076656246618569e-17
1.0860706202915335e-17
1.0954849939645004e-17
1.119020928146914e-17
1.1378496754928454e-17
1.1519712360022946e-17
1.1613856096752603e-17
1.170799983348226e-17
1.1943359175306409e-17
1.2037502912036066e-17
1.2131646648765723e-17
1.222579038549538e-17
1.2414077858954694e-17
1.2508221595684363e-17
1.2696509069143677e-17
1.2837724674238157e-17
1.3073084016062305e-17
1.3167227752791962e-17
1.3308443357886442e-17
1.3449658962980933e-17
1.3543802699710603e-17
1.3637946436440247e-17
1.3779162041534739e-17
1.392037764662923e-17
1.4061593251723723e-17
1.4202808856818202e-17
1.4391096330277516e-17
1.4626455672101665e-17
1.4767671277196156e-17
1.4908886882290636e-17
1.5003030619020293e-17
1.5191318092479607e-17
1.5332533697574098e-17
1.547374930266859e-17
1.5567893039398235e-17
1.5662036776127904e-17
1.575618051285756e-17
1.5850324249587218e-17
1.613275545977619e-17
1.6321042933235516e-17
1.641518666996516e-17
1.650933040669483e-17
1.6603474143424474e-17
1.6697617880154144e-17
1.6980049090343115e-17
1.7121264695437594e-17
1.7215408432167263e-17
1.730955216889692e-17
1.74507677739914e-17
1.754491151072107e-17
1.7639055247450714e-17
1.7780270852545206e-17
1.7874414589274863e-17
1.796855832600452e-17
1.806270206273419e-17
1.8156845799463834e-17
1.8298061404558325e-17
1.8533420746382474e-17
1.8768780088206623e-17
1.8862923824936267e-17
1.900413943003076e-17
1.914535503512525e-17
1.9333642508584565e-17
1.952192998204388e-17
1.9710217455503193e-17
1.9851433060597685e-17
1.9992648665692176e-17
2.0133864270786668e-17
2.0275079875881147e-17
2.0416295480975627e-17
2.0510439217705296e-17
2.0604582954434953e-17
2.0887014164623924e-17
2.098115790135358e-17
2.121651724317773e-17
2.1404804716637044e-17
2.1546020321731536e-17
2.164016405846118e-17
2.1781379663555672e-17
2.187552340028534e-17
2.201673900537982e-17
2.21579546104743e-17
2.239331395229846e-17
2.2581601425757775e-17
2.2722817030852254e-17
2.2864032635946746e-17
2.3005248241041225e-17
2.3099391977770895e-17
2.319353571450054e-17
2.34288950563247e-17
2.357011066141918e-17
2.3664254398148837e-17
2.3899613739972986e-17
2.40879012134323e-17
2.4276188686891614e-17
2.4417404291986105e-17
2.4652763633810254e-17
2.47469073705399e-17
2.488812297563439e-17
2.5029338580728882e-17
2.5170554185823374e-17
2.5311769790917853e-17
2.5452985396012333e-17
2.5735416606201316e-17
2.5829560342930973e-17
2.5970775948025452e-17
2.615906342148478e-17
2.6253207158214436e-17
2.6394422763308927e-17
2.6488566500038572e-17
2.6723925841862733e-17
2.7006357052051692e-17
2.7241716393875853e-17
2.7382931998970332e-17
2.747707573569999e-17
2.761829134079448e-17
2.7712435077524138e-17
2.7806578814253795e-17
2.790072255098345e-17
2.8089010024442766e-17
2.827729749790208e-17
2.837144123463175e-17
2.8465584971361394e-17
2.8559728708091063e-17
2.8700944313185555e-17
2.8842159918280047e-17
2.8983375523374514e-17
2.9077519260104183e-17
2.931287860192832e-17
2.945409420702281e-17
2.9736525417211795e-17
2.987774102230626e-17
3.0066028495765576e-17
3.0160172232495245e-17
3.0301387837589737e-17
3.0442603442684204e-17
3.0583819047778696e-17
3.072503465287319e-17
3.0819178389602857e-17
3.100746586306217e-17
3.1195753336521485e-17
3.13840408099808e-17
3.152525641507529e-17
3.1619400151804935e-17
3.1854759493629096e-17
3.1995975098723563e-17
3.209011883545323e-17
3.21842625721829e-17
3.2278406308912546e-17
3.2372550045642216e-17
3.256083751910153e-17
3.2654981255831175e-17
3.2796196860925666e-17
3.298448433438498e-17
3.3172771807844294e-17
3.3266915544573964e-17
3.3408131149668455e-17
3.35022748863981e-17
3.359641862312777e-17
3.3831777964951906e-17
3.39729935700464e-17
3.411420917514089e-17
3.4302496648600203e-17
3.4443712253694695e-17
3.458492785878916e-17
3.47732153322485e-17
3.4867359068978145e-17
3.500857467407264e-17
3.514979027916713e-17
3.529100588426162e-17
3.5385149620991265e-17
3.5526365226085757e-17
3.566758083118025e-17
3.585586830463956e-17
3.5997083909734054e-17
3.623244325155819e-17
3.632658698828786e-17
3.646780259338235e-17
3.6561946330111996e-17
3.670316193520649e-17
3.68914494086658e-17
3.7079736882125116e-17
3.717388061885476e-17
3.726802435558443e-17
3.7456311829043744e-17
3.755045556577339e-17
3.764459930250306e-17
3.778581490759755e-17
3.787995864432722e-17
3.806824611778651e-17
3.816238985451618e-17
3.835067732797549e-17
3.8491892933069984e-17
3.858603666979963e-17
3.886846787998861e-17
3.896261161671828e-17
3.910382722181275e-17
3.933918656363691e-17
3.94804021687314e-17
3.962161777382587e-17
3.9809905247285207e-17
3.990404898401485e-17
3.999819272074452e-17
4.0092336457474165e-17
4.0186480194203835e-17
4.0327695799298326e-17
4.046891140439282e-17
4.056305514112246e-17
4.0751342614581777e-17
4.098670195640594e-17
4.117498942986523e-17
4.1363276903324566e-17
4.145742064005421e-17
4.155156437678388e-17
4.1645708113513525e-17
4.1786923718608016e-17
4.202228306043218e-17
4.211642679716182e-17
4.2304714270621136e-17
4.258714548081012e-17
4.2775432954269433e-17
4.286957669099908e-17
4.310493603282324e-17
4.3199079769552884e-17
4.3340295374647375e-17
4.348151097974187e-17
4.357565471647151e-17
4.366979845320118e-17
4.3763942189930826e-17
4.390515779502532e-17
4.4140517136849454e-17
4.4234660873579123e-17
4.432880461030879e-17
4.442294834703844e-17
4.456416395213293e-17
4.475245142559224e-17
4.484659516232191e-17
4.494073889905156e-17
4.508195450414605e-17
4.5176098240875693e-17
4.536438571433503e-17
4.5458529451064677e-17
4.5693888792888813e-17
4.5929248134712974e-17
4.6070463739807466e-17
4.616460747653711e-17
4.63058230816316e-17
4.6447038686726094e-17
4.663532616018541e-17
4.691775737037439e-17
4.7011901107104036e-17
4.715311671219853e-17
4.7388476054022664e-17
4.7482619790752334e-17
4.7576763527482e-17
4.781212286930614e-17
4.8000410342765453e-17
4.818869781622477e-17
4.828284155295441e-17
4.8424057158048904e-17
4.8518200894778573e-17
4.8659416499873065e-17
4.903599144679169e-17
4.9177207051886185e-17
4.931842265698065e-17
4.9459638262075143e-17
4.955378199880481e-17
4.983621320899377e-17
5.007157255081793e-17
5.0212788155912424e-17
5.035400376100689e-17
5.044814749773656e-17
5.058936310283105e-17
5.0683506839560697e-17
5.091886618138486e-17
5.110715365484417e-17
