4.0646075459722445e-19
6.660707984549074e-19
8.737588335410513e-19
1.0814468686271952e-18
1.2372128949418e-18
1.3410569124848658e-18
1.496822938799483e-18
1.6525889651140878e-18
1.7564329826571536e-18
2.0160430265148242e-18
2.1718090528294414e-18
2.3275750791440462e-18
2.483341105458651e-18
2.587185123001717e-18
2.7429511493163217e-18
2.8987171756309265e-18
3.0025611931740046e-18
3.1064052107170827e-18
3.3140932458032143e-18
3.4179372633462924e-18
3.625625298432424e-18
3.729469315975502e-18
3.83331333351858e-18
4.041001368604712e-18
4.248689403690856e-18
4.4563774387769996e-18
4.6121434650916044e-18
4.819831500177748e-18
4.923675517720814e-18
5.079441544035419e-18
5.287129579121563e-18
5.598661631750785e-18
5.75442765806539e-18
5.962115693151521e-18
6.117881719466126e-18
6.273647745780743e-18
6.533257789638414e-18
7.000555868582228e-18
7.156321894896846e-18
7.31208792121145e-18
7.675541982612199e-18
7.883230017698343e-18
7.987074035241409e-18
8.090918052784487e-18
8.246684079099092e-18
8.402450105413697e-18
8.506294122956762e-18
8.610138140499828e-18
8.713982158042906e-18
8.817826175585984e-18
8.92167019312905e-18
9.129358228215194e-18
9.23320224575826e-18
9.337046263301326e-18
9.544734298387482e-18
9.648578315930548e-18
9.804344342245152e-18
9.960110368559757e-18
1.0115876394874362e-17
1.0219720412417428e-17
1.0375486438732045e-17
1.0479330456275111e-17
1.0635096482589716e-17
1.0998550543990464e-17
1.1206238579076608e-17
1.1362004605391213e-17
1.1465848622934291e-17
1.1621614649248896e-17
1.1725458666791962e-17
1.1829302684335028e-17
1.1933146701878106e-17
1.214083473696425e-17
1.2296600763278855e-17
1.245236678959346e-17
1.2608132815908064e-17
1.2763898842222669e-17
1.2919664868537286e-17
1.3023508886080352e-17
1.3283118929938023e-17
1.3438884956252627e-17
1.3594650982567245e-17
1.3854261026424915e-17
1.401002705273952e-17
1.4165793079054125e-17
1.432155910536873e-17
1.4425403122911808e-17
1.4633091157997952e-17
1.4736935175541018e-17
1.494462321062716e-17
1.5100389236941766e-17
1.5256155263256383e-17
1.5463843298342515e-17
1.567153133342866e-17
1.6034985394829408e-17
1.6138829412372486e-17
1.6242673429915552e-17
1.6398439456230156e-17
1.6502283473773222e-17
1.6658049500087827e-17
1.686573753517397e-17
1.7333035614117798e-17
1.7488801640432403e-17
1.7592645657975468e-17
1.7748411684290073e-17
1.7904177710604678e-17
1.8008021728147756e-17
1.816378775446236e-17
1.847531980709157e-17
1.857916382463465e-17
1.8734929850949254e-17
1.8838773868492307e-17
1.8994539894806937e-17
1.9202227929893068e-17
1.9306071947436146e-17
1.9409915964979224e-17
1.9617604000065356e-17
1.9721448017608434e-17
1.987721404392304e-17
2.008490207900917e-17
2.018874609655225e-17
2.0292590114095302e-17
2.0500278149181458e-17
2.0656044175496063e-17
2.075988819303914e-17
2.0967576228125273e-17
2.107142024566835e-17
2.117526426321143e-17
2.1279108280754482e-17
2.138295229829756e-17
2.169448435092677e-17
2.1850250377241375e-17
2.2109860421099058e-17
2.2213704438642136e-17
2.2421392473728268e-17
2.2525236491271346e-17
2.2732924526357477e-17
2.2836768543900555e-17
2.3044456578986687e-17
2.3200222605301292e-17
2.3355988631615897e-17
2.3459832649158975e-17
2.361559867547358e-17
2.3719442693016658e-17
2.382328671055971e-17
2.3927130728102814e-17
2.4030974745645867e-17
2.4186740771960472e-17
2.4342506798275077e-17
2.4446350815818155e-17
2.4550194833361233e-17
2.491364889476197e-17
2.5069414921076575e-17
2.522518094739118e-17
2.5329024964934258e-17
2.5484790991248862e-17
2.558863500879194e-17
2.5744401035106545e-17
2.5848245052649623e-17
2.6004011078964228e-17
2.621169911405036e-17
2.6315543131593438e-17
2.6471309157908043e-17
2.6678997192994174e-17
2.6782841210537252e-17
2.6990529245623384e-17
2.7353983307024145e-17
2.7457827324567223e-17
2.7613593350881828e-17
2.776935937719643e-17
2.7873203394739486e-17
2.802896942105409e-17
2.8288579464911774e-17
2.839242348245485e-17
2.8600111517540984e-17
2.891164357017022e-17
2.911933160525635e-17
2.922317562279943e-17
2.932701964034248e-17
2.9586629684200164e-17
2.969047370174324e-17
2.9898161736829374e-17
3.000200575437245e-17
3.0105849771915505e-17
3.0209693789458584e-17
3.031353780700166e-17
3.0469303833316267e-17
3.067699186840242e-17
3.0780835885945476e-17
3.0884679903488554e-17
3.104044592980316e-17
3.1196211956117764e-17
3.1403899991203896e-17
3.1507744008746974e-17
3.1715432043833105e-17
3.187119807014771e-17
3.202696409646234e-17
3.2182730122776944e-17
3.233849614909155e-17
3.244234016663463e-17
3.265002820172076e-17
3.275387221926384e-17
3.290963824557844e-17
3.3013482263121495e-17
3.3117326280664573e-17
3.3325014315750705e-17
3.348078034206531e-17
3.3688468377151466e-17
3.394807842100915e-17
3.4103844447323754e-17
3.4311532482409885e-17
3.446729850872449e-17
3.4674986543810647e-17
3.47788305613537e-17
3.488267457889678e-17
3.4986518596439856e-17
3.509036261398291e-17
3.5298050649069066e-17
3.5401894666612144e-17
3.555766069292675e-17
3.5661504710469827e-17
3.586919274555596e-17
3.612880278941364e-17
3.6232646806956695e-17
3.63884128332713e-17
3.6544178859585905e-17
3.669994488590051e-17
3.6855710912215114e-17
3.695955492975822e-17
3.711532095607282e-17
3.7219164973615875e-17
3.747877501747356e-17
3.7582619035016636e-17
3.768646305255969e-17
3.779030707010277e-17
3.7894151087645846e-17
3.79979951051889e-17
3.8153761131503504e-17
3.825760514904658e-17
3.836144916658966e-17
3.8517215192904265e-17
3.867298121921887e-17
3.8880669254305026e-17
3.898451327184808e-17
3.9140279298162685e-17
3.929604532447729e-17
3.939988934202037e-17
3.9503733359563446e-17
3.971142139464958e-17
3.9815265412192655e-17
3.997103143850726e-17
4.0074875456050314e-17
4.028256349113647e-17
4.038640750867955e-17
4.064601755253723e-17
4.0749861570080285e-17
4.085370558762336e-17
4.100947161393797e-17
4.116523764025257e-17
4.126908165779565e-17
4.1372925675338704e-17
4.158061371042486e-17
4.1736379736739465e-17
4.184022375428254e-17
4.199598978059715e-17
4.2099833798140226e-17
4.220367781568328e-17
4.230752183322636e-17
4.246328785954096e-17
4.2722897903398645e-17
4.28267419209417e-17
4.293058593848478e-17
4.313827397357091e-17
4.3242117991113987e-17
4.3345962008657065e-17
4.344980602620012e-17
4.3657494061286274e-17
4.386518209637243e-17
4.4020948122687035e-17
4.422863615777317e-17
4.4332480175316245e-17
4.448824620163085e-17
4.469593423671698e-17
4.479977825426006e-17
4.4903622271803113e-17
4.505938829811772e-17
4.521515432443235e-17
4.537092035074695e-17
4.547476436829003e-17
4.568245240337616e-17
4.5838218429690767e-17
4.599398445600537e-17
4.609782847354845e-17
4.6201672491091503e-17
4.651320454372071e-17
4.666897057003532e-17
4.677281458757842e-17
4.6928580613893025e-17
4.7188190657750684e-17
4.7447800701608367e-17
4.760356672792297e-17
4.770741074546605e-17
4.78112547630091e-17
4.791509878055218e-17
4.8070864806866786e-17
4.822663083318139e-17
4.833047485072447e-17
4.843431886826755e-17
4.8538162885810625e-17
4.869392891212523e-17
4.8849694938439835e-17
4.895353895598289e-17
4.910930498229749e-17
4.931699301738365e-17
4.94208370349267e-17
4.962852507001286e-17
4.973236908755591e-17
4.994005712264207e-17
5.0095823148956673e-17
5.025158917527128e-17
5.0459277210357435e-17
5.056312122790049e-17
5.0666965245443566e-17
5.0770809262986644e-17
5.08746532805297e-17
5.10304193068443e-17
5.118618533315891e-17
5.134195135947351e-17
