3.810720770531106e-19
5.303311193554343e-19
6.795901616577579e-19
8.288492039600815e-19
1.0278612603631838e-18
1.1273672885647288e-18
1.2268733167662861e-18
1.3263793449678311e-18
1.4756383872701548e-18
1.674650443673257e-18
1.774156471874802e-18
1.873662500076347e-18
1.9731685282779044e-18
2.122427570580228e-18
2.2219335987817853e-18
2.5204516833864326e-18
2.7692167538903012e-18
2.9682288102934035e-18
3.117487852595727e-18
3.2169938807972845e-18
3.366252923099608e-18
3.515511965401932e-18
3.615017993603477e-18
3.714524021805022e-18
3.963289092308903e-18
4.062795120510448e-18
4.162301148711993e-18
4.361313205115095e-18
4.610078275618976e-18
4.7593373179212996e-18
4.908596360223623e-18
5.057855402525947e-18
5.2071144448282705e-18
5.356373487130594e-18
5.505632529432918e-18
5.605138557634463e-18
5.754397599936799e-18
5.853903628138344e-18
6.102668698642225e-18
6.251927740944548e-18
6.351433769146093e-18
6.500692811448417e-18
6.600198839649962e-18
6.699704867851519e-18
6.799210896053064e-18
7.097728980657724e-18
7.296741037060814e-18
7.446000079363137e-18
7.744518163967785e-18
7.893777206270108e-18
7.993283234471666e-18
8.14254227677399e-18
8.242048304975547e-18
8.441060361378637e-18
8.540566389580194e-18
8.640072417781739e-18
8.739578445983284e-18
8.839084474184841e-18
8.938590502386386e-18
9.08784954468871e-18
9.286861601091812e-18
9.485873657494914e-18
9.635132699797238e-18
9.83414475620034e-18
9.983403798502664e-18
1.0281921883107311e-17
1.0381427911308856e-17
1.053068695361118e-17
1.0679945995913516e-17
1.0878958052316606e-17
1.102821709461893e-17
1.1127723122820487e-17
1.1376488193324356e-17
1.14759942215259e-17
1.1575500249727458e-17
1.1675006277929003e-17
1.1824265320231326e-17
1.1973524362533662e-17
1.2321795461239076e-17
1.2570560531742957e-17
1.2670066559944502e-17
1.291883163044837e-17
1.3018337658649928e-17
1.3316855743254575e-17
1.3515867799657678e-17
1.3665126841960001e-17
1.3814385884262325e-17
1.3963644926564648e-17
1.4063150954766193e-17
1.4212409997068517e-17
1.4311916025270074e-17
1.4461175067572398e-17
1.4560681095773955e-17
1.4759693152177045e-17
1.4859199180378603e-17
1.5058211236781693e-17
1.5257223293184795e-17
1.535672932138634e-17
1.5456235349587897e-17
1.560549439189022e-17
1.5705000420091778e-17
1.5804506448293323e-17
1.6003518504696425e-17
1.610302453289797e-17
1.6202530561099515e-17
1.6451295631603396e-17
1.655080165980494e-17
1.6700060702107265e-17
1.679956673030881e-17
1.709808481491347e-17
1.7297096871316572e-17
1.7446355913618896e-17
1.759561495592122e-17
1.7695120984122764e-17
1.7844380026425088e-17
1.809314509692897e-17
1.829215715333207e-17
1.8391663181533616e-17
1.8640428252037485e-17
1.8739934280239042e-17
1.8938946336642132e-17
1.9137958393045234e-17
1.9336970449448337e-17
1.953598250585144e-17
1.9635488534052984e-17
1.9784747576355308e-17
1.993400661865763e-17
2.003351264685919e-17
2.0182771689161512e-17
2.0282277717363057e-17
2.0580795801967704e-17
2.0680301830169262e-17
2.0879313886572364e-17
2.097881991477391e-17
2.1078325942975454e-17
2.1227584985277778e-17
2.1327091013479335e-17
2.167536211218475e-17
2.1824621154487085e-17
2.1973880196789408e-17
2.2222645267293277e-17
2.2322151295494834e-17
2.262066938009948e-17
2.2769928422401805e-17
2.291918746470413e-17
2.311819952110723e-17
2.3267458563409555e-17
2.33669645916111e-17
2.3516223633913423e-17
2.3665482676215747e-17
2.3764988704417304e-17
2.3914247746719628e-17
2.4113259803122718e-17
2.43620248736266e-17
2.4461530901828156e-17
2.4660542958231246e-17
2.480980200053357e-17
2.4909308028735127e-17
2.505856707103745e-17
2.5207826113339774e-17
2.5357085155642098e-17
2.5506344197944422e-17
2.560585022614598e-17
2.5755109268448303e-17
2.5904368310750626e-17
2.605362735305295e-17
2.6153133381254495e-17
2.630239242355682e-17
2.6401898451758363e-17
2.650140447995992e-17
2.670041653636301e-17
2.6899428592766125e-17
2.704868763506845e-17
2.7148193663269994e-17
2.7297452705572318e-17
2.744671174787464e-17
2.7546217776076186e-17
2.769547681837851e-17
2.7844735860680834e-17
2.794424188888239e-17
2.8143253945285493e-17
2.8292512987587817e-17
2.844177202989014e-17
2.8591031072192464e-17
2.8790043128595566e-17
2.893930217089789e-17
2.913831422730098e-17
2.923782025550254e-17
2.943683231190564e-17
2.9536338340107185e-17
2.968559738240951e-17
2.9785103410611066e-17
2.993436245291339e-17
3.0033868481114934e-17
3.018312752341726e-17
3.02826335516188e-17
3.0531398622122684e-17
3.068065766442501e-17
3.092942273492889e-17
3.1028928763130433e-17
3.112843479133198e-17
3.1227940819533536e-17
3.1426952875936626e-17
3.157621191823895e-17
3.182497698874283e-17
3.1974236031045154e-17
3.207374205924671e-17
3.2173248087448256e-17
3.232250712975058e-17
3.252151918615368e-17
3.262102521435523e-17
3.277028425665755e-17
3.2919543298959874e-17
3.306880234126221e-17
3.3168308369463755e-17
3.32678143976653e-17
3.34668264540684e-17
3.356633248226995e-17
3.3665838510471505e-17
3.3914603580975374e-17
3.401410960917692e-17
3.4113615637378476e-17
3.421312166558002e-17
3.431262769378158e-17
3.44618867360839e-17
3.4561392764285447e-17
3.471065180658777e-17
3.490966386299087e-17
3.5108675919393975e-17
3.5307687975797065e-17
3.540719400399862e-17
3.5556453046300946e-17
3.580521811680483e-17
3.600423017320792e-17
3.62529952437118e-17
3.640225428601412e-17
3.6501760314215667e-17
3.660126634241721e-17
3.670077237061877e-17
3.689978442702187e-17
3.719830251162652e-17
3.734756155392884e-17
3.7546573610331944e-17
3.764607963853349e-17
3.779533868083581e-17
3.7944597723138137e-17
3.809385676544047e-17
3.8243115807742796e-17
3.8541633892347444e-17
3.869089293464977e-17
3.879039896285131e-17
3.8939658005153636e-17
3.908891704745596e-17
3.9188423075657504e-17
3.928792910385906e-17
3.958644718846371e-17
3.973570623076603e-17
3.983521225896759e-17
3.9934718287169135e-17
4.013373034357224e-17
4.023323637177378e-17
4.0382495414076106e-17
4.058150747047921e-17
4.0681013498680766e-17
4.083027254098309e-17
4.097953158328541e-17
4.1128790625587736e-17
4.127804966789006e-17
4.1427308710192384e-17
4.157656775249471e-17
4.167607378069625e-17
4.1875085837099355e-17
4.197459186530091e-17
4.2173603921704e-17
4.2372615978107104e-17
4.2571628034510207e-17
4.267113406271175e-17
4.291989913321562e-17
4.3118911189618735e-17
4.3317923246021825e-17
4.351693530242494e-17
4.366619434472724e-17
4.376570037292882e-17
4.391495941523112e-17
4.406421845753347e-17
4.4163724485735e-17
4.4312983528037324e-17
4.446224257033965e-17
4.461150161264197e-17
4.4760760654944295e-17
4.486026668314585e-17
4.495977271134741e-17
4.51587847677505e-17
4.5308043810052823e-17
4.5407549838254356e-17
4.550705586645594e-17
4.560656189465747e-17
4.5755820936959794e-17
4.600458600746365e-17
4.6153845049766e-17
4.6352857106169113e-17
4.6452363134370646e-17
4.6701128204874527e-17
4.6850387247176826e-17
4.704939930357994e-17
4.7148905331781473e-17
4.7397670402285354e-17
4.7497176430486936e-17
4.759668245868847e-17
4.769618848689e-17
4.7795694515091583e-17
4.7895200543293116e-17
4.804445958559544e-17
4.8143965613797e-17
4.824347164199853e-17
4.834297767020009e-17
4.8442483698401644e-17
4.854198972660318e-17
4.874100178300629e-17
4.8840507811207824e-17
4.898976685351017e-17
4.913902589581247e-17
4.943754398041712e-17
4.958680302271947e-17
4.9736062065021766e-17
4.993507412142488e-17
5.0134086177827995e-17
5.0283345220130294e-17
5.0382851248331876e-17
5.048235727653341e-17
5.058186330473494e-17
5.0780875361138056e-17
5.088038138933959e-17
5.097988741754117e-17
5.1079393445742704e-17
5.127840550214582e-17
