5.347177713725955e-19
6.912365758804039e-19
7.955824455522679e-19
9.521012500600639e-19
1.0564471197319279e-18
1.2129659242397239e-18
1.3694847287475199e-18
1.4738305984193962e-18
1.6825223377631365e-18
1.8912140771068645e-18
2.0477328816146605e-18
2.2042516861224565e-18
2.360770490630265e-18
2.5172892951380732e-18
2.6738080996458692e-18
2.8303269041536652e-18
2.9868457086614612e-18
3.0911915783333252e-18
3.2477103828411335e-18
3.35205625251301e-18
3.456402122184874e-18
3.560747991856738e-18
3.925958535708262e-18
4.082477340216058e-18
4.1868232098879465e-18
4.3433420143957425e-18
4.4998608189035385e-18
4.7085525582472665e-18
4.8650713627550625e-18
5.021590167262871e-18
5.178108971770679e-18
5.282454841442543e-18
5.438973645950339e-18
5.699838320129999e-18
5.804184189801863e-18
5.908530059473727e-18
6.012875929145591e-18
6.273740603325251e-18
6.5867782123408925e-18
6.6911240820127565e-18
6.8476428865205525e-18
6.951988756192417e-18
7.160680495536145e-18
7.265026365208009e-18
7.5780639742236e-18
7.682409843895465e-18
7.786755713567329e-18
8.256312127090766e-18
8.412830931598562e-18
8.517176801270426e-18
8.62152267094229e-18
8.778041475450086e-18
8.986733214793814e-18
9.299770823809406e-18
9.40411669348127e-18
9.508462563153134e-18
9.66498136766093e-18
9.769327237332794e-18
9.925846041840615e-18
1.0030191911512503e-17
1.0134537781184367e-17
1.0238883650856231e-17
1.0499748325035891e-17
1.0656267129543687e-17
1.0864958868887415e-17
1.1177996477903007e-17
1.1282342347574871e-17
1.1386688217246735e-17
1.1491034086918599e-17
1.1647552891426395e-17
1.180407169593424e-17
1.1908417565606105e-17
1.20649363701139e-17
1.2169282239785765e-17
1.2273628109457629e-17
1.2430146913965425e-17
1.258666571847322e-17
1.2743184522981017e-17
1.2951876262324745e-17
1.310839506683254e-17
1.3264913871340337e-17
1.3421432675848133e-17
1.3734470284863774e-17
1.389098908937157e-17
1.3995334959043434e-17
1.415185376355123e-17
1.4256199633223094e-17
1.4464891372566822e-17
1.4569237242238686e-17
1.467358311191055e-17
1.4777928981582414e-17
1.5143139525433938e-17
1.529965832994176e-17
1.545617713444958e-17
1.5664868873793307e-17
1.576921474346517e-17
1.5873560613137035e-17
1.603007941764483e-17
1.6134425287316695e-17
1.629094409182449e-17
1.655180876600415e-17
1.6864846375019743e-17
1.702136517952754e-17
1.7177883984035384e-17
1.7386575723379112e-17
1.7490921593050976e-17
1.7751786267230636e-17
1.7908305071738432e-17
1.811699681108216e-17
1.832568855042589e-17
1.8482207354933685e-17
1.863872615944148e-17
1.8743072029113345e-17
1.8899590833621165e-17
1.9108282572964918e-17
1.9316974312308646e-17
1.9473493116816442e-17
1.968218485616017e-17
1.9838703660667966e-17
1.994304953033983e-17
2.0151741269683558e-17
2.0308260074191354e-17
2.0412605943863218e-17
2.0516951813535082e-17
2.0621297683206946e-17
2.072564355287886e-17
2.0829989422550723e-17
2.0934335292222587e-17
2.1195199966402247e-17
2.129954583607411e-17
2.150823757541784e-17
2.1612583445089703e-17
2.17691022495975e-17
2.1925621054105295e-17
2.208213985861309e-17
2.229083159795682e-17
2.244735040246464e-17
2.260386920697246e-17
2.2969079750823984e-17
2.3177771490167712e-17
2.338646322951144e-17
2.36473279036911e-17
2.3803846708198896e-17
2.4012538447542624e-17
2.411688431721449e-17
2.4221230186886353e-17
2.442992192623013e-17
2.4638613665573858e-17
2.4742959535245722e-17
2.5003824209425382e-17
2.5160343013933178e-17
2.5264688883605042e-17
2.5369034753276906e-17
2.547338062294877e-17
2.5629899427456566e-17
2.573424529712843e-17
2.5890764101636226e-17
2.6047282906144046e-17
2.630814758032373e-17
2.6464666384831527e-17
2.656901225450339e-17
2.6882049863518983e-17
2.7142914537698643e-17
2.7247260407370507e-17
2.735160627704237e-17
2.7455952146714235e-17
2.75602980163861e-17
2.776898975572983e-17
2.792550856023767e-17
2.8029854429909536e-17
2.81342002995814e-17
2.839506497376106e-17
2.8499410843432924e-17
2.860375671310479e-17
2.8760275517612584e-17
2.891679432212038e-17
2.9021140191792244e-17
2.912548606146411e-17
2.9334177800807836e-17
2.949069660531563e-17
2.959504247498752e-17
2.969938834465941e-17
2.9855907149167206e-17
3.0012425953675e-17
3.022111769301873e-17
3.0377636497526526e-17
3.053415530203432e-17
3.0638501171706186e-17
3.0899365845885846e-17
3.105588465039364e-17
3.121240345490144e-17
3.13167493245733e-17
3.147326812908115e-17
3.1681959868424875e-17
3.1942824542604535e-17
3.2151516281948263e-17
3.225586215162013e-17
3.236020802129199e-17
3.2464553890963855e-17
3.262107269547165e-17
3.277759149997945e-17
3.2986283239323175e-17
3.319497497866693e-17
3.3299320848338816e-17
3.345583965284661e-17
3.3560185522518476e-17
3.366453139219034e-17
3.3768877261862204e-17
3.387322313153407e-17
3.4029741936041864e-17
3.413408780571373e-17
3.4290606610221524e-17
3.444712541472932e-17
3.4551471284401184e-17
3.476016302374491e-17
3.4864508893416776e-17
3.5125373567596486e-17
3.5334065306940214e-17
3.554275704628394e-17
3.5647102915955806e-17
3.575144878562767e-17
3.5907967590135466e-17
3.601231345980733e-17
3.6116659329479194e-17
3.632535106882292e-17
3.6429696938494786e-17
3.658621574300258e-17
3.6794907482346334e-17
3.6899253352018223e-17
3.700359922169009e-17
3.710794509136195e-17
3.726446389586975e-17
3.7473155635213475e-17
3.7681847374557203e-17
3.7838366179065e-17
3.7994884983572795e-17
3.809923085324466e-17
3.8255749657752455e-17
3.8516614331932115e-17
3.862096020160403e-17
3.893399781061962e-17
3.9090516615127416e-17
3.9299208354471144e-17
3.945572715897894e-17
3.9560073028650804e-17
3.9873110637666396e-17
4.002962944217419e-17
4.018614824668199e-17
4.04470129208617e-17
4.055135879053356e-17
4.076005052987729e-17
4.0864396399549154e-17
4.096874226922102e-17
4.107308813889288e-17
4.1177434008564746e-17
4.133395281307254e-17
4.149047161758034e-17
4.15948174872522e-17
4.1699163356924066e-17
4.180350922659593e-17
4.201220096593966e-17
4.2116546835611546e-17
4.23252385749553e-17
4.2429584444627163e-17
4.2742622053642755e-17
4.2951313792986483e-17
4.331652433683801e-17
4.357738901101767e-17
4.368173488068953e-17
4.3942599554869216e-17
4.4046945424541104e-17
4.42034642290489e-17
4.4359983033556696e-17
4.451650183806449e-17
4.472519357740822e-17
4.4829539447080084e-17
4.498605825158788e-17
4.545561466511127e-17
4.555996053478313e-17
4.576865227412691e-17
4.5872998143798774e-17
4.597734401347064e-17
4.6186035752814366e-17
4.6446900426994026e-17
4.6655592166337754e-17
4.681211097084555e-17
4.6916456840517414e-17
4.712514857986114e-17
4.73860132540408e-17
4.754253205854865e-17
4.764687792822051e-17
4.7959915537236103e-17
4.81164343417439e-17
4.837729901592356e-17
4.858599075526729e-17
4.869033662493915e-17
4.8794682494611015e-17
4.895120129911881e-17
4.915989303846254e-17
4.931641184297036e-17
4.947293064747818e-17
4.9629449451985976e-17
4.978596825649377e-17
4.994248706100157e-17
5.0151178800345296e-17
5.025552467001716e-17
5.0412043474524956e-17
5.051638934419682e-17
5.0620735213868684e-17
5.072508108354055e-17
5.0881599888048344e-17
5.098594575772021e-17
5.1142464562228054e-17
5.135115630157178e-17
