4.69258756729559e-19
7.301773650585078e-19
9.389122517216668e-19
1.1476471383848505e-18
1.3041983033822198e-18
1.4607494683795891e-18
1.5651169117111686e-18
1.6694843550427481e-18
1.8260355200401174e-18
1.9825866850375114e-18
2.24350529336646e-18
2.3478727366980397e-18
2.4522401800296192e-18
2.608791345027001e-18
2.8175262316901722e-18
2.9218936750217517e-18
3.0262611183533312e-18
3.2349960050164903e-18
3.33936344834807e-18
3.652465778342833e-18
3.809016943340202e-18
3.9655681083375716e-18
4.069935551669151e-18
4.226486716666545e-18
4.3308541599981246e-18
4.435221603329704e-18
4.643956489992863e-18
4.748323933324443e-18
4.957058819987626e-18
5.113609984984996e-18
5.322344871648155e-18
5.531079758311314e-18
5.6354472016429056e-18
5.791998366640287e-18
5.896365809971867e-18
6.1572844183008155e-18
6.261651861632395e-18
6.470386748295579e-18
6.574754191627158e-18
6.887856521621897e-18
7.14877512995087e-18
7.409693738279819e-18
7.82716351160615e-18
7.931530954937729e-18
8.140265841600888e-18
8.244633284932468e-18
8.401184449929862e-18
8.557735614927231e-18
8.7142867799246e-18
8.81865422325618e-18
8.923021666587759e-18
9.340491439914102e-18
9.549226326577261e-18
9.70577749157463e-18
9.862328656572024e-18
1.0018879821569393e-17
1.0123247264900973e-17
1.0384165873229922e-17
1.0540717038227316e-17
1.0697268203224685e-17
1.1062554254885213e-17
1.1427840306545766e-17
1.1532207749877346e-17
1.1636575193208925e-17
1.1740942636540505e-17
1.1897493801537874e-17
1.2054044966535268e-17
1.2262779853198427e-17
1.2367147296530007e-17
1.2523698461527376e-17
1.2680249626524745e-17
1.278461706985635e-17
1.2941168234853719e-17
1.3097719399851088e-17
1.3254270564848457e-17
1.3410821729845827e-17
1.356737289484322e-17
1.36717403381748e-17
1.377610778150638e-17
1.393265894650375e-17
1.4245761276498512e-17
1.4350128719830092e-17
1.450667988482746e-17
1.466323104982483e-17
1.487196593648799e-17
1.497633337981957e-17
1.5289435709814332e-17
1.539380315314591e-17
1.560253803980907e-17
1.575908920480644e-17
1.5915640369803834e-17
1.6020007813135413e-17
1.6228742699798572e-17
1.6333110143130152e-17
1.6541845029793335e-17
1.6698396194790705e-17
1.6907131081453864e-17
1.7011498524785443e-17
1.7168049689782813e-17
1.7376784576445996e-17
1.7481152019777576e-17
1.7689886906440735e-17
1.7794254349772314e-17
1.7950805514769684e-17
1.8107356679767078e-17
1.8211724123098657e-17
1.8316091566430237e-17
1.8472642731427606e-17
1.883792878308816e-17
1.8994479948085528e-17
1.9151031113082898e-17
1.9307582278080267e-17
1.951631716474345e-17
1.967286832974082e-17
1.982941949473819e-17
1.993378693806977e-17
2.0090338103067138e-17
2.0246889268064507e-17
2.04034404330619e-17
2.050780787639348e-17
2.061217531972506e-17
2.076872648472243e-17
2.09252776497198e-17
2.1029645093051403e-17
2.15514823097093e-17
2.165584975304088e-17
2.1864584639704064e-17
2.2073319526367223e-17
2.2229870691364592e-17
2.2334238134696172e-17
2.243860557802775e-17
2.2595156743025145e-17
2.2699524186356725e-17
2.2803891629688304e-17
2.2908259073019884e-17
2.3064810238017253e-17
2.3221361403014647e-17
2.3377912568012016e-17
2.3586647454675175e-17
2.3795382341338334e-17
2.3899749784669914e-17
2.4004117228001518e-17
2.4160668392998887e-17
2.4317219557996256e-17
2.4421587001327836e-17
2.4578138166325205e-17
2.4734689331322575e-17
2.4995607939651548e-17
2.5099975382983128e-17
2.5204342826314707e-17
2.5360893991312076e-17
2.5465261434643656e-17
2.583054748630421e-17
2.5934914929635788e-17
2.6091466094633158e-17
2.630020098129634e-17
2.640456842462792e-17
2.65089358679595e-17
2.666548703295687e-17
2.687422191962003e-17
2.6978589362951608e-17
2.7082956806283212e-17
2.7187324249614792e-17
2.734387541461216e-17
2.750042657960953e-17
2.770916146627269e-17
2.7865712631270083e-17
2.797008007460166e-17
2.823099868293061e-17
2.838754984792798e-17
2.8491917291259585e-17
2.8648468456256955e-17
2.8857203342920114e-17
2.911812195124906e-17
2.922248939458064e-17
2.9379040559578036e-17
2.9483408002909615e-17
2.9587775446241195e-17
2.9744326611238564e-17
3.000524521956751e-17
3.010961266289912e-17
3.0266163827896486e-17
3.0370531271228066e-17
3.0527082436225435e-17
3.0683633601222805e-17
3.089236848788599e-17
3.110110337454915e-17
3.1257654539546517e-17
3.1414205704543886e-17
3.151857314787549e-17
3.167512431287286e-17
3.177949175620444e-17
3.188385919953602e-17
3.19882266428676e-17
3.219696152953076e-17
3.230132897286236e-17
3.245788013785973e-17
3.26144313028571e-17
3.282316618952026e-17
3.297971735451765e-17
3.308408479784923e-17
3.329281968451239e-17
3.344937084950976e-17
3.355373829284134e-17
3.371028945783871e-17
3.391902434450189e-17
3.402339178783347e-17
3.412775923116505e-17
3.423212667449663e-17
3.444086156115979e-17
3.4545229004491395e-17
3.4806147612820344e-17
3.50148824994835e-17
3.511924994281508e-17
3.5223617386146686e-17
3.5380168551144056e-17
3.5484535994475635e-17
3.5641087159473004e-17
3.5797638324470374e-17
3.600637321113356e-17
3.6215108097796716e-17
3.6371659262794086e-17
3.6528210427791455e-17
3.684131275778622e-17
3.69456802011178e-17
3.705004764444938e-17
3.7154415087780957e-17
3.7310966252778326e-17
3.7415333696109906e-17
3.751970113944151e-17
3.762406858277309e-17
3.772843602610467e-17
3.788498719110204e-17
3.798935463443362e-17
3.8198089521096777e-17
3.835464068609417e-17
3.856337557275733e-17
3.877211045942049e-17
3.887647790275207e-17
3.908521278941525e-17
3.918958023274683e-17
3.929394767607841e-17
3.939831511940999e-17
3.955486628440736e-17
3.965923372773894e-17
3.9815784892736333e-17
3.992015233606791e-17
4.002451977939949e-17
4.018107094439686e-17
4.033762210939423e-17
4.0494173274391625e-17
4.0598540717723204e-17
4.0807275604386363e-17
4.091164304771794e-17
4.101601049104952e-17
4.117256165604689e-17
4.1329112821044286e-17
4.1590031429373234e-17
4.1798766316036393e-17
4.190313375936797e-17
4.200750120269955e-17
4.2164052367696946e-17
4.2268419811028526e-17
4.2372787254360106e-17
4.2529338419357475e-17
4.273807330602066e-17
4.284244074935224e-17
4.299899191434961e-17
4.3103359357681187e-17
4.3364277966010136e-17
4.3468645409341715e-17
4.362519657433911e-17
4.378174773933648e-17
4.404266634766543e-17
4.4199217512662796e-17
4.435576867766019e-17
4.461668728598914e-17
4.472105472932072e-17
4.498197333764969e-17
4.508634078098127e-17
4.519070822431285e-17
4.529507566764443e-17
4.54516268326418e-17
4.555599427597338e-17
4.571254544097075e-17
4.581691288430235e-17
4.592128032763393e-17
4.602564777096551e-17
4.628656637929446e-17
4.639093382262604e-17
4.649530126595762e-17
4.6651852430955014e-17
4.6756219874286593e-17
4.691277103928396e-17
4.706932220428133e-17
4.7278057090944516e-17
4.7382424534276095e-17
4.7486791977607675e-17
4.7747710585936623e-17
4.790426175093399e-17
4.8165180359262966e-17
4.8269547802594546e-17
4.8373915245926125e-17
4.8530466410923495e-17
4.8634833854255074e-17
4.8739201297586654e-17
4.884356874091826e-17
4.894793618424984e-17
4.9052303627581417e-17
4.9261038514244576e-17
4.9417589679241945e-17
4.97828757309025e-17
4.993942689589987e-17
5.004379433923145e-17
5.0200345504228816e-17
5.035689666922621e-17
5.066999899922095e-17
5.077436644255253e-17
5.087873388588411e-17
5.108746877254729e-17
5.124401993754466e-17
5.134838738087624e-17
