3.6264550288186607e-19
3.717068164115791e-19
3.8529878670615477e-19
3.9889075700073045e-19
4.1248272729530613e-19
4.3060535435474448e-19
4.396666678844575e-19
4.577892949438958e-19
4.668506084736088e-19
4.804425787681969e-19
5.030958625924855e-19
5.257491464167742e-19
5.348104599464996e-19
5.484024302410753e-19
5.574637437707883e-19
5.710557140653763e-19
5.846476843599396e-19
5.93708997889665e-19
6.027703114193903e-19
6.11831624949091e-19
6.208929384788163e-19
6.43546222303105e-19
6.526075358328304e-19
6.797914764219817e-19
6.8885278995170705e-19
6.979141034814201e-19
7.069754170111331e-19
7.205673873057211e-19
7.296287008354218e-19
7.386900143651471e-19
7.568126414245855e-19
7.749352684840238e-19
7.839965820137368e-19
8.157111793677508e-19
8.383644631920519e-19
8.519564334866152e-19
8.6101774701634055e-19
8.88201687605492e-19
9.0179365790008e-19
9.153856281946433e-19
9.244469417243686e-19
9.335082552540816e-19
9.471002255486573e-19
9.606921958432453e-19
9.742841661378087e-19
9.878761364323967e-19
1.00146810672696e-18
1.015060077021548e-18
1.0377133608458367e-18
1.0558359879052627e-18
1.064897301434988e-18
1.078489271729576e-18
1.0875505852592768e-18
1.1011425555538648e-18
1.1102038690835901e-18
1.1192651826132908e-18
1.1373878096727415e-18
1.1509797799673048e-18
1.1600410934970302e-18
1.1691024070267555e-18
1.1781637205564562e-18
1.1917556908510442e-18
1.2098783179104702e-18
1.2234702882050582e-18
1.2325316017347712e-18
1.246123572029347e-18
1.2687768558536356e-18
1.2823688261482236e-18
1.295960796442787e-18
1.3050221099725123e-18
1.318614080267088e-18
1.327675393796801e-18
1.3367367073265263e-18
1.350328677621102e-18
1.3639206479156777e-18
1.3775126182102657e-18
1.391104588504829e-18
1.404696558799417e-18
1.4137578723291177e-18
1.422819185858843e-18
1.436411156153431e-18
1.4500031264479944e-18
1.4635950967425825e-18
1.4771870670371458e-18
1.4862483805668711e-18
1.5089016643911598e-18
1.5360856049803112e-18
1.5451469185100365e-18
1.5542082320397619e-18
1.5678002023343252e-18
1.5768615158640506e-18
1.5859228293937759e-18
1.5995147996883393e-18
1.6266987402774906e-18
1.635760053807216e-18
1.6493520241017916e-18
1.66747465116123e-18
1.6810666214557933e-18
1.6946585917503813e-18
1.7037199052801067e-18
1.71731187557467e-18
1.730903845869258e-18
1.749026472928684e-18
1.7762104135178354e-18
1.7943330405772738e-18
1.8079250108718495e-18
1.8260476379312878e-18
1.8396396082258635e-18
1.857762235285302e-18
1.87588486234474e-18
1.884946175874453e-18
1.9030688029338915e-18
1.9166607732284672e-18
1.9257220867581802e-18
1.9393140570527682e-18
1.948375370582469e-18
1.961967340877057e-18
1.9755593111716326e-18
1.9846206247013456e-18
1.9982125949959336e-18
2.011804565290497e-18
2.0389885058796483e-18
2.0480498194093737e-18
2.057111132939099e-18
2.075233759998525e-18
2.088825730293113e-18
2.0978870438228137e-18
2.1114790141174017e-18
2.120540327647127e-18
2.138662954706553e-18
2.1522549250011288e-18
2.1749082088254298e-18
2.183969522355143e-18
2.206622806179444e-18
2.2156841197091445e-18
2.22474543323887e-18
2.238337403533458e-18
2.2473987170631585e-18
2.2655213441226092e-18
2.2836439711820352e-18
2.2972359414766232e-18
2.3153585685360493e-18
2.338011852360338e-18
2.3470731658900633e-18
2.3651957929494893e-18
2.392379733538653e-18
2.4059717038332287e-18
2.4286249876575174e-18
2.4512782714818184e-18
2.464870241776394e-18
2.4875235256006828e-18
2.496584839130408e-18
2.5101768094249838e-18
2.5237687797195595e-18
2.541891406778998e-18
2.550952720308711e-18
2.564544690603299e-18
2.5736060041329995e-18
2.582667317662725e-18
2.596259287957313e-18
2.6234432285464642e-18
2.6415658556058902e-18
2.6596884826653286e-18
2.6687497961950416e-18
2.6823417664896296e-18
2.7049950503139183e-18
2.7140563638436436e-18
2.7321789909030697e-18
2.7503016179624957e-18
2.772954901786809e-18
2.7820162153165097e-18
2.7956081856110977e-18
2.822792126200249e-18
2.840914753259675e-18
2.854506723554263e-18
2.8680986938488388e-18
2.89075197767314e-18
2.908874604732566e-18
2.917935918262291e-18
2.936058545321717e-18
2.9496505156163052e-18
2.972303799440594e-18
2.99042642650002e-18
2.9994877400297452e-18
3.0085490535594706e-18
3.022141023854034e-18
3.0312023373837593e-18
3.044794307678335e-18
3.053855621208048e-18
3.067447591502636e-18
3.0810395617971993e-18
3.0901008753269247e-18
3.1082235023863507e-18
3.117284815916076e-18
3.1263461294458014e-18
3.1444687565052274e-18
3.1535300700349527e-18
3.180714010624104e-18
3.2033672944483928e-18
3.2169592647429808e-18
3.2260205782726815e-18
3.235081891802407e-18
3.244143205332132e-18
3.262265832391558e-18
3.2713271459212835e-18
3.280388459451009e-18
3.316633713569861e-18
3.3256950270995862e-18
3.3347563406293116e-18
3.348348310923875e-18
3.3574096244536003e-18
3.371001594748176e-18
3.3891242218076143e-18
3.3981855353373396e-18
3.4072468488670403e-18
3.4163081623967656e-18
3.4299001326913413e-18
3.443492102985917e-18
3.4525534165156423e-18
3.4616147300453554e-18
3.470676043575068e-18
3.484268013869656e-18
3.493329327399357e-18
3.520513267988521e-18
3.5341052382830964e-18
3.543166551812822e-18
3.552227865342535e-18
3.570350492401973e-18
3.5839424626965365e-18
3.593003776226262e-18
3.602065089755987e-18
3.6111264032857e-18
3.620187716815413e-18
3.633779687110001e-18
3.642841000639702e-18
3.65643297093429e-18
3.665494284464015e-18
3.697208881818017e-18
3.7108008521125926e-18
3.733454135936881e-18
3.742515449466607e-18
3.778760703585483e-18
3.792352673880047e-18
3.801413987409772e-18
3.810475300939497e-18
3.824067271234061e-18
3.833128584763786e-18
3.851251211823212e-18
3.8603125253529374e-18
3.8739044956475254e-18
3.887496465942089e-18
3.896557779471814e-18
3.905619093001527e-18
3.919211063296103e-18
3.932803033590691e-18
3.946395003885254e-18
3.969048287709543e-18
3.978109601239268e-18
3.9871709147689935e-18
4.000762885063557e-18
4.0279468256527206e-18
4.0370081391824336e-18
4.0506001094770216e-18
4.059661423006722e-18
4.0687227365364476e-18
4.086845363595886e-18
4.100437333890462e-18
4.12309061771475e-18
4.136682588009338e-18
4.145743901539051e-18
4.16386652859849e-18
4.172927842128203e-18
4.181989155657916e-18
4.200111782717366e-18
4.209173096247067e-18
4.227295723306518e-18
4.240887693601081e-18
4.259010320660532e-18
4.272602290955095e-18
4.2816636044848205e-18
4.290724918014546e-18
4.2997862315442465e-18
4.3133782018388345e-18
4.3315008288982605e-18
4.340562142427986e-18
4.358684769487412e-18
4.372276739782e-18
4.385868710076563e-18
4.399460680371151e-18
4.413052650665727e-18
4.4266446209603026e-18
4.444767248019729e-18
4.458359218314317e-18
4.471951188608892e-18
4.485543158903468e-18
4.517257756257482e-18
4.530849726552058e-18
4.539911040081771e-18
4.553503010376359e-18
4.58068695096551e-18
4.612401548319524e-18
4.63052417537895e-18
4.6486468024383885e-18
4.662238772732964e-18
4.675830743027552e-18
4.693953370086978e-18
4.7120759971464165e-18
4.725667967440992e-18
4.743790594500418e-18
4.7528519080301436e-18
4.770974535089582e-18
4.793627818913883e-18
4.802689132443584e-18
4.811750445973309e-18
4.825342416267897e-18
4.834403729797598e-18
4.847995700092186e-18
4.866118327151612e-18
4.875179640681337e-18
4.884240954211062e-18
4.897832924505626e-18
4.911424894800214e-18
4.9204862083299144e-18
4.9340781786245024e-18
4.943139492154228e-18
4.956731462448791e-18
4.9657927759785164e-18
4.979384746273092e-18
4.988446059802805e-18
4.9975073733325305e-18
5.011099343627094e-18
5.0292219706865445e-18
5.056405911275696e-18
5.069997881570259e-18
5.0790591950999846e-18
5.0926511653945726e-18
5.101712478924273e-18
5.119835105983724e-18
5.1288964195134246e-18
5.142488389808013e-18
5.160611016867439e-18
5.169672330397164e-18
5.178733643926889e-18
5.192325614221453e-18
5.210448241280903e-18
5.224040211575467e-18
5.233101525105192e-18
5.242162838634917e-18
5.255754808929481e-18
5.273877435988919e-18
5.282938749518632e-18
5.2920000630483574e-18
5.314653346872646e-18
5.3327759739320845e-18
5.3418372874617975e-18
5.350898600991523e-18
5.369021228050949e-18
5.39167451187525e-18
5.400735825404963e-18
5.414327795699551e-18
5.427919765994114e-18
5.4505730498184276e-18
5.473226333642716e-18
5.482287647172429e-18
5.50494093099673e-18
5.532124871585882e-18
5.545716841880445e-18
5.55477815541017e-18
5.563839468939896e-18
5.581962095999322e-18
5.59555406629391e-18
5.6182073501181984e-18
5.640860633942487e-18
5.6499219474722124e-18
5.672575231296501e-18
5.6816365448262265e-18
5.69522851512079e-18
5.708820485415378e-18
5.7224124557099535e-18
5.7450657395342545e-18
5.754127053063955e-18
5.767719023358543e-18
5.781310993653119e-18
5.7949029639476946e-18
5.80849493424227e-18
5.831148218066571e-18
5.844740188361135e-18
5.85380150189086e-18
5.871924128950286e-18
5.894577412774599e-18
5.912700039834025e-18
5.930822666893464e-18
5.939883980423177e-18
5.9625372642474654e-18
5.980659891306916e-18
6.003313175131205e-18
6.0169051454257804e-18
6.030497115720356e-18
6.0486197427797945e-18
6.06221171307437e-18
6.075803683368946e-18
6.084864996898659e-18
6.098456967193247e-18
6.1211102510175355e-18
6.134702221312111e-18
6.161886161901275e-18
6.180008788960701e-18
6.193600759255289e-18
6.211723386314715e-18
6.22078469984444e-18
6.238907326903866e-18
6.247968640433592e-18
6.261560610728155e-18
6.275152581022743e-18
6.293275208082169e-18
6.302336521611894e-18
6.31592849190647e-18
6.3340511189659084e-18
6.3431124324956214e-18
6.3521737460253344e-18
6.3657657163199224e-18
6.379357686614486e-18
6.392949656909074e-18
6.402010970438799e-18
6.4110722839685e-18
6.420133597498225e-18
6.4291949110279505e-18
6.442786881322514e-18
6.4609095083819645e-18
6.469970821911665e-18
6.4790321354413906e-18
6.492624105735966e-18
6.506216076030542e-18
6.515277389560267e-18
6.52433870308998e-18
6.533400016619693e-18
6.551522643679132e-18
6.560583957208845e-18
6.56964527073857e-18
6.583237241033146e-18
6.592298554562859e-18
6.610421181622297e-18
6.628543808681735e-18
6.646666435741161e-18
6.655727749270887e-18
6.664789062800612e-18
6.682911689860038e-18
6.696503660154626e-18
6.705564973684327e-18
6.7327489142734905e-18
6.746340884568066e-18
6.7554021980977915e-18
6.768994168392355e-18
6.77805548192208e-18
6.791647452216656e-18
6.809770079276094e-18
6.818831392805807e-18
6.846015333394971e-18
6.873199273984122e-18
6.8867912442786856e-18
6.900383214573274e-18
6.923036498397562e-18
6.93662846869215e-18
6.959281752516439e-18
6.968343066046152e-18
6.981935036340728e-18
6.990996349870453e-18
7.009118976929879e-18
7.022710947224467e-18
7.031772260754168e-18
7.045364231048756e-18
7.063486858108182e-18
7.072548171637907e-18
7.104262768991921e-18
7.113324082521646e-18
7.122385396051347e-18
7.135977366345935e-18
7.149569336640511e-18
7.163161306935087e-18
7.176753277229662e-18
7.190345247524238e-18
7.203937217818826e-18
7.212998531348527e-18
7.231121158407977e-18
7.249243785467403e-18
7.267366412526842e-18
7.276427726056555e-18
7.28548903958628e-18
7.303611666645706e-18
7.312672980175431e-18
7.321734293705157e-18
7.344387577529445e-18
7.353448891059158e-18
7.37610217488346e-18
7.394224801942885e-18
7.412347429002336e-18
7.444062026356338e-18
7.457653996650913e-18
7.471245966945501e-18
7.480307280475202e-18
7.49389925076979e-18
7.507491221064354e-18
7.521083191358942e-18
7.539205818418368e-18
7.570920415772382e-18
7.602635013126396e-18
7.611696326656121e-18
7.620757640185846e-18
7.63434961048041e-18
7.643410924010135e-18
7.657002894304698e-18
7.666064207834424e-18
7.684186834893862e-18
7.693248148423575e-18
7.706840118718163e-18
7.715901432247864e-18
7.729493402542452e-18
7.743085372837027e-18
7.756677343131603e-18
7.765738656661328e-18
7.779330626955892e-18
7.788391940485617e-18
7.811045224309906e-18
7.824637194604494e-18
7.847290478428783e-18
7.860882448723358e-18
7.874474419017934e-18
7.897127702842223e-18
7.928842300196237e-18
7.937903613725962e-18
7.956026240785388e-18
7.965087554315113e-18
7.987740838139402e-18
8.019455435493416e-18
8.037578062552854e-18
8.05117003284743e-18
8.069292659906868e-18
8.082884630201444e-18
8.09194594373117e-18
8.110068570790595e-18
8.123660541085183e-18
8.137252511379747e-18
8.150844481674335e-18
8.164436451968898e-18
8.173497765498623e-18
8.182559079028349e-18
8.196151049322912e-18
8.205212362852638e-18
8.214273676382363e-18
8.232396303441789e-18
8.245988273736365e-18
8.264110900795803e-18
8.273172214325528e-18
8.291294841384954e-18
8.30035615491468e-18
8.30941746844438e-18
8.327540095503831e-18
8.336601409033544e-18
8.354724036092982e-18
8.363785349622708e-18
8.386438633446996e-18
8.404561260506422e-18
8.41815323080101e-18
8.431745201095574e-18
8.449867828155024e-18
8.463459798449588e-18
8.472521111979313e-18
8.481582425509038e-18
8.490643739038739e-18
8.499705052568464e-18
8.50876636609819e-18
8.51782767962789e-18
8.540480963452204e-18
8.554072933746767e-18
8.563134247276493e-18
8.576726217571056e-18
8.590318187865644e-18
8.612971471689933e-18
8.631094098749383e-18
8.64921672580881e-18
8.671870009633098e-18
8.680931323162823e-18
8.689992636692549e-18
8.69905395022225e-18
8.712645920516837e-18
8.7262378908114e-18
8.735299204341126e-18
8.744360517870851e-18
8.753421831400564e-18
8.762483144930277e-18
8.776075115224865e-18
8.794197742284291e-18
8.803259055814017e-18
8.81232036934373e-18
8.821381682873443e-18
8.839504309932893e-18
8.848565623462594e-18
8.866688250522045e-18
8.889341534346334e-18
8.902933504640909e-18
8.911994818170622e-18
8.92558678846521e-18
8.957301385819224e-18
8.966362699348925e-18
8.97542401287865e-18
8.989015983173226e-18
9.007138610232664e-18
9.029791894056953e-18
9.043383864351541e-18
9.056975834646104e-18
9.06603714817583e-18
9.075098461705555e-18
9.084159775235256e-18
9.106813059059569e-18
9.129466342883858e-18
9.13852765641357e-18
9.156650283473009e-18
9.165711597002734e-18
9.179303567297298e-18
9.197426194356736e-18
9.206487507886449e-18
9.220079478181037e-18
9.22914079171075e-18
9.238202105240463e-18
9.247263418770189e-18
9.260855389064752e-18
9.27444735935934e-18
9.283508672889065e-18
9.292569986418766e-18
9.301631299948491e-18
9.31522327024308e-18
9.328815240537643e-18
9.337876554067368e-18
9.351468524361931e-18
9.374121808186245e-18
9.39224443524567e-18
9.419428375834822e-18
9.43755100289426e-18
9.446612316423973e-18
9.455673629953699e-18
9.469265600248262e-18
9.48285757054285e-18
9.496449540837426e-18
9.510041511132001e-18
9.523633481426577e-18
9.537225451721153e-18
9.555348078780591e-18
9.564409392310304e-18
9.57347070584003e-18
9.591593332899456e-18
9.605185303194044e-18
9.62330793025347e-18
9.64143055731292e-18
9.655022527607484e-18
9.664083841137209e-18
9.677675811431772e-18
9.695798438491223e-18
9.709390408785786e-18
9.722982379080374e-18
9.736574349374938e-18
9.745635662904663e-18
9.763758289964101e-18
9.772819603493814e-18
9.786411573788402e-18
9.795472887318115e-18
9.804534200847828e-18
9.813595514377554e-18
9.840779454966705e-18
9.84984076849643e-18
9.858902082026131e-18
9.872494052320719e-18
9.904208649674733e-18
9.922331276734159e-18
9.935923247028747e-18
9.958576530853036e-18
9.972168501147612e-18
9.985760471442187e-18
9.994821784971913e-18
1.0008413755266476e-17
1.0017475068796201e-17
1.0026536382325927e-17
1.0044659009385353e-17
1.0062781636444791e-17
1.0071842949974504e-17
1.008090426350423e-17
1.0099026890563655e-17
1.0112618860858243e-17
1.0121680174387956e-17
1.0153394771741958e-17
1.0162456085271683e-17
1.0176048055566271e-17
1.0194170682625697e-17
1.0203231996155423e-17
1.0212293309685123e-17
1.0225885279979711e-17
1.0244007907039137e-17
1.0271191847628289e-17
1.028931447468774e-17
1.0298375788217453e-17
1.0311967758512028e-17
1.0321029072041754e-17
1.0334621042336317e-17
1.0352743669395768e-17
1.0366335639690331e-17
1.0384458266749782e-17
1.0393519580279482e-17
1.0420703520868634e-17
1.0438826147928084e-17
1.0447887461457797e-17
1.0461479431752373e-17
1.0470540745282098e-17
1.0488663372341524e-17
1.049772468587125e-17
1.0506785999400963e-17
1.0529439283225264e-17
1.0538500596754977e-17
1.0556623223814415e-17
1.0565684537344128e-17
1.0574745850873841e-17
1.0588337821168429e-17
1.0601929791462992e-17
1.0610991104992718e-17
1.0624583075287293e-17
1.0647236359111595e-17
1.0660828329406158e-17
1.0674420299700746e-17
1.0688012269995309e-17
1.0697073583525035e-17
1.0710665553819623e-17
1.0724257524114186e-17
1.0733318837643911e-17
1.0742380151173624e-17
1.0765033434997925e-17
1.0774094748527638e-17
1.0787686718822214e-17
1.079674803235194e-17
1.0814870659411365e-17
1.0828462629705953e-17
1.0851115913530242e-17
1.0864707883824818e-17
1.0878299854119393e-17
1.0887361167649119e-17
1.089642248117882e-17
1.0910014451473407e-17
1.0937198392062559e-17
1.0946259705592284e-17
1.096438233265171e-17
1.0977974302946298e-17
1.1000627586770587e-17
1.1023280870594876e-17
1.1041403497654314e-17
1.105499546794889e-17
1.1068587438243478e-17
1.1082179408538041e-17
1.110030203559748e-17
1.1109363349127192e-17
1.112295531942178e-17
1.1141077946481206e-17
1.1150139260010932e-17
1.117279254383522e-17
1.1186384514129808e-17
1.1199976484424372e-17
1.121356845471896e-17
1.1227160425013523e-17
1.1240752395308111e-17
1.1258875022367537e-17
1.1272466992662125e-17
1.1295120276486414e-17
1.131324290354584e-17
1.1335896187370153e-17
1.1349488157664717e-17
1.1367610784724155e-17
1.1385733411783593e-17
1.1408386695607882e-17
1.1417448009137607e-17
1.142650932266732e-17
1.1444631949726759e-17
1.1462754576786185e-17
1.1476346547080773e-17
1.1489938517375348e-17
1.1503530487669924e-17
1.15171224579645e-17
1.1530714428259075e-17
1.15397757417888e-17
1.1548837055318514e-17
1.1576020995907665e-17
1.1594143622967103e-17
1.1603204936496829e-17
1.161226625002653e-17
1.1621327563556255e-17
1.1653042160910269e-17
1.1662103474439994e-17
1.168022610149942e-17
1.1693818071793996e-17
1.1711940698853434e-17
1.173006332591286e-17
1.1743655296207448e-17
1.1757247266502024e-17
1.1766308580031737e-17
1.1793492520620888e-17
1.1807084490915476e-17
1.182067646121004e-17
1.1834268431504628e-17
1.1861452372093779e-17
1.1870513685623504e-17
1.1884105655918068e-17
1.1893166969447793e-17
1.1906758939742356e-17
1.1920350910036944e-17
1.192941222356667e-17
1.1952065507390958e-17
1.1965657477685534e-17
1.1974718791215247e-17
1.1983780104744972e-17
1.1992841418274685e-17
1.2001902731804398e-17
1.202908667239355e-17
1.2038147985923275e-17
1.2056270612982701e-17
1.2074393240042152e-17
1.2083454553571865e-17
1.2101577180631303e-17
1.2115169150925867e-17
1.2128761121220455e-17
1.2151414405044743e-17
1.2160475718574469e-17
1.2174067688869032e-17
1.218765965916362e-17
1.2196720972693345e-17
1.2219374256517634e-17
1.223296622681221e-17
1.2242027540341923e-17
1.2251088853871648e-17
1.22782727944608e-17
1.2291864764755375e-17
1.230545673504995e-17
1.232811001887424e-17
1.2337171332403965e-17
1.2355293959463391e-17
1.2364355272993116e-17
1.2387008556817405e-17
1.239606987034713e-17
1.2405131183876856e-17
1.2427784467701144e-17
1.2441376437995708e-17
1.2454968408290296e-17
1.2473091035349722e-17
1.2482152348879447e-17
1.2491213662409172e-17
1.2504805632703736e-17
1.2513866946233461e-17
1.2531989573292887e-17
1.2545581543587475e-17
1.2563704170646901e-17
1.2572765484176626e-17
1.2586357454471202e-17
1.2595418768000915e-17
1.260448008153064e-17
1.2613541395060366e-17
1.2636194678884654e-17
1.2649786649179218e-17
1.2676970589768381e-17
1.269509321682782e-17
1.2713215843887246e-17
1.2735869127711547e-17
1.2753991754770985e-17
1.2772114381830411e-17
1.2785706352124999e-17
1.2794767665654712e-17
1.2808359635949288e-17
1.2817420949479013e-17
1.283554357653844e-17
1.2844604890068165e-17
1.2853666203597878e-17
1.2867258173892453e-17
1.2885380800951892e-17
1.290350342801133e-17
1.2912564741541043e-17
1.2930687368600481e-17
1.2944279338895057e-17
1.2966932622719358e-17
1.2985055249778784e-17
1.3012239190367935e-17
1.3025831160662523e-17
1.3034892474192236e-17
1.3048484444486812e-17
1.3057545758016537e-17
1.3066607071546238e-17
1.3075668385075963e-17
1.3102852325665115e-17
1.3134566923019129e-17
1.3152689550078567e-17
1.3166281520373143e-17
1.3179873490667731e-17
1.3188934804197432e-17
1.3197996117727157e-17
1.3207057431256882e-17
1.3225180058316308e-17
1.3238772028610896e-17
1.3247833342140597e-17
1.3256894655670322e-17
1.3275017282729748e-17
1.3288609253024336e-17
1.332032385037835e-17
1.3338446477437776e-17
1.3347507790967502e-17
1.3361099761262077e-17
1.3379222388321516e-17
1.3388283701851229e-17
1.3406406328910667e-17
1.3419998299205243e-17
1.3438120926264681e-17
1.3447182239794406e-17
1.3469835523618695e-17
1.3478896837148408e-17
1.3487958150678121e-17
1.3497019464207847e-17
1.3506080777737572e-17
1.3524203404796998e-17
1.3537795375091574e-17
1.3546856688621287e-17
1.3555918002151012e-17
1.35785712859753e-17
1.3596693913034739e-17
1.3605755226564452e-17
1.3614816540094177e-17
1.3623877853623903e-17
1.3637469823918466e-17
1.3646531137448191e-17
1.3655592450977917e-17
1.3673715078037343e-17
1.3687307048331918e-17
1.3696368361861631e-17
1.3705429675391357e-17
1.3719021645685932e-17
1.3737144272745371e-17
1.375979755656966e-17
1.3773389526864247e-17
1.3782450840393948e-17
1.3796042810688536e-17
1.38096347809831e-17
1.3818696094512825e-17
1.3841349378337114e-17
1.3854941348631702e-17
1.387759463245599e-17
1.3886655945985716e-17
1.3904778573045142e-17
1.391837054333973e-17
1.3931962513634293e-17
1.394555448392888e-17
1.3963677110988307e-17
1.3977269081282895e-17
1.3990861051577458e-17
1.400898367863691e-17
1.4022575648931472e-17
1.4031636962461198e-17
1.4040698275990923e-17
1.4054290246285486e-17
1.4072412873344925e-17
1.40860048436395e-17
1.4095066157169226e-17
1.412678075452324e-17
1.413584206805294e-17
1.4163026008642104e-17
1.417661797893668e-17
1.4190209949231268e-17
1.419927126276097e-17
1.4212863233055557e-17
1.422645520335012e-17
1.4235516516879845e-17
1.4249108487174433e-17
1.4262700457468997e-17
1.4280823084528435e-17
1.4289884398058148e-17
1.4303476368352736e-17
1.431253768188245e-17
1.4321598995412162e-17
1.434425227923645e-17
1.43623749062959e-17
1.438502819012019e-17
1.4394089503649915e-17
1.440768147394448e-17
1.4416742787474204e-17
1.443033475776878e-17
1.4439396071298493e-17
1.4448457384828218e-17
1.447564132541737e-17
1.4489233295711945e-17
1.450282526600652e-17
1.451641723630111e-17
1.452547854983081e-17
1.454360117689026e-17
1.456625446071455e-17
1.4579846431009125e-17
1.4588907744538838e-17
1.4597969058068563e-17
1.4625152998657714e-17
1.463421431218744e-17
1.4652336939246866e-17
1.4670459566306304e-17
1.4688582193365742e-17
1.4706704820425168e-17
1.4720296790719756e-17
1.472935810424947e-17
1.4742950074544045e-17
1.475654204483862e-17
1.477466467189806e-17
1.4783725985427784e-17
1.480184861248721e-17
1.48245018963115e-17
1.4833563209841224e-17
1.48471551801358e-17
1.4860747150430376e-17
1.4874339120724964e-17
1.4883400434254665e-17
1.489246174778439e-17
1.4906053718078966e-17
1.491964568837354e-17
1.493323765866813e-17
1.4951360285727555e-17
1.4974013569551844e-17
1.4987605539846432e-17
1.5014789480435583e-17
1.5023850793965296e-17
1.5046504077789597e-17
1.5064626704849023e-17
1.507368801837875e-17
1.5109933272497625e-17
1.512352524279219e-17
1.5132586556321914e-17
1.514164786985164e-17
1.516883181044079e-17
1.5182423780735354e-17
1.5200546407794805e-17
1.5209607721324506e-17
1.5223199691619094e-17
1.5254914288973108e-17
1.526850625926767e-17
1.5286628886327122e-17
1.5300220856621685e-17
1.530928217015141e-17
1.5318343483681136e-17
1.5327404797210836e-17
1.5345527424270287e-17
1.535911939456485e-17
1.53772420216243e-17
1.5386303335154002e-17
1.539989530544859e-17
1.5408956618978315e-17
1.5422548589272878e-17
1.5440671216332317e-17
1.5458793843391755e-17
1.546785515692148e-17
1.5495039097510632e-17
1.5526753694864646e-17
1.5549406978688934e-17
1.5562998948983498e-17
1.5576590919278086e-17
1.559018288957266e-17
1.56083055166321e-17
1.5621897486926676e-17
1.5640020113986114e-17
1.5671734711340128e-17
1.569891865192928e-17
1.5707979965458992e-17
1.5730633249283293e-17
1.574875587634272e-17
1.5762347846637307e-17
1.577593981693187e-17
1.579406244399132e-17
1.5803123757521022e-17
1.5821246384580473e-17
1.5834838354875036e-17
1.5852960981934487e-17
1.586655295222905e-17
1.5875614265758775e-17
1.58846755792885e-17
1.5902798206347927e-17
1.5911859519877652e-17
1.5925451490172216e-17
1.5948104773996517e-17
1.5961696744291092e-17
1.5970758057820818e-17
1.598435002811538e-17
1.6002472655174832e-17
1.6034187252528833e-17
1.6043248566058546e-17
1.6061371193117997e-17
1.6070432506647698e-17
1.609308579047201e-17
1.6102147104001712e-17
1.61157390742963e-17
1.6124800387826013e-17
1.6138392358120588e-17
1.6147453671650314e-17
1.6156514985180027e-17
1.616557629870974e-17
1.6174637612239465e-17
1.6183698925769178e-17
1.619276023929889e-17
1.620635220959348e-17
1.6224474836652905e-17
1.6238066806947493e-17
1.6251658777242057e-17
1.6265250747536645e-17
1.6278842717831208e-17
1.6292434688125796e-17
1.6315087971950085e-17
1.632414928547981e-17
1.6333210599009523e-17
1.63468025693041e-17
1.6360394539598687e-17
1.6369455853128387e-17
1.6392109136952688e-17
1.6410231764012127e-17
1.6423823734306702e-17
1.6432885047836415e-17
1.644194636136614e-17
1.6455538331660704e-17
1.6469130301955292e-17
1.6478191615485017e-17
1.6487252929014718e-17
1.6500844899309306e-17
1.650990621283902e-17
1.6523498183133595e-17
1.653255949666332e-17
1.6541620810193033e-17
1.6550682123722746e-17
1.6568804750782197e-17
1.658239672107676e-17
1.6591458034606485e-17
1.66005193481362e-17
1.6627703288725362e-17
1.6641295259019926e-17
1.6659417886079364e-17
1.6682071169903665e-17
1.6695663140198228e-17
1.6704724453727954e-17
1.6727377737552242e-17
1.676362299167112e-17
1.6777214961965695e-17
1.679080693226027e-17
1.6804398902554858e-17
1.6817990872849422e-17
1.6836113499908872e-17
1.6845174813438573e-17
1.6863297440498024e-17
1.6876889410792587e-17
1.6885950724322312e-17
1.6899542694616888e-17
1.69086040081466e-17
1.692672663520604e-17
1.6944849262265478e-17
1.6958441232560054e-17
1.6967502546089767e-17
1.6985625173149205e-17
1.7008278456973506e-17
1.702187042726807e-17
1.703999305432752e-17
1.706717699491667e-17
1.7085299621976097e-17
1.7094360935505823e-17
1.7107952905800398e-17
1.711701421933011e-17
1.7126075532859837e-17
1.71396675031544e-17
1.7153259473448988e-17
1.7166851443743564e-17
1.7189504727567865e-17
1.722121932492188e-17
1.724840326551103e-17
1.7280117862865044e-17
1.7293709833159607e-17
1.7311832460219058e-17
1.7329955087278484e-17
1.734807771433791e-17
1.7361669684632498e-17
1.7375261654927074e-17
1.738885362522165e-17
1.7406976252281076e-17
1.7425098879340526e-17
1.743869084963509e-17
1.745681347669454e-17
1.7470405446989104e-17
1.7502120044343118e-17
1.7511181357872843e-17
1.7520242671402556e-17
1.7538365298461994e-17
1.754742661199172e-17
1.755648792552142e-17
1.7570079895816008e-17
1.7579141209345734e-17
1.759726383640516e-17
1.7610855806699735e-17
1.76380397472889e-17
1.76471010608186e-17
1.7656162374348325e-17
1.768787697170234e-17
1.7710530255526628e-17
1.7719591569056353e-17
1.773771419611578e-17
1.775583682317523e-17
1.7769428793469793e-17
1.7801143390823807e-17
1.7810204704353533e-17
1.7837388644942684e-17
1.784644995847241e-17
1.7869103242296698e-17
1.787816455582641e-17
1.7891756526120987e-17
1.7905348496415575e-17
1.7923471123475e-17
1.7937063093769576e-17
1.7959716377593877e-17
1.7977839004653303e-17
1.799143097494789e-17
1.8005022945242455e-17
1.8018614915537043e-17
1.8032206885831606e-17
1.8045798856126194e-17
1.805939082642077e-17
1.8072982796715346e-17
1.8100166737304497e-17
1.8118289364363935e-17
1.8145473304953087e-17
1.81545346184828e-17
1.817265724554225e-17
1.818171855907195e-17
1.8199841186131402e-17
1.8213433156425965e-17
1.8227025126720553e-17
1.8236086440250266e-17
1.824514775377998e-17
1.8258739724074567e-17
1.8276862351133993e-17
1.829045432142858e-17
1.8308576948488007e-17
1.8322168918782595e-17
1.8331230232312296e-17
1.836294482966631e-17
1.8372006143196035e-17
1.838559811349061e-17
1.8394659427020324e-17
1.8412782054079762e-17
1.8421843367609475e-17
1.8435435337904063e-17
1.8449027308198627e-17
1.8458088621728352e-17
1.8467149935258077e-17
1.8489803219082366e-17
1.8516987159671517e-17
1.8539640443495806e-17
1.854870175702553e-17
1.8557763070555257e-17
1.8566824384084957e-17
1.8584947011144408e-17
1.859853898143897e-17
1.8607600294968697e-17
1.8616661608498422e-17
1.8625722922028123e-17
1.863931489232271e-17
1.8666498832911862e-17
1.8675560146441587e-17
1.8684621459971288e-17
1.8693682773501013e-17
1.87072747437956e-17
1.8720866714090165e-17
1.8748050654679316e-17
1.8757111968209042e-17
1.8775234595268468e-17
1.8784295908798193e-17
1.8816010506152207e-17
1.8834133133211633e-17
1.884772510350622e-17
1.8856786417035946e-17
1.8865847730565647e-17
1.8874909044095372e-17
1.8893031671154798e-17
1.8902092984684524e-17
1.8915684954979112e-17
1.8933807582038538e-17
1.8942868895568263e-17
1.8956460865862826e-17
1.8965522179392552e-17
1.8979114149687127e-17
1.8992706119981703e-17
1.900629809027629e-17
1.9015359403805992e-17
1.9038012687630293e-17
1.9060665971454594e-17
1.9069727284984307e-17
1.9092380568808608e-17
1.9110503195868034e-17
1.911956450939776e-17
1.9133156479692323e-17
1.914674844998691e-17
1.9164871077046337e-17
1.9182993704105787e-17
1.9192055017635488e-17
1.921017764469494e-17
1.9219238958224652e-17
1.9232830928519227e-17
1.9250953555578653e-17
1.926001486910838e-17
1.9269076182638104e-17
1.9278137496167817e-17
1.9291729466462393e-17
1.9300790779992118e-17
1.931438275028668e-17
1.9346097347640695e-17
1.9364219974700134e-17
1.937781194499471e-17
1.9400465228818998e-17
1.9409526542348723e-17
1.941858785587845e-17
1.942764916940815e-17
1.9436710482937875e-17
1.9463894423527026e-17
1.9472955737056752e-17
1.9500139677645903e-17
1.9522792961470192e-17
1.9540915588529642e-17
1.9554507558824206e-17
1.9572630185883644e-17
1.9590752812943082e-17
1.9608875440002508e-17
1.963605938059166e-17
1.9645120694121385e-17
1.9663243321180823e-17
1.9672304634710536e-17
1.9681365948240262e-17
1.9690427261769975e-17
1.9708549888829413e-17
1.9740264486183427e-17
1.9749325799713152e-17
1.9758387113242853e-17
1.976744842677258e-17
1.9776509740302304e-17
1.979463236736173e-17
1.9808224337656318e-17
1.981728565118602e-17
1.983993893501032e-17
1.9853530905304895e-17
1.986259221883462e-17
1.988524550265891e-17
1.9903368129718335e-17
1.9916960100012923e-17
1.99305520703075e-17
1.9944144040602075e-17
1.9957736010896663e-17
1.997585863795609e-17
1.9984919951485814e-17
2.000304257854524e-17
2.0021165205604678e-17
2.0034757175899254e-17
2.004381848942898e-17
2.0061941116488405e-17
2.007100243001813e-17
2.0080063743547844e-17
2.0089125057077557e-17
2.0116308997666708e-17
2.013443162472616e-17
2.0157084908550448e-17
2.016614622208016e-17
2.0179738192374736e-17
2.0188799505904462e-17
2.0197860819434175e-17
2.0206922132963888e-17
2.0225044760023338e-17
2.023410607355304e-17
2.0243167387082764e-17
2.025675935737734e-17
2.0274881984436778e-17
2.0297535268261067e-17
2.0306596581790792e-17
2.0324719208850218e-17
2.034737249267452e-17
2.0360964462969095e-17
2.037002577649882e-17
2.0388148403558246e-17
2.0406271030617685e-17
2.0428924314441986e-17
2.04379856279717e-17
2.046516956856085e-17
2.0474230882090563e-17
2.048329219562029e-17
2.0492353509150014e-17
2.051047613620944e-17
2.0524068106504016e-17
2.053766007679859e-17
2.0546721390328317e-17
2.056031336062288e-17
2.0573905330917468e-17
2.0592027957976894e-17
2.0605619928271482e-17
2.0614681241801195e-17
2.0623742555330908e-17
2.0637334525625496e-17
2.065092649592006e-17
2.067357977974436e-17
2.0687171750038936e-17
2.069623306356866e-17
2.0709825033863225e-17
2.071888634739295e-17
2.0727947660922675e-17
2.0737008974452376e-17
2.07460702879821e-17
2.0755131601511827e-17
2.076419291504154e-17
2.0782315542100978e-17
2.079137685563069e-17
2.0804968825925267e-17
2.0814030139454992e-17
2.0841214080044144e-17
2.0850275393573857e-17
2.0863867363868432e-17
2.087745933416302e-17
2.0891051304457584e-17
2.0913704588281885e-17
2.092729655857646e-17
2.0945419185635886e-17
2.0954480499165612e-17
2.097260312622505e-17
2.0986195096519626e-17
2.1004317723579052e-17
2.101790969387364e-17
2.1031501664168215e-17
2.1040562977697928e-17
2.106774691828708e-17
2.108586954534653e-17
2.109493085887623e-17
2.1103992172405956e-17
2.1144768083289696e-17
2.115836005358426e-17
2.1171952023878847e-17
2.118101333740856e-17
2.120366662123286e-17
2.1212727934762562e-17
2.122631990505715e-17
2.1244442532116576e-17
2.12535038456463e-17
2.1262565159176027e-17
2.1271626472705727e-17
2.1289749099765178e-17
2.130334107005974e-17
2.131693304035433e-17
2.1335055667413755e-17
2.134411698094348e-17
2.1353178294473206e-17
2.136677026476777e-17
2.1398484862121783e-17
2.141207683241637e-17
2.1439260773005523e-17
2.1452852743300086e-17
2.1470975370359537e-17
2.14845673406541e-17
2.1493628654183825e-17
2.150268996771355e-17
2.151175128124325e-17
2.1520812594772977e-17
2.1538935221832403e-17
2.155252719212699e-17
2.157518047595128e-17
2.160236441654043e-17
2.161595638683502e-17
2.1634079013894445e-17
2.164314032742417e-17
2.1652201640953896e-17
2.1661262954483596e-17
2.169297755183761e-17
2.1702038865367336e-17
2.1720161492426762e-17
2.1765468060075364e-17
2.178359068713479e-17
2.1801713314194228e-17
2.1819835941253666e-17
2.1833427911548242e-17
2.185155053860768e-17
2.1865142508902244e-17
2.1887795792726557e-17
2.190138776302112e-17
2.191951039008057e-17
2.1937633017139997e-17
2.1946694330669723e-17
2.1960286300964286e-17
2.1973878271258874e-17
2.19920008983183e-17
2.2010123525377738e-17
2.2023715495672314e-17
2.2046368779496603e-17
2.2069022063320904e-17
2.2096206003910067e-17
2.2105267317439768e-17
2.212338994449922e-17
2.2132451258028932e-17
2.215057388508837e-17
2.2159635198618083e-17
2.217775782567752e-17
2.2186819139207247e-17
2.2204941766266673e-17
2.22230643933261e-17
2.2245717677150412e-17
2.2259309647444976e-17
2.22683709609747e-17
2.2277432274504414e-17
2.229102424479899e-17
2.2300085558328715e-17
2.2309146871858428e-17
2.2322738842153004e-17
2.233180015568273e-17
2.234086146921243e-17
2.2354453439507018e-17
2.2363514753036743e-17
2.2377106723331306e-17
2.2395229350390757e-17
2.240882132068532e-17
2.2422413290979908e-17
2.244959723156906e-17
2.2467719858628486e-17
2.247678117215821e-17
2.2485842485687924e-17
2.2508495769512225e-17
2.2522087739806788e-17
2.2558332993925665e-17
2.2576455620985104e-17
2.2594578248044542e-17
2.263082350216342e-17
2.263988481569312e-17
2.2653476785987707e-17
2.2671599413047133e-17
2.268519138334172e-17
2.2703314010401147e-17
2.2725967294225448e-17
2.2739559264520024e-17
2.274862057804975e-17
2.2762212548344313e-17
2.27758045186389e-17
2.2784865832168614e-17
2.279845780246319e-17
2.2812049772757765e-17
2.2821111086287478e-17
2.284376437011178e-17
2.2857356340406355e-17
2.286641765393608e-17
2.2898132251290094e-17
2.291625487834952e-17
2.2925316191879245e-17
2.2952500132468397e-17
2.296156144599811e-17
2.2975153416292686e-17
2.2988745386587274e-17
2.2997806700116974e-17
2.3011398670411562e-17
2.3020459983941275e-17
2.3029521297470988e-17
2.3043113267765576e-17
2.305217458129529e-17
2.307482786511959e-17
2.308388917864929e-17
2.3102011805708742e-17
2.3111073119238455e-17
2.3129195746297893e-17
2.3156379686887044e-17
2.316544100041677e-17
2.317450231394647e-17
2.3183563627476196e-17
2.3197155597770784e-17
2.321527822483021e-17
2.3228870195124785e-17
2.324246216541936e-17
2.325605413571395e-17
2.3274176762773375e-17
2.32832380763031e-17
2.3296830046597664e-17
2.3310422016892252e-17
2.3324013987186815e-17
2.333307530071654e-17
2.334666727101113e-17
2.3369320554835417e-17
2.337838186836513e-17
2.3387443181894843e-17
2.339650449542457e-17
2.3432749749543445e-17
2.344634171983801e-17
2.3459933690132597e-17
2.3482586973956885e-17
2.349617894425146e-17
2.35143015713109e-17
2.3532424198370325e-17
2.3550546825429776e-17
2.3559608138959477e-17
2.358226142278379e-17
2.3595853393078353e-17
2.360491470660808e-17
2.3613976020137804e-17
2.3636629303962093e-17
2.365928258778638e-17
2.3690997185140396e-17
2.3713650468964684e-17
2.372271178249441e-17
2.3736303752788985e-17
2.3754426379848424e-17
2.3781610320437575e-17
2.379520229073215e-17
2.3826916888086165e-17
2.384050885838074e-17
2.3849570171910466e-17
2.3858631485440166e-17
2.388581542602933e-17
2.391299936661848e-17
2.3926591336913057e-17
2.3940183307207645e-17
2.395830593426707e-17
2.3985489874856223e-17
2.3994551188385948e-17
2.400814315868051e-17
2.40217351289751e-17
2.4030796442504812e-17
2.4053449726329113e-17
2.4062511039858826e-17
2.4076103010153402e-17
2.4085164323683127e-17
2.409422563721284e-17
2.411687892103714e-17
2.4135001548096567e-17
2.4153124175156006e-17
2.4175777458980307e-17
2.4198430742804595e-17
2.420749205633432e-17
2.421655336986402e-17
2.4225614683393747e-17
2.4239206653688322e-17
2.4248267967218035e-17
2.425732928074776e-17
2.4270921251042336e-17
2.427998256457205e-17
2.4289043878101775e-17
2.42981051916315e-17
2.43071665051612e-17
2.4334350445750352e-17
2.4343411759280078e-17
2.4357003729574666e-17
2.437059569986923e-17
2.4379657013398954e-17
2.4388718326928667e-17
2.4406840953988106e-17
2.441590226751783e-17
2.443855555134212e-17
2.4456678178401546e-17
2.446573949193127e-17
2.4474800805460996e-17
2.448839277575556e-17
2.4511046059579848e-17
2.45291686866393e-17
2.4542760656933862e-17
2.455635262722845e-17
2.4565413940758176e-17
2.457900591105274e-17
2.4592597881347327e-17
2.4601659194877028e-17
2.4610720508406753e-17
2.462884313546619e-17
2.4642435105760767e-17
2.4683211016644506e-17
2.4701333643703933e-17
2.4710394957233658e-17
2.473757889782281e-17
2.4751170868117373e-17
2.476476283841196e-17
2.4773824151941674e-17
2.4782885465471387e-17
2.4801008092530837e-17
2.4810069406060538e-17
2.4823661376355126e-17
2.4841784003414552e-17
2.4850845316944277e-17
2.4864437287238853e-17
2.487802925753343e-17
2.4891621227828017e-17
2.4900682541357717e-17
2.4923335825182018e-17
2.4936927795476594e-17
2.494598910900632e-17
2.4955050422536032e-17
2.4964111736065745e-17
2.4986765019890034e-17
2.5018479617244048e-17
2.5032071587538636e-17
2.5045663557833212e-17
2.5068316841657513e-17
2.5081908811952076e-17
2.5095500782246664e-17
2.5104562095776377e-17
2.5118154066070953e-17
2.513627669313038e-17
2.5149868663424967e-17
2.5163460633719543e-17
2.518158326077898e-17
2.5208767201368132e-17
2.5226889828427558e-17
2.5235951141957284e-17
2.525407376901671e-17
2.5267665739311298e-17
2.5285788366370724e-17
2.5303910993430174e-17
2.5317502963724738e-17
2.5326564277254463e-17
2.5335625590784188e-17
2.5349217561078752e-17
2.5371870844903053e-17
2.5394524128727354e-17
2.5408116099021917e-17
2.5417177412551643e-17
2.5426238726081368e-17
2.5467014636965083e-17
2.548060660725967e-17
2.5489667920789384e-17
2.550325989108396e-17
2.5521382518143398e-17
2.553044383167311e-17
2.55440358019677e-17
2.5557627772262262e-17
2.557121974255685e-17
2.5584811712851413e-17
2.5607464996675714e-17
2.562105696697029e-17
2.5639179594029728e-17
2.564824090755944e-17
2.5657302221089167e-17
2.566636353461888e-17
2.5684486161678318e-17
2.571167010226747e-17
2.5725262072562045e-17
2.5734323386091758e-17
2.5743384699621484e-17
2.576150732668091e-17
2.577962995374036e-17
2.5793221924034924e-17
2.5806813894329512e-17
2.5815875207859225e-17
2.5824936521388938e-17
2.584758980521324e-17
2.5856651118742952e-17
2.5883835059332103e-17
2.589742702962669e-17
2.5933672283745555e-17
2.594726425404013e-17
2.5956325567569856e-17
2.5974448194629282e-17
2.598804016492387e-17
2.5997101478453583e-17
2.6006162791983296e-17
2.6015224105513022e-17
2.6028816075807585e-17
2.6046938702867036e-17
2.605600001639675e-17
2.6065061329926462e-17
2.608771461375075e-17
2.6096775927280476e-17
2.61058372408102e-17
2.612849052463449e-17
2.615114380845878e-17
2.617832774904793e-17
2.6191919719342518e-17
2.620098103287223e-17
2.6214573003166807e-17
2.6237226286991095e-17
2.624628760052082e-17
2.6255348914050546e-17
2.626441022758026e-17
2.6273471541109972e-17
2.6282532854639697e-17
2.6300655481699123e-17
2.630971679522885e-17
2.6318778108758574e-17
2.6327839422288275e-17
2.6341431392582863e-17
2.635955401964229e-17
2.638220730346659e-17
2.6395799273761165e-17
2.640486058729089e-17
2.6422983214350317e-17
2.6445636498174606e-17
2.646828978199892e-17
2.647735109552862e-17
2.650000437935292e-17
2.6509065692882634e-17
2.651812700641236e-17
2.6527188319942084e-17
2.6536249633471785e-17
2.6549841603766373e-17
2.6581556201120387e-17
2.6599678828179813e-17
2.66132707984744e-17
2.663592408229869e-17
2.6654046709358116e-17
2.6672169336417566e-17
2.668576130671213e-17
2.6699353277006718e-17
2.6722006560831006e-17
2.6740129187890445e-17
2.6749190501420158e-17
2.6762782471714746e-17
2.677637444200931e-17
2.6789966412303897e-17
2.6808089039363323e-17
2.681715035289305e-17
2.682621166642276e-17
2.6839803636717337e-17
2.6853395607011925e-17
2.686698757730649e-17
2.6876048890836214e-17
2.6889640861130777e-17
2.6898702174660503e-17
2.6930416772014517e-17
2.6948539399073943e-17
2.6966662026133393e-17
2.6980253996427957e-17
2.6989315309957682e-17
2.700290728025227e-17
2.701196859378197e-17
2.702556056407656e-17
2.7034621877606272e-17
2.7043683191135985e-17
2.7057275161430573e-17
2.7066336474960286e-17
2.7088989758784587e-17
2.7098051072314287e-17
2.7107112385844013e-17
2.7116173699373738e-17
2.712523501290345e-17
2.7138826983198027e-17
2.7147888296727752e-17
2.7156949610257453e-17
2.7166010923787178e-17
2.7179602894081766e-17
2.719319486437633e-17
2.7206786834670918e-17
2.721584814820063e-17
2.7238501432024932e-17
2.726115471584922e-17
2.7274746686143796e-17
2.728380799967351e-17
2.7297399969968097e-17
2.731099194026266e-17
2.732911456732211e-17
2.7338175880851812e-17
2.73517678511464e-17
2.7360829164676113e-17
2.7369890478205826e-17
2.737895179173555e-17
2.7392543762030127e-17
2.7406135732324702e-17
2.7424258359384128e-17
2.7433319672913854e-17
2.744238098644358e-17
2.7455972956738142e-17
2.7478626240562456e-17
2.7487687554092157e-17
2.7505810181151607e-17
2.7514871494681308e-17
2.7523932808211033e-17
2.753299412174076e-17
2.7546586092035322e-17
2.756017806232991e-17
2.7596423316448787e-17
2.761001528674335e-17
2.7619076600273075e-17
2.7641729884097364e-17
2.7655321854391952e-17
2.7673444481451378e-17
2.7687036451745966e-17
2.7705159078805392e-17
2.7723281705864818e-17
2.7750465646453982e-17
2.7759526959983695e-17
2.777311893027828e-17
2.7786710900572846e-17
2.7800302870867434e-17
2.7813894841162e-17
2.784107878175115e-17
2.78592014088106e-17
2.787279337910516e-17
2.7899977319694314e-17
2.790903863322404e-17
2.7918099946753765e-17
2.793622257381319e-17
2.794981454410778e-17
2.797699848469693e-17
2.7986059798226643e-17
2.8008713082050944e-17
2.802230505234551e-17
2.804042767940496e-17
2.804948899293466e-17
2.8058550306464384e-17
2.806761161999411e-17
2.8085734247053536e-17
2.811291818764269e-17
2.813104081470214e-17
2.814010212823184e-17
2.815822475529129e-17
2.8176347382350715e-17
2.8189939352645303e-17
2.8199000666175004e-17
2.820806197970473e-17
2.8217123293234455e-17
2.823071526352902e-17
2.8239776577058743e-17
2.825789920411817e-17
2.827149117441276e-17
2.828055248794248e-17
2.8294144458237046e-17
2.8312267085296484e-17
2.832585905559106e-17
2.834851233941535e-17
2.8362104309709937e-17
2.838022693676936e-17
2.839381890706395e-17
2.8402880220593664e-17
2.84210028476531e-17
2.843459481794768e-17
2.844365613147739e-17
2.846630941530168e-17
2.8475370728831405e-17
2.848896269912599e-17
2.8502554669420556e-17
2.8520677296479994e-17
2.853426926677457e-17
2.8543330580304295e-17
2.8565983864128584e-17
2.858863714795287e-17
2.85976984614826e-17
2.8611290431777174e-17
2.862941305883661e-17
2.8638474372366325e-17
2.8656596999425764e-17
2.867018896972034e-17
2.867925028325005e-17
2.86973729103095e-17
2.8706434223839204e-17
2.872002619413379e-17
2.8733618164428355e-17
2.874267947795808e-17
2.8751740791487806e-17
2.876080210501752e-17
2.8774394075312094e-17
2.878798604560667e-17
2.8801578015901246e-17
2.881063932943097e-17
2.8819700642960684e-17
2.88287619564904e-17
2.883782327002012e-17
2.8851415240314686e-17
2.886047655384441e-17
2.8869537867374136e-17
2.887859918090385e-17
2.8910313778257864e-17
2.8919375091787577e-17
2.8942028375611865e-17
2.896468165943618e-17
2.897374297296588e-17
2.8982804286495605e-17
2.899186560002533e-17
2.900092691355503e-17
2.9009988227084756e-17
2.9028110854144194e-17
2.904170282443877e-17
2.9055294794733346e-17
2.9077948078557647e-17
2.909607070561707e-17
2.911872398944136e-17
2.913684661650081e-17
2.9164030557089963e-17
2.917309187061969e-17
2.9191214497679115e-17
2.920480646797369e-17
2.9213867781503403e-17
2.922292909503313e-17
2.924558237885742e-17
2.927729697621143e-17
2.929995026003572e-17
2.9309011573565446e-17
2.932713420062487e-17
2.9349787484449185e-17
2.93815020818032e-17
2.939509405209776e-17
2.940868602239235e-17
2.941774733592205e-17
2.94358699629815e-17
2.9449461933276065e-17
2.946305390357065e-17
2.9472115217100366e-17
2.948570718739494e-17
2.949929915768953e-17
2.9512891127984093e-17
2.952195244151382e-17
2.9558197695632695e-17
2.957632032269212e-17
2.9589912292986697e-17
2.9608034920046135e-17
2.962615754710556e-17
2.9653341487694725e-17
2.9685056085048727e-17
2.970317871210818e-17
2.9721301339167603e-17
2.973489330946219e-17
2.975301593652162e-17
2.976207725005134e-17
2.9775669220345906e-17
2.9793791847405357e-17
2.980738381769992e-17
2.982097578799451e-17
2.983456775828907e-17
2.9857221042113385e-17
2.987534366917281e-17
2.98979969529971e-17
2.991158892329169e-17
2.992518089358625e-17
2.994783417741055e-17
2.9956895490940265e-17
2.9984079431529416e-17
3.000673271535372e-17
3.0024855342413156e-17
3.003844731270773e-17
3.005656993976717e-17
3.006563125329688e-17
3.007922322359146e-17
3.0088284537121184e-17
3.0097345850650897e-17
3.0115468477710335e-17
3.012906044800491e-17
3.014718307506435e-17
3.016077504535891e-17
3.016983635888864e-17
3.020155095624265e-17
3.022420424006694e-17
3.023779621036153e-17
3.025138818065609e-17
3.026951080771554e-17
3.0283102778010106e-17
3.029216409153983e-17
3.0301225405069556e-17
3.031481737536412e-17
3.033294000242356e-17
3.0346531972718134e-17
3.036012394301272e-17
3.036918525654242e-17
3.038277722683701e-17
3.0396369197131586e-17
3.0414491824191025e-17
3.0437145108015313e-17
3.044620642154504e-17
3.046885970536933e-17
3.047792101889905e-17
3.0491512989193616e-17
3.051416627301792e-17
3.052322758654763e-17
3.054588087037192e-17
3.0554942183901644e-17
3.056400349743137e-17
3.058665678125566e-17
3.061384072184481e-17
3.06274326921394e-17
3.0650085975963686e-17
3.068633123008256e-17
3.0695392543612264e-17
3.070445385714199e-17
3.0713515170671714e-17
3.072257648420143e-17
3.0740699111260866e-17
3.075882173832029e-17
3.076788305185002e-17
3.078600567890944e-17
3.079959764920403e-17
3.0808658962733744e-17
3.0831312246558045e-17
3.084490421685261e-17
3.0853965530382334e-17
3.086302684391206e-17
3.087208815744177e-17
3.0881149470971485e-17
3.089474144126607e-17
3.091739472509036e-17
3.093551735214979e-17
3.0949109322444376e-17
3.09672319495038e-17
3.0994415890092953e-17
3.1017069173917254e-17
3.103066114421183e-17
3.104425311450642e-17
3.1062375741565844e-17
3.107143705509557e-17
3.109409033891986e-17
3.112580493627387e-17
3.114845822009816e-17
3.118470347421704e-17
3.119376478774676e-17
3.121641807157105e-17
3.123454069863048e-17
3.126625529598449e-17
3.127984726627908e-17
3.128890857980878e-17
3.130703120686823e-17
3.132968449069252e-17
3.135686843128167e-17
3.137499105834111e-17
3.138405237187082e-17
3.1406705655695123e-17
3.1433889596284275e-17
3.146107353687344e-17
3.1474665507168e-17
3.148372682069773e-17
3.149731879099229e-17
3.1519972074816604e-17
3.153356404511117e-17
3.154262535864089e-17
3.155621732893547e-17
3.1569809299230044e-17
3.158340126952462e-17
3.1596993239819195e-17
3.1619646523643484e-17
3.1637769150702934e-17
3.166948374805695e-17
3.167854506158665e-17
3.1687606375116374e-17
3.16966676886461e-17
3.17057290021758e-17
3.1714790315705526e-17
3.1732912942764964e-17
3.174197425629468e-17
3.17510355698244e-17
3.1778219510413554e-17
3.179181148070813e-17
3.180087279423784e-17
3.180993410776757e-17
3.1818995421297293e-17
3.183711804835672e-17
3.186430198894587e-17
3.1873363302475596e-17
3.190507789982961e-17
3.191413921335931e-17
3.19277311836539e-17
3.1941323153948474e-17
3.1968507094537626e-17
3.197756840806734e-17
3.200475234865649e-17
3.2013813662186215e-17
3.202287497571594e-17
3.204552825954023e-17
3.2081773513659106e-17
3.2104426797483395e-17
3.2127080081307684e-17
3.2149733365131985e-17
3.216785599219142e-17
3.2181447962485986e-17
3.2195039932780574e-17
3.22041012463103e-17
3.221316255984e-17
3.2222223873369726e-17
3.224034650042915e-17
3.224940781395888e-17
3.22584691274886e-17
3.2272061097783166e-17
3.230377569513718e-17
3.232642897896148e-17
3.2335490292491194e-17
3.234908226278578e-17
3.236720488984521e-17
3.2380796860139796e-17
3.239891948719922e-17
3.240798080072895e-17
3.242157277102351e-17
3.24351647413181e-17
3.245781802514239e-17
3.248500196573154e-17
3.2494063279261264e-17
3.252577787661528e-17
3.253483919014499e-17
3.2548431160439567e-17
3.2566553787499005e-17
3.258014575779358e-17
3.2589207071323306e-17
3.261639101191246e-17
3.264810560926647e-17
3.267075889309076e-17
3.2688881520150186e-17
3.2707004147209637e-17
3.27205961175042e-17
3.2729657431033925e-17
3.27432494013285e-17
3.276137202838794e-17
3.2774963998682515e-17
3.2793086625741954e-17
3.2820270566331105e-17
3.283839319339053e-17
3.285198516368512e-17
3.2870107790744545e-17
3.2888230417803996e-17
3.2910883701628284e-17
3.2938067642217436e-17
3.295165961251201e-17
3.298337420986601e-17
3.29969661801606e-17
3.3010558150455177e-17
3.3028680777514615e-17
3.304227274780919e-17
3.306039537486863e-17
3.307398734516319e-17
3.308757931545778e-17
3.3101171285752356e-17
3.312382456957666e-17
3.316460048046037e-17
3.317819245075496e-17
3.3191784421049523e-17
3.320084573457925e-17
3.3209907048108974e-17
3.321896836163869e-17
3.323256033193326e-17
3.324615230222785e-17
3.32823975563467e-17
3.3300520183406153e-17
3.3309581496935866e-17
3.332317346723044e-17
3.333223478076017e-17
3.334129609428987e-17
3.3354888064584456e-17
3.337301069164388e-17
3.339113331870333e-17
3.3418317259292484e-17
3.34590931701762e-17
3.347721579723565e-17
3.3508930394589664e-17
3.3522522364884227e-17
3.3536114335178815e-17
3.354970630547338e-17
3.358142090282739e-17
3.359501287312198e-17
3.3604074186651693e-17
3.3626727470475994e-17
3.366297272459486e-17
3.36810953516543e-17
3.369921797871372e-17
3.3717340605773174e-17
3.373999388959746e-17
3.376264717342175e-17
3.377623914371634e-17
3.3794361770775765e-17
3.380342308430549e-17
3.3812484397835204e-17
3.3821545711364917e-17
3.383060702489464e-17
3.383966833842437e-17
3.3857790965483793e-17
3.386685227901352e-17
3.389403621960267e-17
3.3907628189897233e-17
3.392122016019182e-17
3.394840410078097e-17
3.39574654143107e-17
3.3975588041370124e-17
3.398918001166471e-17
3.399824132519441e-17
3.4016363952253863e-17
3.4029955922548427e-17
3.404807854960788e-17
3.407526249019703e-17
3.408432380372673e-17
3.4093385117256455e-17
3.410244643078618e-17
3.412509971461047e-17
3.4143222341669895e-17
3.415681431196448e-17
3.417946759578877e-17
3.4188528909318497e-17
3.419759022284821e-17
3.4224774163437374e-17
3.4233835476967074e-17
3.426101941755624e-17
3.429273401491024e-17
3.431538729873455e-17
3.4324448612264254e-17
3.433804058255884e-17
3.436069386638313e-17
3.437881649344257e-17
3.4392408463737144e-17
3.440146977726687e-17
3.441506174756143e-17
3.442865371785602e-17
3.445583765844517e-17
3.44648989719749e-17
3.4483021599034324e-17
3.44966135693289e-17
3.450567488285861e-17
3.4523797509918063e-17
3.4537389480212627e-17
3.454645079374235e-17
3.4555512107272065e-17
3.4578165391096366e-17
3.458722670462608e-17
3.459628801815579e-17
3.4623471958744943e-17
3.465518655609896e-17
3.4673309183158396e-17
3.470049312374756e-17
3.470955443727726e-17
3.472767706433671e-17
3.4736738377866424e-17
3.475486100492586e-17
3.4782044945515013e-17
3.48046982293393e-17
3.482282085639874e-17
3.4831882169928453e-17
3.4850004796987904e-17
3.4859066110517605e-17
3.486812742404733e-17
3.4877188737577056e-17
3.489531136463648e-17
3.4904372678166207e-17
3.491796464846077e-17
3.4940617932285084e-17
3.495874055934451e-17
3.4967801872874235e-17
3.498592449993366e-17
3.499951647022825e-17
3.502216975405254e-17
3.5044823037876826e-17
3.5062945664936265e-17
3.507200697846598e-17
3.50810682919957e-17
3.5094660262290266e-17
3.5108252232584854e-17
3.514449748670373e-17
3.515355880023343e-17
3.516262011376316e-17
3.5180742740822595e-17
3.5203396024646896e-17
3.521245733817661e-17
3.523057996523605e-17
3.5248702592295474e-17
3.528041718964949e-17
3.530760113023864e-17
3.532572375729809e-17
3.5343846384357516e-17
3.535290769788724e-17
3.536196901141694e-17
3.537556098171153e-17
3.5384622295241255e-17
3.539821426553582e-17
3.5407275579065544e-17
3.542992886288983e-17
3.543899017641956e-17
3.544805148994927e-17
3.5457112803478984e-17
3.5475235430538435e-17
3.5484296744068135e-17
3.549335805759786e-17
3.5511480684657287e-17
3.553866462524645e-17
3.558397119289504e-17
3.5602093819954466e-17
3.5615685790249054e-17
3.562474710377877e-17
3.563833907407334e-17
3.565646170113278e-17
3.567458432819222e-17
3.5688176298486795e-17
3.5706298925546234e-17
3.5715360239075947e-17
3.5733482866135385e-17
3.5756136149959674e-17
3.576972812025426e-17
3.578785074731369e-17
3.5805973374373126e-17
3.583315731496228e-17
3.586034125555144e-17
3.587846388261087e-17
3.589205585290544e-17
3.591017847996488e-17
3.592830110702431e-17
3.594642373408376e-17
3.595548504761347e-17
3.5964546361143184e-17
3.597360767467291e-17
3.598266898820262e-17
3.600079161526206e-17
3.6014383585556636e-17
3.602344489908635e-17
3.604156752614579e-17
3.6055159496440363e-17
3.6082343437029515e-17
3.6109527377618666e-17
3.6127650004678117e-17
3.613671131820782e-17
3.614577263173754e-17
3.616842591556183e-17
3.6177487229091557e-17
3.618654854262128e-17
3.6200140512915845e-17
3.620920182644557e-17
3.6227324453504997e-17
3.623638576703472e-17
3.62499777373293e-17
3.6268100364388736e-17
3.627716167791846e-17
3.628622299144816e-17
3.629528430497789e-17
3.6308876275272463e-17
3.632246824556704e-17
3.634059087262648e-17
3.6358713499685916e-17
3.636777481321563e-17
3.638589744027507e-17
3.640402006733449e-17
3.641761203762908e-17
3.643573466468851e-17
3.645838794851281e-17
3.6476510575572246e-17
3.648557188910197e-17
3.650822517292626e-17
3.6517286486455973e-17
3.653087845675055e-17
3.654447042704514e-17
3.6562593054104563e-17
3.657165436763429e-17
3.658524633792885e-17
3.659430765145858e-17
3.660789962175315e-17
3.662602224881259e-17
3.664867553263688e-17
3.666226750293147e-17
3.667585947322603e-17
3.669398210028548e-17
3.670304341381518e-17
3.671663538410977e-17
3.6734758011169197e-17
3.6748349981463785e-17
3.67800645788178e-17
3.679365654911236e-17
3.680271786264209e-17
3.6820840489701513e-17
3.68344324599961e-17
3.6848024430290665e-17
3.687520837087983e-17
3.6893330997939267e-17
3.692051493852842e-17
3.6956760192647295e-17
3.697035216294186e-17
3.6983944133236446e-17
3.699753610353101e-17
3.702018938735532e-17
3.703831201441475e-17
3.7051903984709325e-17
3.707002661176876e-17
3.707908792529849e-17
3.708814923882819e-17
3.7097210552357914e-17
3.710627186588764e-17
3.71198638361822e-17
3.7137986463241654e-17
3.715157843353622e-17
3.716063974706594e-17
3.717876237412537e-17
3.7192354344419956e-17
3.720594631471452e-17
3.721953828500911e-17
3.722859959853883e-17
3.724672222559826e-17
3.7255783539127984e-17
3.727390616618741e-17
3.7282967479717136e-17
3.72965594500117e-17
3.731468207707115e-17
3.732374339060085e-17
3.73418660176603e-17
3.7355457987954865e-17
3.7373580615014315e-17
3.738717258530888e-17
3.7396233898838604e-17
3.740982586913318e-17
3.741888718266289e-17
3.742794849619262e-17
3.7441540466487194e-17
3.7473255063841195e-17
3.7486847034135783e-17
3.750950031796007e-17
3.752309228825466e-17
3.7541214915314086e-17
3.7559337542373524e-17
3.75729295126681e-17
3.7586521482962676e-17
3.759558279649239e-17
3.7609174766786977e-17
3.761823608031669e-17
3.76272973938464e-17
3.764088936414099e-17
3.7659011991200417e-17
3.7699787902084156e-17
3.771337987237872e-17
3.773603315620302e-17
3.775868644002732e-17
3.7772278410321885e-17
3.7790401037381336e-17
3.7799462350911036e-17
3.780852366444076e-17
3.786742220238393e-17
3.7881014172678515e-17
3.789460614297308e-17
3.7903667456502804e-17
3.791725942679738e-17
3.792632074032709e-17
3.793991271062168e-17
3.7976157964740545e-17
3.7998811248564846e-17
3.8025995189154e-17
3.803505650268371e-17
3.805317912974315e-17
3.806677110003771e-17
3.808489372709716e-17
3.810754701092145e-17
3.8116608324451177e-17
3.8139261608275465e-17
3.814832292180519e-17
3.817097620562948e-17
3.8180037519159205e-17
3.8207221459748356e-17
3.8216282773278057e-17
3.826158934092666e-17
3.827518131122122e-17
3.828424262475095e-17
3.831595722210496e-17
3.832954919239955e-17
3.834314116269411e-17
3.835220247622384e-17
3.83657944465184e-17
3.8374855760048127e-17
3.838391707357785e-17
3.8397509043872416e-17
3.8415631670931866e-17
3.8424692984461567e-17
3.845187692505073e-17
3.846999955211017e-17
3.847906086563988e-17
3.8488122179169595e-17
3.8506244806229046e-17
3.8556082030642486e-17
3.856514334417221e-17
3.85877966279965e-17
3.861044991182079e-17
3.8619511225350514e-17
3.863310319564508e-17
3.865122582270453e-17
3.8673879106528816e-17
3.8696532390353105e-17
3.870559370388283e-17
3.8723716330942257e-17
3.873277764447198e-17
3.874183895800171e-17
3.877808421212057e-17
3.879167618241515e-17
3.8805268152709735e-17
3.8832452093298887e-17
3.885057472035831e-17
3.886869734741775e-17
3.8877758660947464e-17
3.88958812880069e-17
3.891400391506634e-17
3.8932126542125767e-17
3.8945718512420355e-17
3.895931048271492e-17
3.897743310977437e-17
3.9013678363893233e-17
3.9022739677422946e-17
3.903180099095267e-17
3.90499236180121e-17
3.905898493154182e-17
3.908163821536611e-17
3.9090699528895837e-17
3.911788346948499e-17
3.9136006096544427e-17
3.916319003713358e-17
3.9176782007428154e-17
3.9203965948017305e-17
3.921302726154703e-17
3.923568054537132e-17
3.924927251566591e-17
3.925833382919561e-17
3.926739514272533e-17
3.927645645625506e-17
3.9294579083314484e-17
3.930817105360907e-17
3.9339885650963086e-17
3.934894696449279e-17
3.9362538934787375e-17
3.937160024831709e-17
3.93806615618468e-17
3.939425353214139e-17
3.94033148456711e-17
3.9430498786260254e-17
3.944862141331969e-17
3.946674404037912e-17
3.9480336010673706e-17
3.949845863773313e-17
3.950751995126286e-17
3.953470389185201e-17
3.9548295862146597e-17
3.95573571756763e-17
3.958454111626545e-17
3.9598133086560037e-17
3.960719440008976e-17
3.962531702714919e-17
3.9643439654208614e-17
3.9661562281268065e-17
3.967062359479778e-17
3.969327687862208e-17
3.970686884891664e-17
3.9734052789505793e-17
3.9752175416565244e-17
3.978842067068411e-17
3.9806543297743547e-17
3.982466592480297e-17
3.9847319208627274e-17
3.9856380522156987e-17
3.9869972492451575e-17
3.990168708980559e-17
3.991527906010015e-17
3.9937932343924453e-17
3.9946993657454166e-17
3.9969646941278455e-17
3.997870825480818e-17
3.9987769568337906e-17
4.000136153863247e-17
4.001495350892706e-17
4.002854547922163e-17
4.0037606792751346e-17
4.004666810628107e-17
4.0060260076575634e-17
4.006932139010536e-17
4.008291336039995e-17
4.009197467392965e-17
4.0101035987459374e-17
4.013275058481339e-17
4.0146342555107964e-17
4.015993452540254e-17
4.0168995838932265e-17
4.018258780922683e-17
4.0196179779521416e-17
4.020524109305113e-17
4.022336372011057e-17
4.023695569040513e-17
4.025507831746458e-17
4.0286792914818595e-17
4.030038488511316e-17
4.031850751217261e-17
4.034569145276176e-17
4.037287539335091e-17
4.0381936706880625e-17
4.0404589990704926e-17
4.0427243274529215e-17
4.0449896558353503e-17
4.0468019185412954e-17
4.048161115570752e-17
4.050426443953182e-17
4.051332575306153e-17
4.052691772335612e-17
4.054957100718041e-17
4.057675494776956e-17
4.0590346918064135e-17
4.06175308586533e-17
4.063112282894786e-17
4.064471479924245e-17
4.065377611277215e-17
4.069455202365589e-17
4.0703613337185616e-17
4.073079727777477e-17
4.074438924806933e-17
4.0767042531893644e-17
4.0776103845423344e-17
4.078969581571793e-17
4.081234909954222e-17
4.083047172660166e-17
4.0844063696896235e-17
4.085765566719081e-17
4.088030895101511e-17
4.089843157807454e-17
4.0912023548369126e-17
4.094826880248799e-17
4.097092208631229e-17
4.1007167340431156e-17
4.103888193778517e-17
4.104794325131488e-17
4.107059653513917e-17
4.1079657848668897e-17
4.108871916219862e-17
4.1097780475728335e-17
4.111137244602291e-17
4.1124964416317486e-17
4.11340257298472e-17
4.1143087043376925e-17
4.11566790136715e-17
4.1170270983966076e-17
4.122463886514438e-17
4.124276149220383e-17
4.127447608955783e-17
4.128806805985241e-17
4.1301660030146995e-17
4.131978265720642e-17
4.1328843970736146e-17
4.1351497254560435e-17
4.136508922485501e-17
4.139680382220901e-17
4.14103957925036e-17
4.1419457106033326e-17
4.144664104662248e-17
4.1464763673681903e-17
4.148741695750619e-17
4.149647827103592e-17
4.1510070241330505e-17
4.1541784838684507e-17
4.157349943603852e-17
4.1587091406333097e-17
4.1632397973981686e-17
4.165505125780599e-17
4.166864322810055e-17
4.168676585516e-17
4.170488848221943e-17
4.171394979574915e-17
4.1727541766043716e-17
4.178190964722203e-17
4.1795501617516607e-17
4.180909358781118e-17
4.182721621487062e-17
4.1840808185165196e-17
4.1858930812224635e-17
4.18725227825192e-17
4.1886114752813786e-17
4.1908768036638075e-17
4.19178293501678e-17
4.194048263399209e-17
4.195860526105153e-17
4.196766657458124e-17
4.199485051517039e-17
4.200844248546498e-17
4.203109576928927e-17
4.205827970987842e-17
4.2067341023408145e-17
4.2089994307232434e-17
4.210358627752702e-17
4.212623956135131e-17
4.21488928451756e-17
4.216701547223504e-17
4.2180607442529613e-17
4.219873006958905e-17
4.2234975323707916e-17
4.2253097950767367e-17
4.227122057782679e-17
4.229387386165108e-17
4.2325588459005095e-17
4.2348241742829384e-17
4.236183371312397e-17
4.23708950266537e-17
4.238448699694826e-17
4.2393548310477986e-17
4.2416201594302275e-17
4.2425262907832e-17
4.2443385534891426e-17
4.247056947548058e-17
4.248869210254003e-17
4.250228407283459e-17
4.251587604312918e-17
4.252493735665889e-17
4.2547590640483193e-17
4.256571326754262e-17
4.259289720813177e-17
4.260648917842636e-17
4.2624611805485785e-17
4.263367311901551e-17
4.2642734432545223e-17
4.2651795746074936e-17
4.2669918373134387e-17
4.269710231372354e-17
4.270616362725324e-17
4.273787822460725e-17
4.274693953813698e-17
4.276959282196127e-17
4.279224610578557e-17
4.2805838076080144e-17
4.281489938960987e-17
4.2833022016669295e-17
4.284208333019902e-17
4.2855675300493584e-17
4.286926727078817e-17
4.2878328584317885e-17
4.2896451211377323e-17
4.29100431816719e-17
4.291910449520161e-17
4.29326964654962e-17
4.294175777902591e-17
4.2964411062850214e-17
4.2973472376379915e-17
4.29870643466745e-17
4.300518697373393e-17
4.3014248287263654e-17
4.302784025755823e-17
4.303690157108794e-17
4.305049354138253e-17
4.3068616168441957e-17
4.307767748197168e-17
4.311392273609056e-17
4.3132045363149985e-17
4.314563733344456e-17
4.3159229303739136e-17
4.3177351930798574e-17
4.319094390109315e-17
4.320453587138774e-17
4.32181278416823e-17
4.3227189155212027e-17
4.323625046874174e-17
4.324531178227145e-17
4.325437309580118e-17
4.3277026379625467e-17
4.328608769315519e-17
4.3295149006684905e-17
4.3313271633744344e-17
4.332233294727407e-17
4.3363108858157784e-17
4.337670082845237e-17
4.3390292798746935e-17
4.340388476904152e-17
4.34174767393361e-17
4.344466067992525e-17
4.346278330698469e-17
4.348543659080898e-17
4.351262053139813e-17
4.3526212501692716e-17
4.353980447198728e-17
4.355339644228187e-17
4.3571519069341294e-17
4.360323366669531e-17
4.3616825636989896e-17
4.363041760728446e-17
4.3639478920814184e-17
4.365760154787361e-17
4.3666662861403336e-17
4.369384680199249e-17
4.3711969429051926e-17
4.3730092056111364e-17
4.375274533993565e-17
4.376633731023024e-17
4.377539862375994e-17
4.3802582564349105e-17
4.381164387787882e-17
4.3834297161703107e-17
4.385241978876256e-17
4.3888665042881434e-17
4.391131832670572e-17
4.3924910297000286e-17
4.3938502267294874e-17
4.395209423758945e-17
4.396115555111916e-17
4.39792781781786e-17
4.3992870148473177e-17
4.402458474582719e-17
4.404723802965148e-17
4.406989131347578e-17
4.4083483283770356e-17
4.409254459730008e-17
4.410160591082978e-17
4.411519788112437e-17
4.414238182171352e-17
4.415597379200811e-17
4.41786270758324e-17
4.419221904612696e-17
4.420581101642155e-17
4.4237525613775564e-17
4.425111758407013e-17
4.427830152465929e-17
4.4291893494953866e-17
4.430548546524844e-17
4.432360809230788e-17
4.434626137613217e-17
4.4355322689661895e-17
4.4377975973486183e-17
4.4405159914075335e-17
4.441422122760506e-17
4.4427813197899636e-17
4.4450466481723937e-17
4.44640584520185e-17
4.447765042231309e-17
4.4500303706137377e-17
4.451389567643195e-17
4.452748764672653e-17
4.455920224408054e-17
4.456826355761027e-17
4.457732487113997e-17
4.459544749819942e-17
4.4613570125258845e-17
4.4631692752318295e-17
4.4640754065847996e-17
4.464981537937772e-17
4.467699931996687e-17
4.469512194702631e-17
4.4708713917320887e-17
4.472230588761546e-17
4.473589785791004e-17
4.4749489828204626e-17
4.478573508232348e-17
4.4799327052618066e-17
4.480838836614779e-17
4.483557230673694e-17
4.485369493379637e-17
4.487181756085581e-17
4.4912593471739534e-17
4.493524675556382e-17
4.4957900039388136e-17
4.496696135291784e-17
4.4980553323212425e-17
4.498961463674214e-17
4.5003206607036714e-17
4.50167985773313e-17
4.5043982517920453e-17
4.5071166458509605e-17
4.5093819742333893e-17
4.510288105586362e-17
4.511647302615818e-17
4.5148187623512196e-17
4.515724893704192e-17
4.517537156410135e-17
4.51934941911608e-17
4.520708616145536e-17
4.522520878851481e-17
4.5238800758809375e-17
4.52478620723391e-17
4.527051535616339e-17
4.528863798322283e-17
4.5329413894106555e-17
4.533847520763628e-17
4.5352067177930843e-17
4.538831243204972e-17
4.540643505910916e-17
4.542908834293346e-17
4.5447210969992886e-17
4.5460802940287474e-17
4.5487986880876625e-17
4.550157885117119e-17
4.5510640164700914e-17
4.551970147823064e-17
4.5555946732349503e-17
4.556953870264408e-17
4.559219198646837e-17
4.561937592705752e-17
4.563749855411697e-17
4.564655986764668e-17
4.566015183794126e-17
4.5673743808235834e-17
4.5700927748825e-17
4.57099890623547e-17
4.5723581032649286e-17
4.574170365970871e-17
4.57552956300033e-17
4.5787010227357315e-17
4.5796071540887015e-17
4.581872482471133e-17
4.582778613824103e-17
4.584137810853562e-17
4.5864031392359906e-17
4.5886684676184195e-17
4.5904807303243645e-17
4.5927460587067934e-17
4.594558321412736e-17
4.595917518442195e-17
4.599088978177596e-17
4.602713503589484e-17
4.603619634942454e-17
4.605884963324885e-17
4.607697226030828e-17
4.6113217514427156e-17
4.613134014148658e-17
4.614493211178117e-17
4.615399342531087e-17
4.616758539560546e-17
4.619476933619461e-17
4.622195327678376e-17
4.62627291876675e-17
4.62717905011972e-17
4.6280851814726926e-17
4.628991312825665e-17
4.6298974441786365e-17
4.6321627725610666e-17
4.634881166619982e-17
4.6366934293259243e-17
4.638052626355383e-17
4.640317954737812e-17
4.643036348796727e-17
4.6439424801496996e-17
4.645301677179156e-17
4.646660874208615e-17
4.648020071238071e-17
4.64937926826753e-17
4.6507384652969875e-17
4.6525507280029313e-17
4.6534568593559026e-17
4.655722187738333e-17
4.656628319091304e-17
4.6579875161207616e-17
4.6597997788267054e-17
4.6620651072091355e-17
4.6629712385621056e-17
4.663877369915078e-17
4.667501895326966e-17
4.670220289385881e-17
4.6738448147977686e-17
4.6761101431801975e-17
4.67701627453317e-17
4.6783754715626263e-17
4.679734668592085e-17
4.681546931298028e-17
4.6838122596804566e-17
4.684718391033429e-17
4.6856245223864017e-17
4.688342916445317e-17
4.689249047798288e-17
4.690608244827746e-17
4.6919674418572045e-17
4.693326638886661e-17
4.6951389015926047e-17
4.698310361328006e-17
4.701481821063406e-17
4.7042002151223226e-17
4.706465543504753e-17
4.7087308718871816e-17
4.709637003240154e-17
4.711902331622583e-17
4.7132615286520405e-17
4.714620725681498e-17
4.716432988387441e-17
4.718245251093386e-17
4.7200575137993284e-17
4.720963645152301e-17
4.721869776505272e-17
4.7241351048877023e-17
4.726400433270131e-17
4.72775963029959e-17
4.7295718930055326e-17
4.731384155711475e-17
4.732290287064448e-17
4.7341025497703916e-17
4.7359148124763354e-17
4.738180140858764e-17
4.739539337888223e-17
4.742710797623623e-17
4.7454291916825396e-17
4.747241454388482e-17
4.7504129141238836e-17
4.751772111153341e-17
4.755849702241714e-17
4.7572088992711727e-17
4.758115030624143e-17
4.759021161977115e-17
4.759927293330088e-17
4.760833424683059e-17
4.764004884418459e-17
4.765364081447918e-17
4.7662702128008906e-17
4.768988606859806e-17
4.771707000918721e-17
4.773066197948177e-17
4.7762376576835786e-17
4.7775968547130374e-17
4.780768314448439e-17
4.7825805771543814e-17
4.7848459055368103e-17
4.7866581682427554e-17
4.790282693654642e-17
4.7916418906840994e-17
4.792548022037072e-17
4.7943602847430145e-17
4.7957194817724733e-17
4.797531744478416e-17
4.79934400718436e-17
4.800250138537331e-17
4.802062401243276e-17
4.803874663949219e-17
4.8061399923316476e-17
4.8074991893611064e-17
4.808858386390563e-17
4.8102175834200215e-17
4.812029846125964e-17
4.813842108831909e-17
4.814748240184879e-17
4.815654371537852e-17
4.8174666342437944e-17
4.818825831273253e-17
4.819731962626226e-17
4.8215442253321684e-17
4.823809553714597e-17
4.825621816420542e-17
4.8269810134499986e-17
4.827887144802971e-17
4.8301524731854e-17
4.83468312995026e-17
4.838760721038632e-17
4.8401199180680905e-17
4.8423852464505194e-17
4.843291377803492e-17
4.8451036405094345e-17
4.846009771862407e-17
4.8473689688918634e-17
4.849634297274295e-17
4.85325882268618e-17
4.8541649540391524e-17
4.85778947945104e-17
4.8591486764804965e-17
4.860054807833469e-17
4.862320136215898e-17
4.864132398921843e-17
4.8659446616277855e-17
4.8677569243337294e-17
4.869116121363187e-17
4.8700222527161595e-17
4.8727406467750746e-17
4.8750059751575035e-17
4.8799896975988475e-17
4.88089582895182e-17
4.883614223010735e-17
4.887238748422623e-17
4.8895040768050517e-17
4.8913163395109955e-17
4.8931286022169394e-17
4.894034733569912e-17
4.897206193305313e-17
4.8981123246582834e-17
4.899471521687742e-17
4.9008307187171985e-17
4.9026429814231436e-17
4.904455244129086e-17
4.90626750683503e-17
4.9076267038644876e-17
4.90853283521746e-17
4.9098920322469164e-17
4.9117042949528615e-17
4.914875754688263e-17
4.915781886041233e-17
4.917594148747178e-17
4.9194064114531206e-17
4.920312542806093e-17
4.924390133894466e-17
4.9257493309239235e-17
4.9280146593063523e-17
4.929373856335811e-17
4.9307330533652675e-17
4.934357578777155e-17
4.935716775806614e-17
4.938435169865529e-17
4.9402474325714717e-17
4.9416066296009305e-17
4.9438719579833593e-17
4.945231155012817e-17
4.948402614748217e-17
4.9506679431306484e-17
4.952480205836591e-17
4.9542924685425336e-17
4.957916993954421e-17
4.959729256660365e-17
4.9606353880133364e-17
4.9629007163957665e-17
4.9647129791017104e-17
4.9660721761311667e-17
4.968337504513598e-17
4.9696967015430544e-17
4.971055898572513e-17
4.973321226954942e-17
4.9764926866903434e-17
4.977851883719801e-17
4.981023343455201e-17
4.9832886718376325e-17
4.984647868867089e-17
4.9855540002200614e-17
4.9882723942789765e-17
4.989631591308434e-17
4.9905377226614054e-17
4.9932561167203205e-17
4.9946153137497793e-17
4.996427576455722e-17
4.999145970514637e-17
5.001864364573552e-17
5.0041296929559835e-17
5.0050358243089536e-17
5.0068480870148987e-17
5.008660349720841e-17
5.0113787437797564e-17
5.012284875132729e-17
5.0140971378386715e-17
5.0154563348681303e-17
5.017268597574073e-17
5.022252320015418e-17
5.0231584513683895e-17
5.024064582721362e-17
5.0249707140743345e-17
5.028142173809735e-17
5.030407502192165e-17
5.033578961927566e-17
5.0349381589570226e-17
5.0362973559864814e-17
5.0376565530159377e-17
5.0390157500453965e-17
5.039921881398368e-17
5.0417341441043116e-17
5.045358669516199e-17
5.047623997898628e-17
5.049436260604571e-17
5.050342391957543e-17
5.0530607860164584e-17
5.053966917369431e-17
5.055326114398887e-17
5.056685311428346e-17
5.0575914427813186e-17
5.0598567711637475e-17
5.060762902516719e-17
5.06393436225212e-17
5.0675588876640067e-17
5.070730347399408e-17
5.0716364787523806e-17
5.072542610105353e-17
5.0739018071348095e-17
5.074807938487782e-17
5.0766202011937246e-17
5.0779793982231834e-17
5.080244726605612e-17
5.0829631206645274e-17
5.085228449046956e-17
5.086134580399929e-17
5.0879468431058714e-17
5.090212171488303e-17
5.0924774998707316e-17
5.093836696900189e-17
5.095195893929647e-17
5.097914287988562e-17
5.0988204193415344e-17
5.100179616370991e-17
5.101991879076936e-17
5.102898010429906e-17
5.1042572074593647e-17
5.105163338812337e-17
5.107428667194766e-17
5.1092409299007087e-17
5.1106001269301675e-17
5.1133185209890826e-17
5.115130783695025e-17
5.116036915047998e-17
5.11694304640097e-17
5.1196614404598854e-17
5.1246451629012294e-17
5.126004359930688e-17
5.1291758196660884e-17
5.13008195101906e-17
5.132800345077975e-17
5.1364248704898625e-17
