4.589503571470652e-19
6.159688706189123e-19
7.72987384090784e-19
1.0870244110345028e-18
1.1917034200157506e-18
1.3487219334876223e-18
1.4534009424688578e-18
1.6104194559407172e-18
1.715098464921965e-18
1.8721169783938367e-18
2.0814749963563077e-18
2.1861540053375555e-18
2.2908330143188033e-18
2.4478515277906503e-18
2.552530536771898e-18
2.70954905024377e-18
2.8142280592250177e-18
2.9712465726968647e-18
3.0759255816781125e-18
3.2329440951499842e-18
3.4423021131124552e-18
3.546981122093703e-18
3.703999635565575e-18
3.80867864454681e-18
3.913357653528046e-18
4.0180366625092935e-18
4.175055175981165e-18
4.279734184962401e-18
4.43675269843426e-18
4.541431707415508e-18
4.646110716396756e-18
4.803129229868603e-18
4.9078082388498506e-18
5.117166256812346e-18
5.326524274774817e-18
5.483542788246689e-18
5.745240310699808e-18
5.849919319681056e-18
6.0069378331528786e-18
6.16395634662475e-18
6.268635355605998e-18
6.477993373568494e-18
6.5826723825497415e-18
6.792030400512237e-18
6.94904891398406e-18
7.053727922965307e-18
7.158406931946555e-18
7.315425445418427e-18
7.472443958890299e-18
7.62946247236217e-18
7.734141481343418e-18
7.943499499305864e-18
8.048178508287112e-18
8.205197021758984e-18
8.41455503972148e-18
8.571573553193351e-18
8.676252562174599e-18
8.780931571155798e-18
8.93795008462767e-18
9.147308102590165e-18
9.35666612055266e-18
9.461345129533908e-18
9.61836364300578e-18
9.827721660968226e-18
1.0037079678930722e-17
1.0298777201383841e-17
1.0455795714855713e-17
1.0612814228327536e-17
1.0717493237308783e-17
1.0926851255271279e-17
1.108386976874315e-17
1.1188548777724399e-17
1.134556729119627e-17
1.160726481364934e-17
1.1816622831611836e-17
1.1921301840593084e-17
1.2182999363046203e-17
1.2340017876518075e-17
1.2444696885499298e-17
1.2706394407952393e-17
1.3020431434896137e-17
1.3125110443877384e-17
1.3229789452858632e-17
1.338680796633048e-17
1.3491486975311702e-17
1.3753184497764822e-17
1.385786350674607e-17
1.401488202021794e-17
1.411956102919919e-17
1.4224240038180437e-17
1.4433598056142883e-17
1.4590616569614755e-17
1.4747635083086627e-17
1.4852314092067875e-17
1.4956993101049122e-17
1.5114011614520994e-17
1.5218690623502242e-17
1.5428048641464688e-17
1.5637406659427184e-17
1.5742085668408432e-17
1.5899104181880303e-17
1.6056122695352175e-17
1.626548071331462e-17
1.637015972229587e-17
1.6579517740258365e-17
1.678887575822086e-17
1.6945894271692732e-17
1.705057328067398e-17
1.715525228965518e-17
1.7259931298636426e-17
1.7364610307617674e-17
1.7469289316598922e-17
1.7626307830070794e-17
1.7888005352523913e-17
1.8149702874976983e-17
1.8306721388448855e-17
1.8568418910901975e-17
1.8725437424373846e-17
1.8934795442336342e-17
1.903947445131754e-17
1.9196492964789412e-17
1.9458190487242532e-17
1.956286949622378e-17
1.9667548505205027e-17
1.9929246027658122e-17
2.0033925036639345e-17
2.0190943550111217e-17
2.0295622559092465e-17
2.0557320081545584e-17
2.0661999090526832e-17
2.0871357108489303e-17
2.1133054630942398e-17
2.1499431162376765e-17
2.1656449675848637e-17
2.1761128684829885e-17
2.1865807693811083e-17
2.197048670279233e-17
2.207516571177358e-17
2.2284523729736075e-17
2.2598560756679818e-17
2.2807918774642264e-17
2.301727679260476e-17
2.327897431505788e-17
2.3383653324039127e-17
2.3488332333020375e-17
2.3593011342001623e-17
2.3750029855473445e-17
2.3854708864454693e-17
2.395938787343594e-17
2.4168745891398436e-17
2.4325764404870308e-17
2.448278291834218e-17
2.4692140936304626e-17
2.4796819945285874e-17
2.4953838458757746e-17
2.5215535981210865e-17
2.5372554494682737e-17
2.5529573008154584e-17
2.5738931026117055e-17
2.594828904407955e-17
2.6052968053060798e-17
2.6419344584495166e-17
2.6524023593476364e-17
2.673338161143886e-17
2.6890400124910732e-17
2.699507913389198e-17
2.715209764736385e-17
2.7413795169816946e-17
2.7570813683288793e-17
2.7727832196760665e-17
2.793719021472316e-17
2.809420872819503e-17
2.8251227241666904e-17
2.83559062506481e-17
2.85652642686106e-17
2.872228278208247e-17
2.898398030453559e-17
2.908865931351684e-17
2.9193338322498085e-17
2.935035683596991e-17
2.9455035844951155e-17
2.966439386291365e-17
2.9873751880876146e-17
3.008310989883864e-17
3.034480742129171e-17
3.044948643027296e-17
3.081586296170733e-17
3.09728814751792e-17
3.1129899988651046e-17
3.1339258006613517e-17
3.1443937015594765e-17
3.154861602457601e-17
3.165329503355726e-17
3.175797404253851e-17
3.1862653051519756e-17
3.2124350573972826e-17
3.2229029582954074e-17
3.233370859193532e-17
3.2490727105407193e-17
3.2647745618879065e-17
3.275242462786031e-17
3.285710363684156e-17
3.3171140663785255e-17
3.338049868174775e-17
3.3589856699710246e-17
3.374687521318212e-17
3.390389372665399e-17
3.416559124910706e-17
3.427027025808831e-17
3.4374949267069555e-17
3.4479628276050803e-17
3.458430728503205e-17
3.474132579850392e-17
3.4898344311975745e-17
3.510770232993824e-17
3.526472084341011e-17
3.552641836586323e-17
3.5683436879335104e-17
3.5788115888316327e-17
3.589279489729755e-17
3.604981341076942e-17
3.615449241975067e-17
3.6520868951185037e-17
3.678256647363811e-17
3.709660350058185e-17
3.725362201405372e-17
3.7410640527525594e-17
3.751531953650684e-17
3.761999854548809e-17
3.772467755446929e-17
3.788169606794116e-17
3.803871458141303e-17
3.8195733094884903e-17
3.8352751608356775e-17
3.8509770121828647e-17
3.866678863530047e-17
3.8771467644281717e-17
3.8876146653262965e-17
3.898082566224421e-17
3.9137844175716084e-17
3.924252318469733e-17
3.9661239220622274e-17
3.987059723858477e-17
4.013229476103789e-17
4.028931327450976e-17
4.039399228349101e-17
4.055101079696283e-17
4.065568980594408e-17
4.081270831941595e-17
4.09173873283972e-17
4.1022066337378446e-17
4.117908485085032e-17
4.133610336432219e-17
4.149312187779401e-17
4.1650140391265884e-17
4.1807158904737755e-17
4.196417741820963e-17
4.2068856427190875e-17
4.227821444515337e-17
4.2487572463115817e-17
4.2592251472097065e-17
4.269693048107831e-17
4.2853948994550184e-17
4.306330701251268e-17
4.322032552598455e-17
4.3377344039456374e-17
4.348202304843762e-17
4.374372057089074e-17
4.384839957987199e-17
4.4057757597834485e-17
4.421477611130633e-17
4.44241341292688e-17
4.4581152642740674e-17
4.4738171156212546e-17
4.494752917417504e-17
4.531390570560936e-17
4.5523263723571855e-17
4.568028223704373e-17
4.58373007505156e-17
4.5941979759496847e-17
4.6046658768478094e-17
4.615133777745929e-17
4.625601678644054e-17
4.641303529991241e-17
4.651771430889366e-17
4.677941183134678e-17
4.688409084032803e-17
4.704110935379985e-17
4.7250467371762346e-17
4.740748588523422e-17
4.7512164894215465e-17
4.7669183407687337e-17
4.7773862416668585e-17
4.787854142564983e-17
4.808789944361228e-17
4.83495969660654e-17
4.8454275975046646e-17
4.861129448851852e-17
4.887299201097161e-17
4.903001052444346e-17
4.918702903791533e-17
4.93440475513872e-17
4.95534055693497e-17
4.9658084578330946e-17
4.9762763587312194e-17
4.9919782100784017e-17
5.012914011874651e-17
5.023381912772776e-17
5.039083764119963e-17
5.0547856154671504e-17
5.065253516365275e-17
5.0757214172633975e-17
5.101891169508707e-17
5.1228269713049565e-17
