3.611211303411679e-19
5.658304461749344e-19
6.681851040918116e-19
7.705397620086887e-19
9.752490778424553e-19
1.1287810647177771e-18
1.282313051593099e-18
1.4358450384684208e-18
1.5381996963853102e-18
1.7429090122190645e-18
1.8964409990943863e-18
2.101150314928153e-18
2.2546823018034624e-18
2.357036959720352e-18
2.561746275554106e-18
2.7152782624294403e-18
2.8688102493047498e-18
3.0735195651385287e-18
3.278228880972283e-18
3.4317608678476048e-18
3.636470183681371e-18
3.8411794995151256e-18
4.0970661443073245e-18
4.250598131182659e-18
4.3529527890995235e-18
4.455307447016413e-18
4.660016762850167e-18
4.762371420767057e-18
4.864726078683946e-18
5.0182580655592556e-18
5.120612723476145e-18
5.222967381393022e-18
5.325322039309899e-18
5.4788540261852335e-18
5.632386013060543e-18
5.785917999935877e-18
5.888272657852742e-18
6.092981973686521e-18
6.297691289520275e-18
6.4000459474371645e-18
6.502400605354029e-18
6.6559325922293635e-18
6.809464579104673e-18
6.9118192370215625e-18
7.014173894938452e-18
7.218883210772206e-18
7.372415197647528e-18
7.474769855564405e-18
7.62830184243974e-18
8.140075132024113e-18
8.293607118899447e-18
8.498316434733226e-18
8.7542030795254e-18
8.958912395359179e-18
9.214799040151402e-18
9.368331027026687e-18
9.7265723297358e-18
9.931281645569555e-18
1.0187168290361754e-17
1.0289522948278643e-17
1.0443054935153977e-17
1.0596586922029262e-17
1.0801296237863041e-17
1.110836021161371e-17
1.1261892198488994e-17
1.1364246856405884e-17
1.1466601514322773e-17
1.1568956172239663e-17
1.1773665488073417e-17
1.1927197474948726e-17
1.208072946182406e-17
1.233661610661626e-17
1.2694857409325348e-17
1.2848389396200682e-17
1.2950744054117547e-17
1.336016268578508e-17
1.3616049330577254e-17
1.3769581317452588e-17
1.4076645291203257e-17
1.4230177278078542e-17
1.433253193599543e-17
1.443488659391232e-17
1.453724125182921e-17
1.479312789662141e-17
1.494665988349672e-17
1.5049014541413608e-17
1.5202546528288942e-17
1.5356078515164276e-17
1.550961050203956e-17
1.5663142488914895e-17
1.581667447579023e-17
1.6021383791623984e-17
1.6174915778499293e-17
1.6328447765374627e-17
1.6430802423291517e-17
1.668668906808369e-17
1.678904372600058e-17
1.6942575712875915e-17
1.7044930370792804e-17
1.7147285028709694e-17
1.7249639686626534e-17
1.7403171673501868e-17
1.7505526331418757e-17
1.7659058318294092e-17
1.796612229204471e-17
1.80684769499616e-17
1.817083160787849e-17
1.8324363594753824e-17
1.847789558162911e-17
1.8733782226421332e-17
1.9092023529130396e-17
1.924555551600573e-17
1.9706151476631683e-17
1.9859683463507017e-17
1.9962038121423907e-17
2.0166747437257686e-17
2.026910209517455e-17
2.0371456753091415e-17
2.0473811411008305e-17
2.062734339788364e-17
2.072969805580053e-17
2.0883230042675813e-17
2.1036762029551148e-17
2.1241471345384926e-17
2.139500333226026e-17
2.1548535319135545e-17
2.170206730601088e-17
2.2060308608719968e-17
2.2162663266636833e-17
2.2265017924553722e-17
2.2418549911429056e-17
2.2623259227262835e-17
2.277679121413812e-17
2.3032677858930344e-17
2.3135032516847233e-17
2.3237387174764123e-17
2.3390919161639408e-17
2.3493273819556297e-17
2.374916046434852e-17
2.395386978018225e-17
2.4107401767057584e-17
2.426093375393292e-17
2.4516820398725118e-17
2.4721529714558872e-17
2.502859368830954e-17
2.513094834622638e-17
2.5284480333101714e-17
2.5489189648935493e-17
2.5591544306852383e-17
2.5745076293727668e-17
2.5847430951644557e-17
2.5949785609561447e-17
2.6256849583312115e-17
2.6359204241228955e-17
2.6563913557062734e-17
2.6819800201854958e-17
2.6922154859771822e-17
2.7024509517688687e-17
2.717804150456402e-17
2.7331573491439355e-17
2.7433928149356245e-17
2.758746013623153e-17
2.7740992123106864e-17
2.78945241099822e-17
2.799687876789909e-17
2.809923342581598e-17
2.835512007060815e-17
2.8508652057483486e-17
2.8611006715400375e-17
2.8713361373317264e-17
2.886689336019255e-17
2.9020425347067883e-17
2.917395733394322e-17
2.927631199186011e-17
2.942984397873539e-17
2.953219863665228e-17
2.963455329456917e-17
2.973690795248606e-17
2.983926261040295e-17
2.9941617268319815e-17
3.004397192623668e-17
3.024868124207046e-17
3.035103589998735e-17
3.045339055790424e-17
3.0658099873737967e-17
3.0760454531654856e-17
3.091398651853019e-17
3.101634117644708e-17
3.116987316332239e-17
3.1374582479156144e-17
3.168164645290681e-17
3.1784001110823677e-17
3.188635576874054e-17
3.2039887755615876e-17
3.2244597071449655e-17
3.2346951729366544e-17
3.2551661045200274e-17
3.270519303207561e-17
3.2909902347909387e-17
3.301225700582625e-17
3.3114611663743116e-17
3.326814365061845e-17
3.3421675637493785e-17
3.3575207624369094e-17
3.367756228228596e-17
3.388227159811974e-17
3.403580358499507e-17
3.4291690229787246e-17
3.444522221666258e-17
3.454757687457947e-17
3.475228619041325e-17
3.485464084833009e-17
3.500817283520542e-17
3.511052749312231e-17
3.52128821510392e-17
3.5366414137914536e-17
3.551994612478982e-17
3.562230078270671e-17
3.582701009854049e-17
3.592936475645738e-17
3.6082896743332664e-17
3.6236428730208e-17
3.638996071708333e-17
3.649231537500022e-17
3.664584736187553e-17
3.679937934875084e-17
3.690173400666773e-17
3.7157620651459954e-17
3.731115263833524e-17
3.746468462521057e-17
3.756703928312746e-17
3.766939394104435e-17
3.787410325687808e-17
3.797645791479497e-17
3.8129989901670305e-17
3.8232344559587194e-17
3.838587654646253e-17
3.848823120437937e-17
3.859058586229626e-17
3.869294052021315e-17
3.8795295178130037e-17
3.8897649836046926e-17
3.9051181822922236e-17
3.9204713809797545e-17
3.9307068467714435e-17
3.946060045458977e-17
3.956295511250666e-17
3.9665309770423523e-17
3.981884175729883e-17
3.9972373744174167e-17
4.027943771792481e-17
4.0484147033758565e-17
4.0586501691675454e-17
4.084238833646768e-17
4.094474299438452e-17
4.1149452310218297e-17
4.1251806968135186e-17
4.1354161626052076e-17
4.1507693612927385e-17
4.1763580257719584e-17
4.1865934915636474e-17
4.201946690251181e-17
4.212182156042865e-17
4.2326530876262427e-17
4.258241752105465e-17
4.278712683688838e-17
4.288948149480527e-17
4.309419081063905e-17
4.319654546855594e-17
4.32989001264728e-17
4.340125478438967e-17
4.3503609442306557e-17
4.365714142918189e-17
4.3810673416057225e-17
4.4015382731890955e-17
4.416891471876629e-17
4.4322446705641623e-17
4.442480136355851e-17
4.452715602147538e-17
4.473186533730913e-17
4.483421999522602e-17
4.493657465314291e-17
4.5090106640018245e-17
4.5192461297935085e-17
4.5294815955851974e-17
4.5397170613768864e-17
4.55507026006442e-17
4.575541191647793e-17
4.585776657439482e-17
4.5960121232311706e-17
4.6062475890228596e-17
4.6164830548145485e-17
4.6318362535020795e-17
4.642071719293766e-17
4.6574249179812994e-17
4.6676603837729883e-17
4.683013582460522e-17
4.693249048252208e-17
4.708602246939739e-17
4.718837712731428e-17
4.729073178523117e-17
4.739308644314806e-17
4.749544110106495e-17
4.770015041689868e-17
4.7853682403774013e-17
4.800721439064935e-17
4.8109569048566237e-17
4.826310103544152e-17
4.8416633022316856e-17
4.8518987680233745e-17
4.8621342338150635e-17
4.887722898294281e-17
4.9030760969818143e-17
4.913311562773503e-17
4.928664761461037e-17
4.9491356930444097e-17
4.9696066246277875e-17
4.9951952891070074e-17
5.0105484877945384e-17
5.0207839535862273e-17
5.036137152273761e-17
5.056608083857136e-17
5.0668435496488227e-17
5.0873144812322005e-17
5.0975499470238895e-17
5.123138611503107e-17
