4.0465889338374367e-19
5.66067212813975e-19
7.274755322442309e-19
8.888838516744622e-19
9.964893979612831e-19
1.1578977173915268e-18
1.3193060368217704e-18
1.4269115831085913e-18
1.5883199025388226e-18
1.695925448825668e-18
1.91113654139931e-18
2.126347633972964e-18
2.233953180259797e-18
2.449164272833439e-18
2.5567698191202597e-18
2.6643753654071052e-18
2.771980911693926e-18
3.0409947774109783e-18
3.148600323697824e-18
3.2562058699846447e-18
3.417614189414876e-18
3.525219735701709e-18
3.6328252819885424e-18
3.848036374562184e-18
4.0632474671358505e-18
4.4398668791397236e-18
4.65507797171339e-18
4.762683518000211e-18
4.870289064287032e-18
4.977894610573865e-18
5.085500156860698e-18
5.2469084762909294e-18
5.35451402257775e-18
5.7849362077250584e-18
6.107752846585546e-18
6.2153583928723666e-18
6.3229639391591875e-18
6.430569485446021e-18
6.538175031732854e-18
6.699583351163085e-18
6.807188897449906e-18
7.076202763166983e-18
7.291413855740625e-18
7.45282217517088e-18
7.614230494601112e-18
7.829441587174754e-18
7.99084990660501e-18
8.152258226035241e-18
8.367469318608895e-18
8.528877638039139e-18
8.69028595746937e-18
8.851694276899614e-18
9.174510915760088e-18
9.389722008333755e-18
9.551130327763986e-18
9.76634142033764e-18
9.927749739767884e-18
1.0089158059198115e-17
1.0250566378628359e-17
1.0411974698058602e-17
1.0519580244345423e-17
1.0627185790632244e-17
1.07885941100625e-17
1.1057607975779552e-17
1.1326621841496629e-17
1.143422738778345e-17
1.1595635707213681e-17
1.1703241253500515e-17
1.1864649572930758e-17
1.1972255119217579e-17
1.2187466211791233e-17
1.2295071758078066e-17
1.2402677304364887e-17
1.2564085623795119e-17
1.2779296716368785e-17
1.2886902262655606e-17
1.3048310582085837e-17
1.3209718901516093e-17
1.3640141086663389e-17
1.3855352179237043e-17
1.3962957725523864e-17
1.4124366044954107e-17
1.4393379910671172e-17
1.4554788230101403e-17
1.466239377638825e-17
1.482380209581848e-17
1.5039013188392122e-17
1.5146618734678967e-17
1.5254224280965788e-17
1.536182982725261e-17
1.546943537353943e-17
1.5684646466113096e-17
1.5899857558686738e-17
1.6061265878116994e-17
1.6330279743834046e-17
1.6437885290120867e-17
1.6545490836407713e-17
1.6760701928981354e-17
1.6922110248411586e-17
1.7083518567841842e-17
1.7298729660415483e-17
1.7406335206702304e-17
1.751394075298915e-17
1.762154629927597e-17
1.7890560164993023e-17
1.805196848442328e-17
1.821337680385351e-17
1.832098235014033e-17
1.869760176214423e-17
1.885901008157446e-17
1.8966615627861306e-17
1.9074221174148126e-17
1.9235629493578358e-17
1.9450840586152024e-17
1.9558446132438845e-17
1.9666051678725666e-17
1.9827459998155897e-17
1.9935065544442743e-17
2.0096473863872974e-17
2.0311684956446616e-17
2.0526896049020282e-17
2.0634501595307103e-17
2.0849712687880757e-17
2.1011121007311e-17
2.1226332099884642e-17
2.144154319245831e-17
2.154914873874513e-17
2.171055705817536e-17
2.1871965377605617e-17
2.2033373697035848e-17
2.219478201646608e-17
2.2302387562752925e-17
2.2409993109039746e-17
2.2517598655326567e-17
2.273280974790022e-17
2.2948020840473875e-17
2.3163231933047517e-17
2.3270837479334362e-17
2.3486048571908004e-17
2.3647456891338235e-17
2.380886521076849e-17
2.3970273530198723e-17
2.4131681849628954e-17
2.42392873959158e-17
2.445449848848944e-17
2.4615906807919672e-17
2.4777315127349928e-17
2.488492067363675e-17
2.504632899306698e-17
2.5207737312497237e-17
2.5422948405070878e-17
2.55305539513577e-17
2.5745765043931366e-17
2.5907173363361597e-17
2.612238445593525e-17
2.6283792775365495e-17
2.6445201094795726e-17
2.6552806641082547e-17
2.6660412187369392e-17
2.6929426053086444e-17
2.7037031599373265e-17
2.714463714566011e-17
2.7575059330807407e-17
2.773646765023765e-17
2.789787596966788e-17
2.80054815159547e-17
2.822069260852837e-17
2.832829815481519e-17
2.8543509247388856e-17
2.865111479367568e-17
2.886632588624932e-17
2.9081536978822985e-17
2.9189142525109806e-17
2.935055084454004e-17
2.945815639082687e-17
2.9565761937113704e-17
2.9727170256543935e-17
2.999618412226101e-17
3.0157592441691243e-17
3.0319000761121475e-17
3.048040908055173e-17
3.064181739998196e-17
3.074942294626878e-17
3.0910831265699026e-17
3.101843681198586e-17
3.117984513141609e-17
3.128745067770291e-17
3.1395056223989745e-17
3.16102673165634e-17
3.171787286285022e-17
3.1933083955423886e-17
3.204068950171071e-17
3.225590059428435e-17
3.2471111686858015e-17
3.2578717233144836e-17
3.279392832571848e-17
3.3009139418292144e-17
3.3116744964578965e-17
3.338575883029602e-17
3.365477269601312e-17
3.386998378858676e-17
3.403139210801699e-17
3.4192800427447223e-17
3.4408011520020865e-17
3.451561706630771e-17
3.4623222612594556e-17
3.478463093202479e-17
3.489223647831161e-17
3.499984202459843e-17
3.516125034402866e-17
3.526885589031548e-17
3.548406698288915e-17
3.5699278075462814e-17
3.618350303375351e-17
3.634491135318374e-17
3.6452516899470585e-17
3.656012244575743e-17
3.666772799204425e-17
3.688293908461789e-17
3.7098150177191535e-17
3.7205755723478355e-17
3.7313361269765176e-17
3.742096681605202e-17
3.758237513548228e-17
3.76899806817691e-17
3.795899454748615e-17
3.812040286691638e-17
3.8281811186346613e-17
3.8389416732633484e-17
3.8550825052063715e-17
3.8712233371493946e-17
3.881983891778077e-17
3.892744446406759e-17
3.908885278349782e-17
3.919645832978464e-17
3.935786664921492e-17
3.946547219550174e-17
3.962688051493197e-17
3.9949697153792436e-17
4.0057302700079256e-17
4.021871101950949e-17
4.032631656579636e-17
4.054152765837e-17
4.070293597780023e-17
4.091814707037387e-17
4.1294766482377795e-17
4.1402372028664616e-17
4.167138589438167e-17
4.177899144066849e-17
4.199420253324213e-17
4.210180807952895e-17
4.231701917210264e-17
4.2424624718389464e-17
4.2586033037819695e-17
4.2801244130393337e-17
4.301645522296698e-17
4.333927186182749e-17
4.355448295440113e-17
4.3823496820118184e-17
4.3984905139548416e-17
4.414631345897867e-17
4.430772177840893e-17
4.441532732469575e-17
4.463053841726939e-17
4.479194673669962e-17
4.489955228298644e-17
4.50609606024167e-17
4.5168566148703544e-17
4.5491382787564006e-17
4.565279110699424e-17
4.586800219956788e-17
4.59756077458547e-17
4.608321329214157e-17
4.619081883842839e-17
4.6567438250432264e-17
4.6675043796719085e-17
4.6836452116149317e-17
4.705166320872301e-17
4.732067707444006e-17
4.758969094015711e-17
4.7751099259587343e-17
4.796631035216101e-17
4.8073915898447855e-17
4.82891269910215e-17
4.839673253730832e-17
4.850433808359514e-17
4.866574640302537e-17
4.88271547224556e-17
4.898856304188588e-17
4.90961685881727e-17
4.9257576907602934e-17
4.9365182453889755e-17
4.9526590773319986e-17
4.963419631960681e-17
4.979560463903704e-17
4.995701295846732e-17
5.011842127789755e-17
5.022602682418437e-17
5.033363237047119e-17
5.0548843463044834e-17
5.0871660101905346e-17
5.108687119447899e-17
5.130208228705263e-17
