4.963247419773455e-19
6.943688284761365e-19
7.933908717255443e-19
8.92412914974952e-19
9.9143495822436e-19
1.139968023098447e-18
1.2389900663478548e-18
1.4370341528466704e-18
1.5855672177207575e-18
1.6845892609701653e-18
1.882633347468981e-18
2.080677433967772e-18
2.2292104988418836e-18
2.3777435637159953e-18
2.476765606965403e-18
2.773831736713602e-18
2.8728537799630097e-18
2.9718758232124175e-18
3.0708978664618006e-18
3.1699199097112084e-18
3.466986039459432e-18
3.566008082708815e-18
3.665030125958223e-18
3.8135631908323345e-18
3.912585234081742e-18
4.110629320580533e-18
4.209651363829941e-18
4.407695450328757e-18
4.50671749357814e-18
4.605739536827548e-18
4.7542726017016594e-18
4.902805666575771e-18
5.051338731449858e-18
5.150360774699266e-18
5.249382817948674e-18
5.447426904447477e-18
5.5959599693215765e-18
5.8930260990698e-18
6.041559163943887e-18
6.140581207193295e-18
6.3386252936921104e-18
6.437647336941506e-18
6.536669380190901e-18
6.784224488314421e-18
6.883246531563829e-18
7.031779596437916e-18
7.180312661312027e-18
7.328845726186139e-18
7.427867769435535e-18
7.675422877559042e-18
7.823955942433154e-18
8.170533093806056e-18
8.319066158680168e-18
8.616132288428367e-18
8.814176374927182e-18
9.012220461425973e-18
9.259775569549493e-18
9.6558637425471e-18
9.804396807421211e-18
9.952929872295298e-18
1.0150973958794114e-17
1.0299507023668226e-17
1.0497551110167017e-17
1.079461723991524e-17
1.1141194391288143e-17
1.124021643453755e-17
1.1388749499411637e-17
1.1537282564285749e-17
1.1636304607535157e-17
1.1735326650784565e-17
1.1883859715658652e-17
1.2131414823782171e-17
1.2279947888656283e-17
1.2477991975155074e-17
1.2577014018404482e-17
1.2725547083278594e-17
1.2973102191402088e-17
1.3072124234651496e-17
1.3171146277900904e-17
1.3369190364399695e-17
1.356723445089851e-17
1.3715767515772622e-17
1.3913811602271413e-17
1.4062344667145525e-17
1.4210877732019637e-17
1.4309899775269032e-17
1.4507943861767836e-17
1.4606965905017243e-17
1.4854521013140738e-17
1.5102076121264258e-17
1.530012020776306e-17
1.544865327263716e-17
1.5547675315886568e-17
1.574571940238537e-17
1.589425246725947e-17
1.6191318597007694e-17
1.633985166188178e-17
1.643887370513119e-17
1.65874067700053e-17
1.668642881325471e-17
1.6785450856504092e-17
1.68844728997535e-17
1.703300596462761e-17
1.7132028007877007e-17
1.7379583116000526e-17
1.762713822412402e-17
1.772616026737343e-17
1.7825182310622837e-17
1.8023226397121628e-17
1.8369803548494555e-17
1.8518336613368642e-17
1.8765891721492162e-17
1.886491376474157e-17
1.906295785124036e-17
1.9161979894489768e-17
1.931051295936388e-17
1.9409535002613288e-17
1.950855704586267e-17
1.960757908911208e-17
1.9805623175610894e-17
2.0003667262109685e-17
2.0152200326983797e-17
2.0399755435107317e-17
2.0597799521606108e-17
2.0795843608104923e-17
2.089486565135433e-17
2.0993887694603714e-17
2.1092909737853122e-17
2.1290953824351938e-17
2.143948688922605e-17
2.163753097572484e-17
2.1786064040598952e-17
2.188508608384836e-17
2.1984108127097743e-17
2.208313017034715e-17
2.2231663235221263e-17
2.238019630009535e-17
2.2578240386594165e-17
2.2726773451468277e-17
2.287530651634239e-17
2.3023839581216476e-17
2.3122861624465883e-17
2.3271394689339995e-17
2.3370416732589378e-17
2.351894979746349e-17
2.3617971840712898e-17
2.376650490558701e-17
2.3865526948836417e-17
2.4063571035335208e-17
2.4261615121834024e-17
2.4360637165083407e-17
2.4459659208332815e-17
2.465770329483163e-17
2.4756725338081038e-17
2.5053791467829237e-17
2.520232453270335e-17
2.5350857597577436e-17
2.564792372732566e-17
2.579645679219977e-17
2.5944989857073858e-17
2.6291567008446785e-17
2.6440100073320873e-17
2.6588633138194984e-17
2.6737166203069096e-17
2.6836188246318504e-17
2.698472131119259e-17
2.7133254376066703e-17
2.7331298462565493e-17
2.7479831527439605e-17
2.7578853570689013e-17
2.767787561393842e-17
2.782640867881251e-17
2.7925430722061916e-17
2.812347480856073e-17
2.822249685181014e-17
2.8371029916684226e-17
2.866809604643245e-17
2.8915651154555944e-17
2.9064184219430056e-17
2.926222830592887e-17
2.946027239242766e-17
2.9608805457301774e-17
2.970782750055118e-17
2.9905871587049973e-17
3.010391567354879e-17
3.02524487384229e-17
3.045049282492169e-17
3.064853691142051e-17
3.0797069976294594e-17
3.0896092019544e-17
3.109413610604282e-17
3.1193158149292225e-17
3.1391202235791016e-17
3.153973530066513e-17
3.168826836553924e-17
3.178729040878862e-17
3.203484551691214e-17
3.213386756016155e-17
3.228240062503564e-17
3.248044471153445e-17
3.272799981965795e-17
3.287653288453206e-17
3.302506594940617e-17
3.312408799265558e-17
3.322311003590499e-17
3.332213207915437e-17
3.347066514402848e-17
3.3619198208902594e-17
3.3817242295401384e-17
3.3965775360275496e-17
3.421333046839899e-17
3.43123525116484e-17
3.4411374554897807e-17
3.4510396598147214e-17
3.460941864139662e-17
3.4708440684646005e-17
3.490648477114482e-17
3.505501783601893e-17
3.5253061922517724e-17
3.5401594987391835e-17
3.559963907389065e-17
3.579768316038944e-17
3.589670520363885e-17
3.599572724688826e-17
3.6094749290137665e-17
3.6292793376636456e-17
3.6391815419885864e-17
3.6540348484759976e-17
3.6639370528009384e-17
3.673839257125877e-17
3.6837414614508175e-17
3.6985947679382286e-17
3.7283013809130485e-17
3.74810578956293e-17
3.758007993887871e-17
3.7728613003752796e-17
3.7827635047002204e-17
3.802567913350102e-17
3.81247011767504e-17
3.822372321999981e-17
3.837225628487392e-17
3.8520789349748034e-17
3.861981139299744e-17
3.8718833436246824e-17
3.8867366501120936e-17
3.8966388544370344e-17
3.906541058761975e-17
3.921394365249384e-17
3.9312965695743247e-17
3.9560520803866766e-17
3.9709053868740853e-17
3.9857586933614965e-17
4.0006119998489077e-17
4.0303186128237275e-17
4.0600252257985474e-17
4.079829634448429e-17
4.104585145260781e-17
4.1293406560731304e-17
4.149145064723012e-17
4.163998371210421e-17
4.178851677697832e-17
4.1986560863477134e-17
4.208558290672652e-17
4.223411597160063e-17
4.233313801485004e-17
4.248167107972415e-17
4.267971516622294e-17
4.282824823109705e-17
4.292727027434646e-17
4.302629231759587e-17
4.312531436084525e-17
4.3323358447344066e-17
4.3422380490593474e-17
4.3521402533842857e-17
4.3620424577092265e-17
4.371944662034167e-17
4.381846866359108e-17
4.391749070684049e-17
4.4016512750089896e-17
4.411553479333928e-17
4.4214556836588687e-17
4.44126009230875e-17
4.456113398796159e-17
4.47096670528357e-17
4.5204777269082715e-17
4.535331033395683e-17
4.555135442045562e-17
4.5650376463705026e-17
4.579890952857914e-17
4.5947442593453225e-17
4.604646463670263e-17
4.614548667995204e-17
4.6343530766450856e-17
4.649206383132494e-17
4.659108587457435e-17
4.673961893944846e-17
4.6937663025947254e-17
4.7086196090821365e-17
4.718521813407077e-17
4.738326222056959e-17
4.7531795285443676e-17
4.768032835031779e-17
4.7779350393567195e-17
4.792788345844128e-17
4.802690550169069e-17
4.81259275449401e-17
4.827446060981421e-17
4.8522015717937705e-17
4.862103776118711e-17
4.872005980443652e-17
4.891810389093531e-17
4.901712593418472e-17
4.916565899905883e-17
4.9363703085557646e-17
4.946272512880703e-17
4.956174717205644e-17
4.971028023693055e-17
4.9957835345054044e-17
5.015587943155286e-17
5.040343453967638e-17
5.050245658292576e-17
5.0650989647799874e-17
5.075001169104928e-17
5.089854475592337e-17
5.104707782079748e-17
5.119561088567159e-17
