5.466988672015275e-19
6.91015023856418e-19
7.872257949596783e-19
1.0277527227178291e-18
1.2201742649243498e-18
1.3644904215792403e-18
1.556911963785761e-18
1.6531227348890213e-18
1.7493335059922816e-18
1.893649662647172e-18
1.9898604337504325e-18
2.0860712048536928e-18
2.182281975956953e-18
2.3265981326118436e-18
2.6152304459216246e-18
2.759546602576515e-18
2.8557573736797755e-18
3.000073530334666e-18
3.1443896869895565e-18
3.288705843644447e-18
3.4330220002993375e-18
3.577338156954228e-18
3.769759699160749e-18
4.0102866269188995e-18
4.15460278357379e-18
4.2989189402286805e-18
4.395129711331941e-18
4.539445867986831e-18
4.683762024641722e-18
4.828078181296612e-18
4.924288952399873e-18
5.068605109054763e-18
5.212921265709654e-18
5.309132036812914e-18
5.4534481934678045e-18
5.597764350122695e-18
5.693975121225955e-18
5.886396663432476e-18
6.0307128200873665e-18
6.126923591190627e-18
6.3193451333971475e-18
6.415555904500408e-18
6.511766675603668e-18
6.656082832258559e-18
6.752293603361819e-18
6.8966097600167095e-18
7.0409259166716e-18
7.377663615533011e-18
7.521979772187902e-18
7.666295928842792e-18
7.810612085497683e-18
7.954928242152573e-18
8.099244398807464e-18
8.195455169910724e-18
8.291665941013984e-18
8.435982097668875e-18
8.628403639875395e-18
8.772719796530286e-18
8.917035953185176e-18
9.109457495391697e-18
9.205668266494957e-18
9.398089808701478e-18
9.494300579804738e-18
9.638616736459629e-18
9.78293289311452e-18
9.87914366421778e-18
1.00715652064243e-17
1.0167775977527561e-17
1.0312092134182451e-17
1.0456408290837342e-17
1.0552619061940602e-17
1.0696935218595493e-17
1.0793145989698753e-17
1.0889356760802013e-17
1.1322305230766685e-17
1.1466621387421575e-17
1.1562832158524836e-17
1.1659042929628096e-17
1.1803359086282986e-17
1.1995780628489507e-17
1.2140096785144398e-17
1.2332518327350918e-17
1.2524939869557427e-17
1.2717361411763947e-17
1.2861677568418838e-17
1.3005993725073728e-17
1.3150309881728619e-17
1.329462603838351e-17
1.34389421950384e-17
1.358325835169329e-17
1.3727574508348181e-17
1.3871890665003071e-17
1.3968101436106332e-17
1.4064312207209592e-17
1.4256733749416113e-17
1.4449155291622633e-17
1.4593471448277524e-17
1.4737787604932414e-17
1.4882103761587305e-17
1.5074525303793825e-17
1.5315052231551976e-17
1.5507473773758497e-17
1.5603684544861757e-17
1.5699895315965018e-17
1.5796106087068278e-17
1.5892316858171538e-17
1.603663301482643e-17
1.613284378592969e-17
1.627715994258458e-17
1.642147609923947e-17
1.651768687034273e-17
1.661389764144599e-17
1.6854424569204142e-17
1.6950635340307402e-17
1.7094951496962292e-17
1.7239267653617183e-17
1.7383583810272073e-17
1.7527899966926964e-17
1.7768426894685115e-17
1.7912743051340005e-17
1.8057059207994896e-17
1.8393796906856307e-17
1.8538113063511197e-17
1.8682429220166088e-17
1.8778639991269348e-17
1.897106153347587e-17
1.911537769013076e-17
1.925969384678565e-17
1.940401000344054e-17
1.964453693119869e-17
1.9836958473405212e-17
1.9981274630060102e-17
2.0077485401163363e-17
2.0269906943369883e-17
2.0414223100024774e-17
2.0558539256679664e-17
2.0654750027782925e-17
2.0799066184437815e-17
2.0943382341092706e-17
2.1087698497747596e-17
2.1183909268850857e-17
2.1328225425505747e-17
2.1424436196609007e-17
2.1520646967712268e-17
2.1713068509918788e-17
2.185738466657368e-17
2.195359543767694e-17
2.20498062087802e-17
2.214601697988346e-17
2.224222775098672e-17
2.233843852208998e-17
2.248275467874487e-17
2.2627070835399762e-17
2.2723281606503022e-17
2.2915703148709543e-17
2.3060019305364433e-17
2.3204335462019324e-17
2.3348651618674214e-17
2.3444862389777474e-17
2.3589178546432365e-17
2.3781600088638886e-17
2.3877810859742146e-17
2.3974021630845406e-17
2.4166443173051927e-17
2.4358864715258448e-17
2.4455075486361708e-17
2.4551286257464968e-17
2.479181318522312e-17
2.488802395632638e-17
2.503234011298127e-17
2.527286704073942e-17
2.536907781184268e-17
2.5513393968497572e-17
2.5657710125152462e-17
2.5753920896255722e-17
2.5898237052910613e-17
2.5994447824013873e-17
2.6138763980668764e-17
2.6234974751772024e-17
2.6331185522875284e-17
2.6475501679530175e-17
2.6619817836185065e-17
2.6716028607288326e-17
2.6860344763943216e-17
2.6956555535046477e-17
2.7197082462804627e-17
2.7437609390562778e-17
2.753382016166604e-17
2.76300309327693e-17
2.772624170387256e-17
2.782245247497582e-17
2.806297940273397e-17
2.825540094494049e-17
2.835161171604375e-17
2.849592787269864e-17
2.868834941490516e-17
2.8832665571560053e-17
2.8928876342663313e-17
2.9073192499318204e-17
2.9169403270421464e-17
2.9265614041524725e-17
2.9458035583731245e-17
2.9554246354834506e-17
2.9698562511489396e-17
2.9890984053695917e-17
2.998719482479918e-17
3.008340559590244e-17
3.01796163670057e-17
3.032393252366059e-17
3.042014329476385e-17
3.061256483697037e-17
3.070877560807363e-17
3.080498637917689e-17
3.094930253583178e-17
3.104551330693504e-17
3.123793484914156e-17
3.138225100579645e-17
3.152656716245134e-17
3.167088331910623e-17
3.1815199475761123e-17
3.1959515632416014e-17
3.2055726403519274e-17
3.2151937174622535e-17
3.229625333127741e-17
3.2392464102380673e-17
3.2488674873483933e-17
3.2584885644587194e-17
3.2777307186793714e-17
3.2873517957896975e-17
3.3114044885655126e-17
3.3306466427861646e-17
3.3450782584516537e-17
3.359509874117143e-17
3.373941489782632e-17
3.383562566892958e-17
3.397994182558447e-17
3.407615259668773e-17
3.422046875334262e-17
3.436478490999751e-17
3.446099568110077e-17
3.460531183775566e-17
3.470152260885892e-17
3.479773337996218e-17
3.494204953661707e-17
3.503826030772033e-17
3.513447107882359e-17
3.5278787235478483e-17
3.5423103392133374e-17
3.5615524934339894e-17
3.5807946476546415e-17
3.5952262633201305e-17
3.6096578789856196e-17
3.6240894946511086e-17
3.638521110316598e-17
3.65776326453725e-17
3.677005418757902e-17
3.696247572978554e-17
3.710679188644043e-17
3.725110804309532e-17
3.739542419975021e-17
3.749163497085347e-17
3.763595112750836e-17
3.7780267284163264e-17
3.78764780552665e-17
3.80207942119214e-17
3.8165110368576305e-17
3.8357531910782826e-17
3.845374268188606e-17
3.8549953452989347e-17
3.864616422409258e-17
3.8790480380747485e-17
3.893479653740239e-17
3.912721807960891e-17
3.9223428850712144e-17
3.9415850392918665e-17
3.951206116402195e-17
3.965637732067683e-17
3.984879886288335e-17
3.999311501953823e-17
4.013743117619313e-17
4.023364194729639e-17
4.042606348950291e-17
4.057037964615779e-17
4.0666590417261074e-17
4.076280118836431e-17
4.0859011959467595e-17
4.095522273057083e-17
4.114764427277735e-17
4.1291960429432254e-17
4.1388171200535514e-17
4.153248735719039e-17
4.162869812829368e-17
4.1773014284948556e-17
4.1965435827155076e-17
4.2109751983809954e-17
4.2302173526016475e-17
4.244648968267138e-17
4.26389112248779e-17
4.273512199598116e-17
4.297564892373932e-17
4.31199650803942e-17
4.326428123704908e-17
4.3360492008152363e-17
4.34567027792556e-17
4.36010189359105e-17
4.3745335092565405e-17
4.384154586366864e-17
4.3937756634771925e-17
4.4130178176978446e-17
4.4274494333633324e-17
4.44188104902882e-17
4.451502126139149e-17
4.4611232032494723e-17
4.4755548189149626e-17
4.489986434580453e-17
4.5044180502459407e-17
4.5188496659114285e-17
4.533281281576919e-17
4.542902358687245e-17
4.5573339743527326e-17
4.581386667128549e-17
4.610249898459527e-17
4.619870975569853e-17
4.639113129790505e-17
4.653544745455993e-17
4.667976361121483e-17
4.677597438231809e-17
4.6872185153421353e-17
4.7016501310076256e-17
4.711271208117949e-17
4.7208922852282777e-17
4.730513362338601e-17
4.749755516559253e-17
4.7689976707799054e-17
4.7834292864453957e-17
4.797860902110886e-17
4.812292517776374e-17
4.8267241334418616e-17
4.8459662876625136e-17
4.860397903328004e-17
4.874829518993494e-17
4.898882211769308e-17
4.908503288879634e-17
4.91812436598996e-17
4.942177058765774e-17
4.961419212986426e-17
4.9758508286519163e-17
4.9854719057622424e-17
4.9950929828725684e-17
5.0095245985380587e-17
5.0335772913138725e-17
5.048008906979363e-17
5.0576299840896864e-17
5.067251061200015e-17
5.0768721383103384e-17
5.0961142925309905e-17
5.110545908196481e-17
5.120166985306807e-17
