4.0142597529938576e-19
5.516675139350796e-19
6.518285396922088e-19
8.020700783279273e-19
9.022311040850565e-19
1.0023921298421857e-18
1.102553155599315e-18
1.2527946942350088e-18
1.3529557199921626e-18
1.4531167457492919e-18
1.6033582843849857e-18
1.7535998230206795e-18
1.9038413616563857e-18
2.054082900292092e-18
2.304485464684915e-18
2.4547270033206087e-18
2.8553711063491502e-18
3.005612644984844e-18
3.1057736707419856e-18
3.205934696499127e-18
3.356176235134821e-18
3.4563372608919502e-18
3.656659312406209e-18
3.806900851041927e-18
3.957142389677621e-18
4.107383928313315e-18
4.257625466949021e-18
4.3577864927061625e-18
4.508028031341856e-18
4.6081890570989855e-18
4.758430595734679e-18
5.008833160127527e-18
5.159074698763221e-18
5.25923572452035e-18
5.509638288913198e-18
5.609799314670327e-18
5.8101213661845855e-18
5.910282391941715e-18
6.010443417698844e-18
6.110604443455998e-18
6.2608459820916916e-18
6.511248546484515e-18
6.661490085120221e-18
6.811731623755927e-18
6.961973162391621e-18
7.112214701027315e-18
7.212375726784456e-18
7.362617265420162e-18
7.56293931693442e-18
7.713180855570115e-18
7.863422394205833e-18
8.013663932841527e-18
8.113824958598656e-18
8.213985984355785e-18
8.414308035870056e-18
8.514469061627198e-18
8.614630087384327e-18
8.76487162602002e-18
9.065354703291433e-18
9.165515729048562e-18
9.415918293441385e-18
9.566159832077079e-18
9.96680393510562e-18
1.0217206499498468e-17
1.0367448038134162e-17
1.0467609063891291e-17
1.066793111540555e-17
1.0768092141162691e-17
1.0868253166919833e-17
1.1118655731312656e-17
1.1218816757069785e-17
1.1419138808584068e-17
1.1519299834341197e-17
1.1719621885855456e-17
1.1819782911612585e-17
1.1919943937369714e-17
1.2170346501762562e-17
1.2320588040398256e-17
1.2570990604791091e-17
1.2671151630548233e-17
1.2871473682062491e-17
1.307179573357675e-17
1.3272117785091033e-17
1.3372278810848162e-17
1.367276188811955e-17
1.3873083939633833e-17
1.3973244965390962e-17
1.407340599114809e-17
1.427372804266235e-17
1.4373889068419503e-17
1.4474050094176633e-17
1.4574211119933762e-17
1.467437214569089e-17
1.477453317144802e-17
1.4924774710083727e-17
1.5075016248719433e-17
1.5225257787355127e-17
1.5325418813112256e-17
1.5575821377505103e-17
1.5675982403262233e-17
1.5826223941897926e-17
1.6026545993412185e-17
1.612670701916934e-17
1.6527351122197856e-17
1.6677592660833562e-17
1.6777753686590703e-17
1.6927995225226397e-17
1.7128317276740656e-17
1.732863932825494e-17
1.7528961379769197e-17
1.7629122405526326e-17
1.792960548279774e-17
1.8079847021433433e-17
1.828016907294769e-17
1.853057163734054e-17
1.8630732663097668e-17
1.8831054714611926e-17
1.9031376766126185e-17
1.913153779188334e-17
1.9331859843397597e-17
1.9432020869154726e-17
1.9632342920668997e-17
1.9832664972183268e-17
1.9982906510818962e-17
2.008306753657609e-17
2.018322856233322e-17
2.0383550613847503e-17
2.0483711639604632e-17
2.0583872665361762e-17
2.078419471687602e-17
2.0884355742633174e-17
2.0984516768390303e-17
2.1134758307025997e-17
2.128499984566169e-17
2.148532189717595e-17
2.1685643948690208e-17
2.1885966000204515e-17
2.203620753884021e-17
2.2186449077475903e-17
2.2286610103233032e-17
2.2637173693382985e-17
2.2737334719140114e-17
2.2837495744897243e-17
2.2987737283532986e-17
2.3388381386561503e-17
2.3538622925197197e-17
2.368886446383289e-17
2.378902548959002e-17
2.388918651534715e-17
2.3989347541104278e-17
2.4289830618375715e-17
2.444007215701141e-17
2.4590313695647103e-17
2.479063574716136e-17
2.499095779867562e-17
2.509111882443275e-17
2.5191279850189878e-17
2.5291440875947057e-17
2.544168241458275e-17
2.554184344033988e-17
2.564200446609701e-17
2.5892407030489832e-17
2.609272908200409e-17
2.619289010776122e-17
2.629305113351835e-17
2.6393212159275478e-17
2.6493373185032657e-17
2.6593534210789786e-17
2.674377574942548e-17
2.6894017288061174e-17
2.6994178313818303e-17
2.7094339339575432e-17
2.7244580878211126e-17
2.7444902929725384e-17
2.7545063955482514e-17
2.7795466519875386e-17
2.7895627545632515e-17
2.7995788571389644e-17
2.8095949597146774e-17
2.824619113578247e-17
2.839643267441816e-17
2.849659370017529e-17
2.869691575168955e-17
2.8897237803203857e-17
2.8997398828960986e-17
2.9297881906232373e-17
2.944812344486807e-17
2.9648445496382326e-17
2.9748606522139455e-17
2.9848767547896584e-17
2.99990090865323e-17
3.0099170112289457e-17
3.024941165092515e-17
3.044973370243941e-17
3.054989472819654e-17
3.070013626683223e-17
3.0850377805467926e-17
3.0950538831225055e-17
3.115086088273934e-17
3.1301102421375056e-17
3.1501424472889315e-17
3.1701746524403573e-17
3.18019075501607e-17
3.200222960167496e-17
3.220255165318922e-17
3.230271267894635e-17
3.240287370470353e-17
3.255311524333922e-17
3.2703356781974915e-17
3.295375934636774e-17
3.3154081397881996e-17
3.3254242423639126e-17
3.3354403449396255e-17
3.3454564475153384e-17
3.365488652666769e-17
3.375504755242482e-17
3.395536960393908e-17
3.4105611142574773e-17
3.425585268121047e-17
3.4356013706967596e-17
3.4456174732724725e-17
3.4556335758481855e-17
3.475665780999616e-17
3.4906899348631856e-17
3.5107221400146115e-17
3.525746293878181e-17
3.535762396453894e-17
3.545778499029607e-17
3.5557946016053196e-17
3.5658107041810325e-17
3.5858429093324584e-17
3.600867063196033e-17
3.6108831657717456e-17
3.6208992683474585e-17
3.6309153709231715e-17
3.645939524786741e-17
3.655955627362454e-17
3.6860039350895925e-17
3.701028088953162e-17
3.716052242816736e-17
3.726068345392449e-17
3.746100550543875e-17
3.756116653119588e-17
3.771140806983157e-17
3.78115690955887e-17
3.7961810634224396e-17
3.811205217286009e-17
3.826229371149581e-17
3.836245473725296e-17
3.8512696275888656e-17
3.866293781452435e-17
3.876309884028148e-17
3.886325986603861e-17
3.9063581917552867e-17
3.9163742943309996e-17
3.9263903969067125e-17
3.951430653346e-17
3.966454807209569e-17
3.976470909785282e-17
4.016535320088134e-17
4.0265514226638467e-17
4.041575576527416e-17
4.0616077816788444e-17
4.076631935542416e-17
4.086648038118129e-17
4.096664140693842e-17
4.106680243269555e-17
4.116696345845268e-17
4.136728550996694e-17
4.1467446535724067e-17
4.161768807435976e-17
4.1818010125874044e-17
4.2018332177388327e-17
4.226873474178115e-17
4.246905679329541e-17
4.26192983319311e-17
4.271945935768823e-17
4.2969861922081054e-17
4.307002294783823e-17
4.317018397359536e-17
4.327034499935249e-17
4.3620908589502443e-17
4.372106961525957e-17
4.38212306410167e-17
4.392139166677383e-17
4.4071633205409525e-17
4.422187474404527e-17
4.437211628268096e-17
4.467259935995235e-17
4.4822840898588043e-17
4.497308243722374e-17
4.5073243462980866e-17
4.522348500161656e-17
4.537372654025228e-17
4.5523968078888e-17
4.567420961752369e-17
4.5824451156159385e-17
4.5924612181916514e-17
4.607485372055221e-17
4.62250952591879e-17
4.6475497823580725e-17
4.67259003879736e-17
4.6926222439487856e-17
4.707646397812355e-17
4.732686654251637e-17
4.7477108081152066e-17
4.7577269106909196e-17
4.7677430132666325e-17
4.782767167130207e-17
4.79278326970592e-17
4.8128154748573456e-17
4.827839628720915e-17
4.847871833872341e-17
4.857887936448054e-17
4.872912090311623e-17
4.8979523467509103e-17
4.907968449326623e-17
4.917984551902336e-17
4.928000654478049e-17
4.948032859629475e-17
4.958048962205188e-17
4.973073116068757e-17
4.9880972699323266e-17
4.9981133725080395e-17
5.013137526371614e-17
5.023153628947327e-17
5.038177782810896e-17
5.048193885386609e-17
5.0632180392501785e-17
5.0732341418258914e-17
5.088258295689461e-17
5.0982743982651737e-17
5.113298552128743e-17
5.133330757280174e-17
