5.085078810176773e-19
6.924758120952407e-19
9.684277087115735e-19
1.1064036570197398e-18
1.2443796053279185e-18
1.3823555536360972e-18
1.5663234847136483e-18
1.704299433021827e-18
1.7962833985605963e-18
1.8882673640993903e-18
2.164219260715723e-18
2.3021952090238894e-18
2.440171157332068e-18
2.578147105640247e-18
2.7161230539484132e-18
2.808107019487195e-18
3.08405891610354e-18
3.1760428816423093e-18
3.314018829950488e-18
3.4519947782586667e-18
3.589970726566833e-18
3.7739386576443964e-18
3.865922623183166e-18
4.0038985714913445e-18
4.187866502568908e-18
4.325842450877074e-18
4.417826416415856e-18
4.555802364724022e-18
4.647786330262816e-18
4.83175426134038e-18
4.923738226879149e-18
5.015722192417931e-18
5.1077061579567124e-18
5.199690123495494e-18
5.475642020111839e-18
5.5676259856506085e-18
5.797585899497569e-18
5.8895698650363506e-18
6.027545813344529e-18
6.119529778883299e-18
6.257505727191465e-18
6.349489692730259e-18
6.4874656410384254e-18
6.671433572115989e-18
6.7634175376547705e-18
6.993377451501719e-18
7.131353399809885e-18
7.269329348118064e-18
7.453297279195627e-18
7.683257193042575e-18
7.867225124120138e-18
8.005201072428305e-18
8.097185037967099e-18
8.189169003505868e-18
8.327144951814035e-18
8.419128917352829e-18
8.603096848430392e-18
8.83305676227734e-18
8.925040727816122e-18
9.017024693354891e-18
9.109008658893685e-18
9.200992624432454e-18
9.338968572740633e-18
9.430952538279415e-18
9.522936503818196e-18
9.706904434895748e-18
9.844880383203926e-18
9.936864348742708e-18
1.002884831428149e-17
1.0120832279820271e-17
1.0258808228128438e-17
1.0396784176436604e-17
1.0488768141975398e-17
1.0580752107514167e-17
1.0718728055822346e-17
1.0810712021361128e-17
1.0948687969669294e-17
1.1040671935208076e-17
1.1132655900746857e-17
1.1224639866285639e-17
1.1316623831824421e-17
1.1408607797363203e-17
1.1546583745671381e-17
1.1730551676748932e-17
1.1868527625057111e-17
1.196051159059588e-17
1.2052495556134674e-17
1.219047150444284e-17
1.2282455469981622e-17
1.2420431418289789e-17
1.2650391332136737e-17
1.2880351245983697e-17
1.2972335211522467e-17
1.315630314260003e-17
1.3432255039216387e-17
1.3570230987524554e-17
1.3754198918602117e-17
1.3846182884140886e-17
1.4076142797987847e-17
1.4214118746296013e-17
1.435209469460418e-17
1.4444078660142974e-17
1.4536062625681743e-17
1.490399848783687e-17
1.5087966418914433e-17
1.5179950384453215e-17
1.5271934349991996e-17
1.5363918315530778e-17
1.545590228106956e-17
1.5639870212147123e-17
1.577784616045529e-17
1.5915822108763456e-17
1.600780607430225e-17
1.6145782022610416e-17
1.6283757970918583e-17
1.6467725901996146e-17
1.6559709867534928e-17
1.6697685815843106e-17
1.6927645729690055e-17
1.7019629695228836e-17
1.72035976263064e-17
1.7387565557383963e-17
1.7479549522922732e-17
1.7571533488461526e-17
1.7709509436769693e-17
1.7801493402308462e-17
1.7893477367847256e-17
1.7985461333386025e-17
1.807744529892482e-17
1.8215421247232986e-17
1.839938917831055e-17
1.8537365126618716e-17
1.8675341074926882e-17
1.881331702323506e-17
1.913526090262079e-17
1.927323685092897e-17
1.9411212799237135e-17
1.968716469585348e-17
1.9779148661392262e-17
1.991712460970043e-17
2.0055100558008595e-17
2.014708452354739e-17
2.0239068489086158e-17
2.0377044437394325e-17
2.0515020385702503e-17
2.0698988316780067e-17
2.0836964265088245e-17
2.0928948230627015e-17
2.106692417893518e-17
2.120490012724336e-17
2.134287607555154e-17
2.1434860041090308e-17
2.1572835989398487e-17
2.1710811937706653e-17
2.1894779868784216e-17
2.2032755817092395e-17
2.217073176540056e-17
2.2354699696478125e-17
2.2446683662016894e-17
2.2538667627555688e-17
2.2768627541402636e-17
2.29525954724802e-17
2.313656340355775e-17
2.3228547369096545e-17
2.3412515300174108e-17
2.3550491248482274e-17
2.3642475214021056e-17
2.3734459179559838e-17
2.3964419093406786e-17
2.4102395041714965e-17
2.4194379007253734e-17
2.4286362972792528e-17
2.456231486940886e-17
2.4654298834947642e-17
2.4930250731563987e-17
2.502223469710277e-17
2.511421866264155e-17
2.5252194610949717e-17
2.53441785764885e-17
2.5482154524796678e-17
2.5620130473104844e-17
2.5804098404182407e-17
2.5942074352490574e-17
2.6034058318029355e-17
2.63100102146457e-17
2.6401994180184482e-17
2.6493978145723264e-17
2.663195409403143e-17
2.6723938059570212e-17
2.6815922025108993e-17
2.695389797341716e-17
2.7045881938955942e-17
2.718385788726412e-17
2.727584185280289e-17
2.7413817801111068e-17
2.7643777714958016e-17
2.7735761680496798e-17
2.7965721594343746e-17
2.805770555988254e-17
2.828766547372949e-17
2.847163340480704e-17
2.8747585301423397e-17
2.888556124973156e-17
2.9069529180809126e-17
2.9161513146347896e-17
2.934548107742546e-17
2.9437465042964253e-17
2.96674249568112e-17
2.989738487065815e-17
3.0035360818966316e-17
3.012734478450511e-17
3.0265320732813276e-17
3.044928866389084e-17
3.0587264612199006e-17
3.067924857773779e-17
3.077123254327657e-17
3.095520047435413e-17
3.1047184439892914e-17
3.118516038820108e-17
3.132313633650926e-17
3.150710426758682e-17
3.164508021589499e-17
3.1783056164203155e-17
3.196702409528072e-17
3.20590080608195e-17
3.215099202635828e-17
3.228896797466645e-17
3.238095194020524e-17
3.251892788851341e-17
3.261091185405218e-17
3.279487978512974e-17
3.2886863750668536e-17
3.2978847716207305e-17
3.316281564728487e-17
3.339277556113183e-17
3.3622735474978777e-17
3.371471944051756e-17
3.380670340605634e-17
3.399067133713389e-17
3.412864728544207e-17
3.426662323375025e-17
3.4404599182058415e-17
3.454257513036658e-17
3.468055107867475e-17
3.4956502975291105e-17
3.509447892359927e-17
3.523245487190744e-17
3.532443883744622e-17
3.5416422802985e-17
3.555439875129317e-17
3.5692374699601346e-17
3.596832659621769e-17
3.610630254452586e-17
3.619828651006464e-17
3.629027047560342e-17
3.6474238406680984e-17
3.661221435498915e-17
3.675019030329732e-17
3.684217426883611e-17
3.693415823437488e-17
3.707213418268306e-17
3.7210110130991226e-17
3.739407806206879e-17
3.748606202760757e-17
3.757804599314635e-17
3.78539978897627e-17
3.803796582084026e-17
3.817594176914843e-17
3.835990970022599e-17
3.8497885648534157e-17
3.8819829527919887e-17
3.8957805476228065e-17
3.904978944176685e-17
3.9417725303921974e-17
3.960169323499954e-17
3.987764513161587e-17
4.0061613062693433e-17
4.0153597028232215e-17
4.0291572976540394e-17
4.042954892484856e-17
4.052153289038734e-17
4.0613516855926123e-17
4.075149280423429e-17
4.084347676977307e-17
4.098145271808125e-17
4.1165420649158814e-17
4.1349388580236365e-17
4.1487364528544543e-17
4.1671332459622107e-17
4.180930840793027e-17
4.1993276339007836e-17
4.2085260304546606e-17
4.21772442700854e-17
4.240720418393235e-17
4.249918814947113e-17
4.2637164097779296e-17
4.2775140046087487e-17
4.286712401162623e-17
4.2959107977165026e-17
4.3097083925473217e-17
4.3281051856550755e-17
4.337303582208955e-17
4.355700375316709e-17
4.364898771870588e-17
4.3786963667014073e-17
4.387894763255284e-17
4.401692358086101e-17
4.41089075463998e-17
4.420089151193857e-17
4.433886746024674e-17
4.4522835391324327e-17
4.461481935686307e-17
4.475279530517126e-17
4.489077125347943e-17
4.507473918455699e-17
4.5166723150095786e-17
4.5350691081173325e-17
4.553465901225091e-17
4.571862694332845e-17
4.5994578839944784e-17
4.6132554788252975e-17
4.6316522719330514e-17
4.640850668486931e-17
4.659247461594687e-17
4.682243452979383e-17
4.6960410478102e-17
4.705239444364077e-17
4.714437840917956e-17
4.728235435748773e-17
4.751231427133469e-17
4.760429823687348e-17
4.7742274185181624e-17
4.783425815072042e-17
4.8064218064567354e-17
4.8202194012875545e-17
4.8386161943953084e-17
4.8524137892261275e-17
4.8708105823338813e-17
4.8846081771647004e-17
4.89380657371858e-17
4.903004970272457e-17
4.912203366826334e-17
4.921401763380213e-17
4.9306001599340925e-17
4.9489969530418464e-17
4.9627945478726655e-17
4.9719929444265424e-17
4.9811913409804194e-17
4.9949889358112385e-17
5.0271833237498114e-17
5.036381720303691e-17
5.050179315134505e-17
5.0593777116883844e-17
5.073175306519201e-17
5.082373703073078e-17
5.096171297903897e-17
5.109968892734714e-17
5.1237664875655304e-17
