4.844392628950131e-19
5.784443655405944e-19
6.724494681861758e-19
7.664545708317571e-19
9.544647761229321e-19
1.0484698787685258e-18
1.1424749814141071e-18
1.2364800840596885e-18
1.4244902893508511e-18
1.6125004946420385e-18
1.7535081486104105e-18
1.988520905224364e-18
2.0825260078699575e-18
2.4115438671295045e-18
2.505548969775086e-18
2.740561726389064e-18
2.881569380357436e-18
3.0695795856485985e-18
3.16358468829418e-18
3.3515948935853672e-18
3.492602547553739e-18
3.633610201522111e-18
3.774617855490483e-18
3.91562550945888e-18
4.056633163427252e-18
4.291645920041205e-18
4.526658676655183e-18
4.6206637793007646e-18
4.808673984591927e-18
4.996684189883102e-18
5.1376918438514866e-18
5.2786994978198586e-18
5.4197071517882306e-18
5.513712254433812e-18
5.74872501104779e-18
5.936735216338953e-18
6.030740318984534e-18
6.124745421630128e-18
6.218750524275721e-18
6.406760729566884e-18
6.594770934858047e-18
7.017793896763187e-18
7.111798999408769e-18
7.25280665337714e-18
7.393814307345537e-18
7.487819409991119e-18
7.675829615282281e-18
7.769834717927863e-18
7.863839820573456e-18
7.95784492321905e-18
8.098852577187422e-18
8.192857679833003e-18
8.380867885124166e-18
8.474872987769772e-18
8.662883193060935e-18
8.803890847029307e-18
8.897895949674888e-18
9.038903603643272e-18
9.226913808934447e-18
9.36792146290282e-18
9.508929116871191e-18
9.696939322162379e-18
9.79094442480796e-18
9.884949527453541e-18
1.0025957181421913e-17
1.0260969938035891e-17
1.0401977592004263e-17
1.0589987797295426e-17
1.0683992899941007e-17
1.0919005656554985e-17
1.1013010759200567e-17
1.1154018413168939e-17
1.124802351581452e-17
1.1342028618460114e-17
1.1436033721105707e-17
1.157704137507408e-17
1.1718049029042451e-17
1.1859056683010823e-17
1.200006433697922e-17
1.2235077093593174e-17
1.2423087298884336e-17
1.2611097504175524e-17
1.2705102606821105e-17
1.2893112812112268e-17
1.3034120466080652e-17
1.3222130671371827e-17
1.3363138325340199e-17
1.345714342798578e-17
1.3598151081954152e-17
1.3739158735922549e-17
1.383316383856813e-17
1.3974171492536502e-17
1.4115179146504874e-17
1.425618680047327e-17
1.4491199557087224e-17
1.4679209762378387e-17
1.4820217416346784e-17
1.5008227621637946e-17
1.5149235275606318e-17
1.533724548089748e-17
1.5478253134865878e-17
1.561926078883425e-17
1.571326589147983e-17
1.5807270994125412e-17
1.5948278648093797e-17
1.604228375073939e-17
1.6136288853384972e-17
1.6230293956030553e-17
1.6324299058676134e-17
1.6418304161321716e-17
1.651230926396731e-17
1.6653316917935694e-17
1.6794324571904066e-17
1.6982334777195228e-17
1.7217347533809206e-17
1.7311352636454788e-17
1.740535773910037e-17
1.749936284174595e-17
1.7640370495714322e-17
1.778137814968272e-17
1.792238580365109e-17
1.8063393457619463e-17
1.8204401111587835e-17
1.829840621423344e-17
1.8486416419524604e-17
1.8674426624815766e-17
1.8956441932752535e-17
1.9144452138043698e-17
1.923845724068928e-17
1.933246234333486e-17
1.9473469997303257e-17
1.961447765127163e-17
1.975548530524e-17
1.9896492959208373e-17
2.003750061317677e-17
2.0319515921113514e-17
2.0413521023759095e-17
2.0507526126404676e-17
2.0601531229050282e-17
2.0789541434341445e-17
2.0883546536987026e-17
2.10245541909554e-17
2.1165561844923795e-17
2.1259566947569376e-17
2.140057460153775e-17
2.158858480682891e-17
2.1729592460797308e-17
2.187060011476568e-17
2.2152615422702424e-17
2.2246620525348005e-17
2.2387628179316402e-17
2.2575638384607565e-17
2.2669643487253146e-17
2.2763648589898727e-17
2.2951658795189915e-17
2.3186671551803868e-17
2.337468175709503e-17
2.3468686859740637e-17
2.375070216767738e-17
2.3844707270322962e-17
2.403271747561415e-17
2.4314732783550893e-17
2.4455740437519265e-17
2.4549745540164847e-17
2.4643750642810453e-17
2.4831760848101615e-17
2.4972768502069987e-17
2.511377615603836e-17
2.5301786361329547e-17
2.5395791463975128e-17
2.55367991179435e-17
2.563080422058908e-17
2.5724809323234675e-17
2.581881442588027e-17
2.591281952852585e-17
2.600682463117143e-17
2.6100829733817013e-17
2.6288839939108175e-17
2.6523852695722153e-17
2.6664860349690525e-17
2.6758865452336107e-17
2.6946875657627294e-17
2.7087883311595666e-17
2.7228890965564038e-17
2.7369898619532422e-17
2.7463903722178004e-17
2.7651913927469166e-17
2.7933929235405935e-17
2.8027934338051516e-17
2.81219394406971e-17
2.821594454334268e-17
2.8309949645988285e-17
2.845095729995666e-17
2.854496240260224e-17
2.868597005657061e-17
2.877997515921619e-17
2.892098281318459e-17
2.901498791583017e-17
2.910899301847575e-17
2.9297003223766914e-17
2.9485013429058076e-17
2.9720026185672054e-17
2.9814031288317636e-17
2.995503894228601e-17
3.0190051698899986e-17
3.037806190419115e-17
3.056607210948231e-17
3.066007721212792e-17
3.080108486609629e-17
3.089508996874187e-17
3.1083100174033033e-17
3.127111037932422e-17
3.13651154819698e-17
3.1553125687260965e-17
3.174113589255213e-17
3.1835140995197733e-17
3.1929146097843315e-17
3.2070153751811687e-17
3.2399171611071246e-17
3.272818947033078e-17
3.282219457297636e-17
3.2916199675621943e-17
3.305720732959034e-17
3.319821498355871e-17
3.3292220086204293e-17
3.3480230291495456e-17
3.357423539414106e-17
3.3715243048109434e-17
3.3903253253400597e-17
3.404426090736897e-17
3.4138266010014575e-17
3.4279273663982947e-17
3.442028131795132e-17
3.45142864205969e-17
3.4655294074565297e-17
3.479630172853367e-17
3.493730938250204e-17
3.503131448514762e-17
3.5172322139115994e-17
3.531332979308439e-17
3.540733489572997e-17
3.5548342549698344e-17
3.5642347652343925e-17
3.583035785763509e-17
3.5924362960280694e-17
3.6112373165571857e-17
3.620637826821744e-17
3.634738592218581e-17
3.6488393576154207e-17
3.672340633276816e-17
3.681741143541374e-17
3.6958419089382113e-17
3.709942674335051e-17
3.719343184599609e-17
3.7334439499964463e-17
3.7428444602610045e-17
3.7522449705255626e-17
3.761645480790123e-17
3.7757462461869604e-17
3.7851467564515185e-17
3.799247521848356e-17
3.8133482872451954e-17
3.8274490526420326e-17
3.836849562906591e-17
3.850950328303428e-17
3.874451603964826e-17
3.883852114229384e-17
3.893252624493942e-17
3.912053645023058e-17
3.926154410419898e-17
3.940255175816735e-17
3.949655686081293e-17
3.9684567066104095e-17
3.9778572168749677e-17
3.9919579822718073e-17
4.0060587476686445e-17
4.020159513065482e-17
4.0483610438591586e-17
4.057761554123717e-17
4.067162064388275e-17
4.081262829785112e-17
4.100063850314231e-17
4.118864870843347e-17
4.1376658913724634e-17
4.1470664016370215e-17
4.161167167033861e-17
4.1799681875629774e-17
4.1893686978275356e-17
4.1987692080920937e-17
4.208169718356652e-17
4.2316709940180496e-17
4.245771759414887e-17
4.259872524811724e-17
4.283373800473122e-17
4.297474565869959e-17
4.311575331266796e-17
4.3303763517959125e-17
4.344477117192752e-17
4.3679783928541475e-17
4.3773789031187056e-17
4.391479668515543e-17
4.4102806890446616e-17
4.41968119930922e-17
4.429081709573778e-17
4.438482219838336e-17
4.4525829852351756e-17
4.471384005764292e-17
4.499585536557966e-17
4.518386557087085e-17
4.537187577616201e-17
4.5512883430130385e-17
4.560688853277599e-17
4.574789618674436e-17
4.5841901289389944e-17
4.5935906392035526e-17
4.602991149468111e-17
4.612391659732669e-17
4.6311926802617876e-17
4.640593190526346e-17
4.654693955923183e-17
4.664094466187741e-17
4.687595741849139e-17
4.696996252113697e-17
4.706396762378255e-17
4.7251977829073714e-17
4.748699058568769e-17
4.758099568833327e-17
4.7769005893624436e-17
4.8004018650238414e-17
4.828603395817516e-17
4.847404416346632e-17
4.861505181743472e-17
4.87090569200803e-17
4.885006457404867e-17
4.899107222801704e-17
4.913207988198544e-17
4.93200900872766e-17
4.9508100292567764e-17
4.9649107946536136e-17
4.9884120703150114e-17
5.007213090844128e-17
5.0260141113732464e-17
5.0401148767700836e-17
5.063616152431479e-17
5.082417172960598e-17
5.091817683225156e-17
5.101218193489714e-17
5.12001921401883e-17
5.1294197242833884e-17
