4.0594554636657277e-19
5.004954222976473e-19
6.423202361942221e-19
7.841450500908216e-19
8.786949260218715e-19
1.0205197399184586e-18
1.1150696158495208e-18
1.256894429746108e-18
1.3514443056771702e-18
1.493269119573745e-18
1.6350939334703445e-18
1.7296438094013943e-18
1.871468623297994e-18
2.155118251091168e-18
2.249668127022218e-18
2.4387678788843424e-18
2.7696924446430416e-18
2.958792196505166e-18
3.100617010401741e-18
3.3369917002293902e-18
3.47881651412599e-18
3.5733663900570396e-18
3.667916265988102e-18
3.762466141919164e-18
3.857016017850214e-18
3.951565893781276e-18
4.046115769712338e-18
4.140665645643388e-18
4.3297653975055125e-18
4.4715902114021e-18
4.660689963264212e-18
4.802514777160811e-18
5.0388894669884606e-18
5.1334393429195105e-18
5.322539094781635e-18
5.558913784609284e-18
5.653463660540334e-18
5.748013536471384e-18
5.8425634124024585e-18
5.9371132883335084e-18
6.031663164264558e-18
6.220762916126683e-18
6.457137605954332e-18
6.551687481885382e-18
6.6462373578164565e-18
6.835337109678556e-18
6.929886985609631e-18
7.118986737471743e-18
7.35536142729938e-18
7.449911303230454e-18
7.639011055092554e-18
7.733560931023629e-18
7.875385744920204e-18
7.969935620851278e-18
8.064485496782328e-18
8.159035372713378e-18
8.300860186609977e-18
8.442685000506564e-18
8.537234876437627e-18
8.679059690334201e-18
8.773609566265276e-18
8.915434380161851e-18
9.009984256092913e-18
9.246358945920562e-18
9.38818375981715e-18
9.624558449644799e-18
9.813658201506911e-18
9.908208077437973e-18
1.0191857705231147e-17
1.0333682519127735e-17
1.0428232395058797e-17
1.0759156960817496e-17
1.0900981774714095e-17
1.0995531650645145e-17
1.1231906340472795e-17
1.1373731154369382e-17
1.1468281030300444e-17
1.1562830906231494e-17
1.1657380782162556e-17
1.1893755471990193e-17
1.1988305347921268e-17
1.217740509978338e-17
1.2271954975714442e-17
1.2413779789611017e-17
1.2602879541473141e-17
1.2697429417404191e-17
1.2791979293335266e-17
1.2886529169266316e-17
1.2981079045197378e-17
1.3122903859093965e-17
1.3217453735025015e-17
1.3406553486887139e-17
1.3501103362818201e-17
1.3595653238749264e-17
1.3879302866542438e-17
1.4021127680439013e-17
1.4162952494335612e-17
1.449387706009431e-17
1.4588426936025374e-17
1.473025174992196e-17
1.482480162585301e-17
1.506117631568066e-17
1.5250276067542784e-17
1.5486650757370434e-17
1.562847557126701e-17
1.5723025447198083e-17
1.5817575323129133e-17
1.6053950012956782e-17
1.6148499888887832e-17
1.6243049764818907e-17
1.6479424454646556e-17
1.6573974330577606e-17
1.6715799144474193e-17
1.685762395837078e-17
1.6999448772267367e-17
1.709399864819843e-17
1.733037333802608e-17
1.742492321395713e-17
1.751947308988819e-17
1.7614022965819253e-17
1.7708572841750303e-17
1.7803122717681365e-17
1.7992222469543477e-17
1.8275872097336652e-17
1.841769691123325e-17
1.8559521725129826e-17
1.874862147699195e-17
1.8937721228854075e-17
1.9032271104785125e-17
1.9174095918681724e-17
1.93159207325783e-17
1.9505020484440423e-17
1.9694120236302548e-17
1.9835945050199123e-17
2.0025044802061247e-17
2.0166869615957834e-17
2.0355969367819946e-17
2.0450519243751008e-17
2.0734168871544183e-17
2.087599368544077e-17
2.111236837526842e-17
2.120691825119947e-17
2.1396018003061594e-17
2.1585117754923718e-17
2.1726942568820293e-17
2.1868767382716892e-17
2.1963317258647942e-17
2.2105142072544542e-17
2.2246966886441116e-17
2.234151676237219e-17
2.243606663830324e-17
2.2625166390165365e-17
2.2861541079993002e-17
2.2956090955924064e-17
2.3050640831855114e-17
2.323974058371724e-17
2.3381565397613826e-17
2.3523390211510413e-17
2.3807039839303587e-17
2.390158971523465e-17
2.3996139591165712e-17
2.4185239343027824e-17
2.4279789218958886e-17
2.4374339094889936e-17
2.446888897082101e-17
2.465798872268311e-17
2.489436341251076e-17
2.5083463164372884e-17
2.5178013040303934e-17
2.5319837854200533e-17
2.5508937606062645e-17
2.5603487481993708e-17
2.579258723385582e-17
2.5887137109786882e-17
2.602896192368347e-17
2.621806167554558e-17
2.6407161427407706e-17
2.654898624130428e-17
2.669081105520088e-17
2.6879910807063004e-17
2.702173562095958e-17
2.7210835372821703e-17
2.7305385248752753e-17
2.7447210062649353e-17
2.7541759938580403e-17
2.7636309814511465e-17
2.777813462840805e-17
2.791995944230464e-17
2.80145093182357e-17
2.815633413213229e-17
2.8298158946028876e-17
2.8487258697891e-17
2.858180857382205e-17
2.872363338771864e-17
2.88181832636497e-17
2.891273313958075e-17
2.9007283015511824e-17
2.9196382767373923e-17
2.943275745720157e-17
2.96218572090637e-17
2.9763682022960284e-17
2.9858231898891347e-17
3.000005671278792e-17
3.0189156464650046e-17
3.028370634058111e-17
3.037825621651217e-17
3.061463090633982e-17
3.070918078227087e-17
3.0851005596167457e-17
3.1087380285995106e-17
3.118193016192617e-17
3.127648003785722e-17
3.137102991378828e-17
3.146557978971934e-17
3.160740460361592e-17
3.1749229417512517e-17
3.1843779293443567e-17
3.193832916937464e-17
3.2080153983271216e-17
3.217470385920228e-17
3.236380361106439e-17
3.245835348699545e-17
3.2647453238857565e-17
3.2789278052754164e-17
3.2883827928685214e-17
3.3025652742581813e-17
3.3120202618512863e-17
3.326202743240946e-17
3.335657730834051e-17
3.3640226936133687e-17
3.3734776812064737e-17
3.3876601625961336e-17
3.4018426439857923e-17
3.425480112968556e-17
3.4349351005616635e-17
3.4538450757478735e-17
3.463300063340981e-17
3.4774825447306384e-17
3.4916650261202984e-17
3.5105750013065096e-17
3.520029988899616e-17
3.538939964085828e-17
3.557849939272038e-17
3.5673049268651457e-17
3.6003973834410156e-17
3.6098523710341206e-17
3.6334898400168855e-17
3.642944827609992e-17
3.661854802796203e-17
3.671309790389309e-17
3.6807647779824154e-17
3.6902197655755204e-17
3.699674753168628e-17
3.709129740761733e-17
3.718584728354838e-17
3.732767209744498e-17
3.742222197337603e-17
3.751677184930709e-17
3.78476964150658e-17
3.794224629099685e-17
3.803679616692791e-17
3.8225895918790025e-17
3.83204457947211e-17
3.8462270608617674e-17
3.8698645298445324e-17
3.884047011234191e-17
3.89822949262385e-17
3.91241197401351e-17
3.926594455403167e-17
3.940776936792827e-17
3.950231924385932e-17
3.964414405775591e-17
3.973869393368697e-17
3.988051874758356e-17
4.0022343561480145e-17
4.021144331334227e-17
4.040054306520437e-17
4.054236787910097e-17
4.063691775503202e-17
4.0731467630963093e-17
4.096784232079073e-17
4.106239219672179e-17
4.125149194858392e-17
4.1440591700446017e-17
4.153514157637709e-17
4.1676966390273666e-17
4.177151626620473e-17
4.186606614213579e-17
4.196061601806684e-17
4.2055165893997915e-17
4.2149715769928965e-17
4.233881552179109e-17
4.243336539772214e-17
4.252791527365319e-17
4.266974008754979e-17
4.276428996348084e-17
4.285883983941191e-17
4.300066465330849e-17
4.309521452923955e-17
4.328431428110166e-17
4.3473414032963786e-17
4.3709788722791436e-17
4.385161353668801e-17
4.3946163412619085e-17
4.4040713288550135e-17
4.41352631644812e-17
4.4371637854308834e-17
4.446618773023991e-17
4.456073760617096e-17
4.4749837358033083e-17
4.4938937109895195e-17
4.508076192379178e-17
4.522258673768837e-17
4.5364411551584957e-17
4.5506236365481544e-17
4.564806117937813e-17
4.5931710807171305e-17
4.602626068310237e-17
4.6168085496998955e-17
4.6309910310895554e-17
4.645173512479213e-17
4.654628500072319e-17
4.6735384752585303e-17
4.68772095664819e-17
4.697175944241295e-17
4.7066309318344015e-17
4.72081341322406e-17
4.7397233884102726e-17
4.7586333635964826e-17
4.7728158449861426e-17
4.786998326375801e-17
4.80118080776546e-17
4.815363289155119e-17
4.8295457705447774e-17
4.843728251934436e-17
4.857910733324095e-17
4.872093214713755e-17
4.88154820230686e-17
4.8957306836965185e-17
4.909913165086177e-17
4.933550634068942e-17
4.9524606092551546e-17
4.9713705844413646e-17
4.980825572034472e-17
4.990280559627577e-17
4.999735547220683e-17
5.0186455224068944e-17
5.037555497593107e-17
5.047010485186212e-17
5.056465472779318e-17
5.065920460372424e-17
5.089557929355189e-17
5.099012916948294e-17
5.1084679045414004e-17
5.1273778797276116e-17
5.136832867320718e-17
