4.339827529823546e-19
5.425155245933852e-19
6.510482962044404e-19
8.681138394265509e-19
1.0309129968431337e-18
1.1394457684541643e-18
1.2479785400652196e-18
1.46504408328733e-18
1.5735768548983852e-18
1.6821096265094158e-18
1.8991751697315263e-18
2.0077079413425815e-18
2.279039870370195e-18
2.38757264198125e-18
2.550371799397833e-18
2.713170956814416e-18
2.875970114230974e-18
3.2015684290641398e-18
3.4186339722862502e-18
3.527166743897281e-18
3.744232287119391e-18
3.8527650587304465e-18
3.961297830341502e-18
4.1783633735635875e-18
4.34116253098017e-18
4.503961688396753e-18
4.6124944600078085e-18
4.721027231618839e-18
4.992359160646477e-18
5.100891932257532e-18
5.2094247038685876e-18
5.535023018701729e-18
5.752088561923839e-18
5.914887719340397e-18
6.07768687675698e-18
6.186219648368035e-18
6.349018805784618e-18
6.5118179632011764e-18
6.7831498922288145e-18
6.945949049645397e-18
7.054481821256428e-18
7.434346521895121e-18
7.542879293506176e-18
7.759944836728262e-18
7.868477608339317e-18
7.977010379950373e-18
8.139809537366956e-18
8.248342308977986e-18
8.411141466394569e-18
8.573940623811152e-18
8.682473395422207e-18
9.225137253477459e-18
9.442202796699569e-18
9.5507355683106e-18
9.713534725727182e-18
9.930600268949293e-18
1.0039133040560348e-17
1.0256198583782434e-17
1.0473264127004544e-17
1.0690329670226655e-17
1.0798862441837685e-17
1.090739521344874e-17
1.1015927985059796e-17
1.1124460756670851e-17
1.1287259914087434e-17
1.1450059071503992e-17
1.1558591843115047e-17
1.172139100053163e-17
1.1884190157948213e-17
1.1992722929559244e-17
1.231832124439241e-17
1.2481120401808992e-17
1.2860985102447661e-17
1.3023784259864244e-17
1.3186583417280802e-17
1.3349382574697385e-17
1.3566448117919495e-17
1.367498088953055e-17
1.3892046432752636e-17
1.405484559016922e-17
1.427191113339133e-17
1.4434710290807888e-17
1.459750944822447e-17
1.4760308605641053e-17
1.486884137725211e-17
1.5302972463696305e-17
1.5628570778529446e-17
1.5845636321751557e-17
1.5954169093362612e-17
1.611696825077917e-17
1.6279767408195753e-17
1.6388300179806808e-17
1.660536572302892e-17
1.671389849463995e-17
1.7039496809473115e-17
1.714802958108417e-17
1.7419361510111783e-17
1.752789428172284e-17
1.7636427053333894e-17
1.774495982494495e-17
1.7853492596556004e-17
1.7962025368167035e-17
1.8179090911389145e-17
1.82876236830002e-17
1.8396156454611256e-17
1.8558955612027814e-17
1.8721754769444397e-17
1.8938820312666507e-17
1.9047353084277563e-17
1.9155885855888593e-17
1.9372951399110704e-17
1.9590016942332814e-17
1.9861348871360427e-17
2.002414802877701e-17
2.0132680800388066e-17
2.034974634361015e-17
2.0458279115221207e-17
2.0566811886832262e-17
2.0729611044248845e-17
2.08381438158599e-17
2.1000942973276458e-17
2.116374213069304e-17
2.1326541288109624e-17
2.143507405972068e-17
2.1597873217137237e-17
2.176067237455382e-17
2.214053707519249e-17
2.2303336232609072e-17
2.2520401775831182e-17
2.2737467319053268e-17
2.2846000090664323e-17
2.3008799248080906e-17
2.311733201969196e-17
2.328013117710852e-17
2.349719672033063e-17
2.3605729491941685e-17
2.371426226355274e-17
2.3822795035163796e-17
2.3985594192580354e-17
2.409412696419141e-17
2.4202659735802464e-17
2.4528258050635605e-17
2.4691057208052188e-17
2.4799589979663243e-17
2.49081227512743e-17
2.5125188294496384e-17
2.5287987451912967e-17
2.545078660932955e-17
2.5667852152551636e-17
2.583065130996822e-17
2.5993450467384802e-17
2.6101983238995857e-17
2.6210516010606912e-17
2.637331516802347e-17
2.659038071124558e-17
2.6698913482856636e-17
2.680744625446769e-17
2.6915979026078746e-17
2.7133044569300832e-17
2.7295843726717415e-17
2.7458642884133998e-17
2.7675708427356084e-17
2.7892773970578194e-17
2.816410589960581e-17
2.827263867121686e-17
2.838117144282792e-17
2.85439706002445e-17
2.8706769757661084e-17
2.892383530088317e-17
2.9032368072494225e-17
2.914090084410528e-17
2.9249433615716335e-17
2.9357966387327366e-17
2.9575031930549476e-17
2.968356470216053e-17
2.9792097473771587e-17
2.990063024538264e-17
3.00634294027992e-17
3.0443294103437893e-17
3.0768892418271035e-17
3.093169157568762e-17
3.104022434729867e-17
3.120302350471523e-17
3.142008904793734e-17
3.163715459115945e-17
3.174568736277048e-17
3.185422013438154e-17
3.2179818449214703e-17
3.228835122082576e-17
3.2505416764047844e-17
3.26139495356589e-17
3.288528146468654e-17
3.3102347007908623e-17
3.3265146165325206e-17
3.342794532274179e-17
3.353647809435282e-17
3.36992772517694e-17
3.380781002338046e-17
3.391634279499151e-17
3.4079141952408096e-17
3.435047388143571e-17
3.4459006653046764e-17
3.462180581046335e-17
3.473033858207438e-17
3.4838871353685433e-17
3.494740412529649e-17
3.511020328271307e-17
3.5273002440129654e-17
3.5381535211740685e-17
3.554433436915727e-17
3.570713352657385e-17
3.5815666298184906e-17
3.608699822721252e-17
3.6195530998823574e-17
3.6412596542045685e-17
3.6521129313656715e-17
3.662966208526777e-17
3.6738194856878826e-17
3.7118059557517494e-17
3.728085871493408e-17
3.744365787235066e-17
3.766072341557277e-17
3.782352257298933e-17
3.798632173040591e-17
3.8094854502016967e-17
3.825765365943355e-17
3.842045281685011e-17
3.852898558846116e-17
3.8691784745877746e-17
3.88003175174888e-17
3.901738306071089e-17
3.912591583232194e-17
3.9234448603933e-17
3.934298137554405e-17
3.956004691876614e-17
3.9668579690377194e-17
3.977711246198825e-17
3.993991161940483e-17
4.010271077682139e-17
4.026550993423797e-17
4.037404270584903e-17
4.059110824907114e-17
4.069964102068217e-17
4.086244017809875e-17
4.1025239335515335e-17
4.118803849293192e-17
4.129657126454295e-17
4.151363680776506e-17
4.1622169579376114e-17
4.173070235098717e-17
4.1839235122598224e-17
4.1947767894209255e-17
4.2164833437431365e-17
4.232763259484795e-17
4.2544698138070034e-17
4.265323090968109e-17
4.28702964529032e-17
4.2978829224514255e-17
4.3087361996125286e-17
4.3304427539347396e-17
4.341296031095845e-17
4.3521493082569506e-17
4.384709139740265e-17
4.39556241690137e-17
4.406415694062476e-17
4.4172689712235813e-17
4.428122248384687e-17
4.4444021641263427e-17
4.455255441287448e-17
4.466108718448554e-17
4.476961995609659e-17
4.4932419113513175e-17
4.5095218270929733e-17
4.520375104254079e-17
4.5312283814151844e-17
4.5529349357373954e-17
4.574641490059604e-17
4.590921405801262e-17
4.601774682962368e-17
4.6126279601234733e-17
4.628907875865129e-17
4.6451877916067874e-17
4.661467707348446e-17
4.672320984509551e-17
4.69402753883176e-17
4.7048808159928654e-17
4.715734093153971e-17
4.7265873703150764e-17
4.742867286056732e-17
4.7591472017983905e-17
4.770000478959496e-17
4.7808537561206016e-17
4.791707033281707e-17
4.807986949023363e-17
4.845973419087232e-17
4.862253334828888e-17
4.889386527731652e-17
4.9002398048927574e-17
4.911093082053863e-17
4.927372997795519e-17
4.943652913537177e-17
4.9545061906982825e-17
4.970786106439941e-17
4.981639383601044e-17
5.003345937923255e-17
5.019625853664913e-17
5.035905769406569e-17
5.0467590465676745e-17
5.0684656008898856e-17
5.0901721552120966e-17
5.117305348114858e-17
5.1281586252759635e-17
