3.5225631838046876e-19
5.451105868193139e-19
6.897512881484385e-19
8.343919894775631e-19
9.308191236969795e-19
1.0754598250261165e-18
1.220100526355241e-18
1.3647412276843657e-18
1.4611683619037821e-18
1.5575954961232109e-18
1.7504497645620437e-18
1.9433040330008765e-18
2.039731167220293e-18
2.2325854356591504e-18
2.329012569878542e-18
2.425439704097983e-18
2.5218668383173996e-18
2.666507539646512e-18
2.811148240975649e-18
2.9075753751950652e-18
3.0040025094144816e-18
3.1968567778533145e-18
3.2932839120727555e-18
3.437924613401868e-18
3.534351747621284e-18
3.727206016060117e-18
3.823633150279558e-18
3.9682738516086704e-18
4.112914552937807e-18
4.209341687157224e-18
4.4021959555960566e-18
4.64326379114461e-18
4.787904492473722e-18
4.884331626693163e-18
4.98075876091258e-18
5.125399462241692e-18
5.318253730680525e-18
5.511107999119382e-18
5.607535133338799e-18
5.703962267558215e-18
5.8003894017776315e-18
5.896816535997048e-18
5.993243670216464e-18
6.089670804435905e-18
6.186097938655297e-18
6.330738639984434e-18
6.4271657742038505e-18
6.5718064755329874e-18
6.7164471768621e-18
6.812874311081541e-18
6.9093014453009325e-18
7.05394214663007e-18
7.295009982178623e-18
7.43965068350776e-18
7.536077817727176e-18
7.632504951946593e-18
7.728932086166009e-18
7.873572787495146e-18
8.018213488824283e-18
8.355708458592228e-18
8.500349159921365e-18
8.644989861250477e-18
8.789630562579614e-18
8.982484831018447e-18
9.078911965237888e-18
9.17533909945728e-18
9.319979800786417e-18
9.51283406922525e-18
9.60926120344469e-18
9.753901904773803e-18
9.89854260610294e-18
9.994969740322356e-18
1.0284251142980605e-17
1.0525318978529159e-17
1.0621746112748575e-17
1.0718173246967992e-17
1.0862813948297129e-17
1.1007454649626265e-17
1.1152095350955378e-17
1.134494961939421e-17
1.1441376753613627e-17
1.1586017454942764e-17
1.1923512424710734e-17
1.2164580260259262e-17
1.2261007394478703e-17
1.2405648095807816e-17
1.2598502364246673e-17
1.2791356632685506e-17
1.3032424468234035e-17
1.3177065169563172e-17
1.3273492303782588e-17
1.3418133005111725e-17
1.3562773706440837e-17
1.3659200840660278e-17
1.380384154198939e-17
1.3900268676208807e-17
1.3996695810428248e-17
1.414133651175736e-17
1.4382404347305914e-17
1.4575258615744747e-17
1.4671685749964163e-17
1.476811288418358e-17
1.4912753585512716e-17
1.5202034988170966e-17
1.5394889256609823e-17
1.5491316390829215e-17
1.5587743525048656e-17
1.5684170659268048e-17
1.578059779348749e-17
1.5925238494816626e-17
1.6069879196145738e-17
1.626273346458457e-17
1.6407374165913708e-17
1.6503801300133124e-17
1.664844200146226e-17
1.688950983701079e-17
1.7130577672559343e-17
1.722700480677876e-17
1.7323431940998176e-17
1.7468072642327313e-17
1.7757354044985562e-17
1.79019947463147e-17
1.8046635447643836e-17
1.8143062581863228e-17
1.8287703283192365e-17
1.8384130417411806e-17
1.8480557551631197e-17
1.867341182007003e-17
1.8818052521399167e-17
1.8962693222728304e-17
1.905912035694772e-17
1.9155547491167137e-17
1.934840175960597e-17
1.944482889382541e-17
1.9541256028044803e-17
1.9637683162264244e-17
1.9782323863593356e-17
1.9878750997812772e-17
2.0119818833361326e-17
2.0216245967580742e-17
2.036088666890988e-17
2.0553740937348712e-17
2.0650168071568128e-17
2.0746595205787545e-17
2.0843022340006986e-17
2.0939449474226378e-17
2.103587660844582e-17
2.113230374266521e-17
2.1325158011104068e-17
2.146979871243318e-17
2.156622584665262e-17
2.1710866547981733e-17
2.185550724931087e-17
2.1951934383530287e-17
2.2048361517749703e-17
2.214478865196912e-17
2.2289429353298257e-17
2.2385856487517673e-17
2.2530497188846785e-17
2.2626924323066226e-17
2.277156502439534e-17
2.2916205725724476e-17
2.3012632859943892e-17
2.315727356127303e-17
2.3350127829711862e-17
2.368762279947983e-17
2.3784049933699248e-17
2.392869063502836e-17
2.4073331336357497e-17
2.426618560479633e-17
2.436261273901577e-17
2.4459039873235163e-17
2.46036805745643e-17
2.4700107708783716e-17
2.4844748410112853e-17
2.494117554433227e-17
2.5085816245661406e-17
2.5326884081209935e-17
2.561616548386821e-17
2.5760806185197346e-17
2.5857233319416738e-17
2.595366045363618e-17
2.605008758785557e-17
2.6194728289184707e-17
2.648400969184298e-17
2.6580436826062373e-17
2.677329109450123e-17
2.6966145362940063e-17
2.706257249715948e-17
2.7255426765598313e-17
2.7448281034037145e-17
2.7641135302475978e-17
2.7785776003805115e-17
2.802684383935367e-17
2.8123270973573085e-17
2.826791167490222e-17
2.841255237623136e-17
2.855719307756047e-17
2.8798260913109024e-17
2.899111518154786e-17
2.9087542315767274e-17
2.918396944998669e-17
2.932861015131583e-17
2.952146441975466e-17
2.9617891553974076e-17
2.9762532255303213e-17
3.005181365796146e-17
3.01964543592906e-17
3.0292881493510016e-17
3.048573576194885e-17
3.0630376463277985e-17
3.07268035974974e-17
3.087144429882654e-17
3.101608500015565e-17
3.116072570148479e-17
3.1257152835704204e-17
3.1498220671252733e-17
3.1594647805472174e-17
3.173928850680131e-17
3.198035634234984e-17
3.2076783476569256e-17
3.2221424177898393e-17
3.231785131211781e-17
3.2414278446337226e-17
3.255891914766634e-17
3.2751773416105196e-17
3.299284125165375e-17
3.323390908720228e-17
3.333033622142172e-17
3.357140405697025e-17
3.38124718925188e-17
3.3957112593847913e-17
3.4053539728067354e-17
3.4342821130725604e-17
3.4583888966274157e-17
3.4824956801822686e-17
3.4921383936042127e-17
3.501781107026152e-17
3.5162451771590655e-17
3.535530604002949e-17
3.554816030846832e-17
3.564458744268776e-17
3.574101457690718e-17
3.588565527823629e-17
3.598208241245573e-17
3.6174936680894565e-17
3.6464218083552814e-17
3.660885878488195e-17
3.670528591910137e-17
3.6946353754649896e-17
3.7139208023088753e-17
3.7283848724417866e-17
3.7428489425747e-17
3.757313012707614e-17
3.7669557261295556e-17
3.781419796262467e-17
3.791062509684411e-17
3.810347936528294e-17
3.8296333633721775e-17
3.844097433505091e-17
3.853740146927033e-17
3.8633828603489745e-17
3.877846930481888e-17
3.8923110006147994e-17
3.906775070747713e-17
3.916417784169655e-17
3.9260604975915964e-17
3.9405245677245076e-17
3.954988637857421e-17
3.969452707990335e-17
3.988738134834218e-17
3.99838084825616e-17
4.0176662751000457e-17
4.027308988521985e-17
4.0417730586548985e-17
4.061058485498782e-17
4.070701198920726e-17
4.080343912342665e-17
4.094807982475579e-17
4.114093409319462e-17
4.1333788361633453e-17
4.152664263007231e-17
4.1719496898511144e-17
4.181592403273056e-17
4.200877830116939e-17
4.2105205435388834e-17
4.2298059703827667e-17
4.244270040515678e-17
4.2587341106485916e-17
4.268376824070533e-17
4.282840894203447e-17
4.3069476777583e-17
4.3214117478912135e-17
4.331054461313155e-17
4.340697174735097e-17
4.3503398881570384e-17
4.364803958289952e-17
4.3840893851338354e-17
4.398553455266749e-17
4.4226602388216044e-17
4.4371243089545157e-17
4.446767022376457e-17
4.461231092509371e-17
4.4708738059313126e-17
4.485337876064224e-17
4.4998019461971376e-17
4.514266016330051e-17
4.528730086462965e-17
4.538372799884904e-17
4.548015513306848e-17
4.55765822672879e-17
4.576943653572673e-17
4.586586366994615e-17
4.5962290804165564e-17
4.605871793838498e-17
4.615514507260442e-17
4.6347999341043255e-17
4.6589067176591783e-17
4.6781921445030616e-17
4.692656214635975e-17
4.7119416414798586e-17
4.731227068323742e-17
4.740869781745686e-17
4.7505124951676276e-17
4.764976565300539e-17
4.774619278722483e-17
4.784261992144422e-17
4.80836877569928e-17
4.818011489121219e-17
4.8372969159651024e-17
4.8469396293870465e-17
4.856582342808988e-17
4.86622505623093e-17
4.8806891263638435e-17
4.895153196496757e-17
4.9047959099186963e-17
4.9289026934735517e-17
4.9433667636064654e-17
4.967473547161321e-17
4.9915803307161736e-17
5.015687114271029e-17
5.034972541114912e-17
5.044615254536854e-17
5.073543394802681e-17
5.107292891779478e-17
5.1169356052014174e-17
5.131399675334331e-17
