8.043669196661287e-19
1.1401852673249148e-18
2.315549484130494e-18
2.6513678317892307e-18
2.9871861794479676e-18
3.658822874765491e-18
3.994641222424277e-18
4.6662779177417505e-18
5.002096265400487e-18
5.337914613059224e-18
5.673732960717961e-18
6.009551308376698e-18
6.345369656035484e-18
6.849097177523639e-18
7.352824699011744e-18
7.688643046670481e-18
8.192370568158586e-18
8.528188915817323e-18
8.86400726347606e-18
9.367734784964264e-18
1.0207280654111106e-17
1.087891734942858e-17
1.1382644870916685e-17
1.1718463218575422e-17
1.2054281566234208e-17
1.2390099913892994e-17
1.3397554956869205e-17
1.3733373304527942e-17
1.406919165218668e-17
1.47408283475042e-17
1.5412465042821725e-17
1.574828339048046e-17
1.6419920085797935e-17
1.6755738433456672e-17
1.7259465954944777e-17
1.776319347643298e-17
1.8266920997921086e-17
1.910646686706793e-17
1.9610194388556034e-17
1.994601273621477e-17
2.0449740257702975e-17
2.0785558605361712e-17
2.1289286126849817e-17
2.1625104474508554e-17
2.212883199599666e-17
2.2464650343655396e-17
2.29683778651435e-17
2.3472105386631705e-17
2.3807923734290442e-17
2.4479560429607916e-17
2.498328795109602e-17
2.5487015472584126e-17
2.599074299407228e-17
2.6326561341731067e-17
2.6830288863219172e-17
2.716610721087791e-17
2.7501925558536646e-17
2.817356225385412e-17
2.8509380601512857e-17
2.884519894917169e-17
2.9516835644489166e-17
2.98526539921479e-17
3.0524290687465376e-17
3.0860109035124113e-17
3.1531745730441636e-17
3.186756407810042e-17
3.321083746873537e-17
3.405038333788221e-17
3.4722020033199784e-17
3.539365672851726e-17
3.5729475076175995e-17
3.606529342383473e-17
3.6736930119152206e-17
3.707274846681099e-17
3.7912294335957883e-17
3.858393103127536e-17
3.925556772659283e-17
3.99272044219104e-17
4.043093194339851e-17
4.0766750291057245e-17
4.127047781254535e-17
4.1942114507862824e-17
4.244584202935093e-17
4.328538789849787e-17
4.3789115419985976e-17
4.446075211530345e-17
4.513238881062092e-17
4.5636116332109127e-17
4.613984385359723e-17
4.647566220125597e-17
4.6811480548914706e-17
4.731520807040281e-17
4.7818935591890917e-17
4.832266311337912e-17
4.865848146103786e-17
4.8994299808696594e-17
4.933011815635533e-17
5.0001754851672805e-17
5.033757319933154e-17
5.067339154699028e-17
5.117711906847848e-17
