5.020283048765571e-19
6.022501186077531e-19
7.024719323389246e-19
8.528046529357063e-19
1.0031373735324758e-18
1.1534700941292452e-18
1.3539137215916374e-18
1.5042464421884068e-18
1.6044682559195782e-18
1.7046900696507743e-18
1.8550227902475438e-18
1.955244603978715e-18
2.1556882314411073e-18
2.3060209520378768e-18
2.406242765769073e-18
2.5064645795002443e-18
2.6066863932314157e-18
2.7069082069626117e-18
2.9073518344249792e-18
3.0075736481561507e-18
3.1579063687529448e-18
3.258128182484116e-18
3.4084609030808856e-18
3.508682716812082e-18
3.608904530543278e-18
3.8093481580056206e-18
3.959680878602415e-18
4.110013599199184e-18
4.310457226661552e-18
4.510900854123919e-18
4.661233574720713e-18
4.861677202183056e-18
4.961899015914252e-18
5.212453550242218e-18
5.463008084570183e-18
5.763673525763722e-18
5.9140062463604915e-18
6.0142280600916876e-18
6.164560780688457e-18
6.3148935012852265e-18
6.4652262218820206e-18
6.565448035613192e-18
6.665669849344388e-18
6.7658916630755595e-18
6.9162243836723536e-18
7.066557104269123e-18
7.166778918000294e-18
7.467444359193858e-18
7.567666172925054e-18
7.818220707252995e-18
7.968553427849789e-18
8.118886148446559e-18
8.269218869043328e-18
8.369440682774524e-18
8.519773403371293e-18
8.670106123968063e-18
8.770327937699259e-18
8.920660658296028e-18
9.121104285758396e-18
9.271437006355165e-18
9.371658820086361e-18
9.521991540683131e-18
9.622213354414302e-18
9.822656981876694e-18
1.0023100609339037e-17
1.0173433329935831e-17
1.0323766050532601e-17
1.047409877112937e-17
1.0574320584860566e-17
1.0724653305457336e-17
1.087498602605413e-17
1.1075429653516473e-17
1.1175651467247669e-17
1.1325984187844438e-17
1.1476316908441208e-17
1.16767605359036e-17
1.1776982349634771e-17
1.2027536883962737e-17
1.2227980511425104e-17
1.23282023251563e-17
1.2428424138887472e-17
1.2578756859484241e-17
1.2678978673215437e-17
1.2879422300677805e-17
1.3029755021274574e-17
1.3180087741871344e-17
1.3380531369333711e-17
1.3480753183064907e-17
1.3631085903661677e-17
1.3731307717392848e-17
1.3881640437989642e-17
1.4182305879183206e-17
1.4282527692914377e-17
1.4482971320376745e-17
1.4633304040973514e-17
1.473352585470471e-17
1.4833747668435882e-17
1.503419129589825e-17
1.5435078550822984e-17
1.5635522178285376e-17
1.583596580574772e-17
1.603640943321011e-17
1.6286963967538052e-17
1.6437296688134846e-17
1.663774031559719e-17
1.6737962129328385e-17
1.683818394305958e-17
1.698851666365635e-17
1.7088738477387522e-17
1.7188960291118718e-17
1.7439514825446684e-17
1.763995845290905e-17
1.784040208037142e-17
1.794062389410259e-17
1.8141067521564957e-17
1.8341511149027325e-17
1.8541954776489692e-17
1.864217659022089e-17
1.874239840395206e-17
1.8892731124548854e-17
1.909317475201122e-17
1.924350747260799e-17
1.939384019320476e-17
1.9494062006935956e-17
1.9644394727532726e-17
1.9844838354995093e-17
1.9995171075591863e-17
2.009539288932306e-17
2.0245725609919828e-17
2.0446169237382196e-17
2.0596501957978965e-17
2.069672377171016e-17
2.089716739917253e-17
2.1097611026634896e-17
2.1197832840366092e-17
2.1398276467828435e-17
2.16488310021564e-17
2.1749052815887597e-17
2.1949496443349964e-17
2.2099829163946734e-17
2.220005097767793e-17
2.23503836982747e-17
2.250071641887147e-17
2.2600938232602665e-17
2.2701160046333836e-17
2.2851492766930606e-17
2.30018254875274e-17
2.310204730125857e-17
2.3202269114989767e-17
2.3352601835586537e-17
2.3553045463048904e-17
2.3753489090511272e-17
2.390382181110804e-17
2.4104265438570433e-17
2.4304709066032776e-17
2.4404930879763972e-17
2.4555263600360742e-17
2.4805818134688707e-17
2.5006261762151075e-17
2.5156594482747844e-17
2.5306927203344638e-17
2.540714901707581e-17
2.5607592644538177e-17
2.5707814458269373e-17
2.5808036272000545e-17
2.595836899259734e-17
2.605859080632851e-17
2.6158812620059682e-17
2.6359256247522074e-17
2.6559699874984417e-17
2.6659921688715613e-17
2.686036531617798e-17
2.701069803677475e-17
2.7161030757371544e-17
2.736147438483391e-17
2.751180710543068e-17
2.766213982602745e-17
2.7762361639758646e-17
2.786258345348982e-17
2.801291617408659e-17
2.821335980154898e-17
2.836369252214575e-17
2.8614247056473714e-17
2.881469068393608e-17
2.901513431139845e-17
2.911535612512962e-17
2.931579975259199e-17
2.946613247318876e-17
2.966657610065115e-17
2.976679791438232e-17
2.986701972811349e-17
3.0017352448710286e-17
3.026790698303823e-17
3.041823970363502e-17
3.061868333109739e-17
3.0718905144828585e-17
3.091934877229093e-17
3.1019570586022124e-17
3.1169903306618893e-17
3.127012512035009e-17
3.137034693408126e-17
3.157079056154363e-17
3.17211232821404e-17
3.187145600273719e-17
3.202178872333396e-17
3.2172121443930755e-17
3.2272343257661927e-17
3.2422675978258696e-17
3.252289779198989e-17
3.267323051258666e-17
3.2773452326317833e-17
3.2973895953780225e-17
3.3124228674376995e-17
3.3224450488108166e-17
3.332467230183936e-17
3.352511592930173e-17
3.36253377430329e-17
3.37255595567641e-17
3.3926003184226465e-17
3.4076335904823234e-17
3.4226668625420004e-17
3.43770013460168e-17
3.447722315974797e-17
3.477788860094153e-17
3.4878110414672704e-17
3.512866494900067e-17
3.5228886762731866e-17
3.5429330390194233e-17
3.5529552203925405e-17
3.56297740176566e-17
3.578010673825337e-17
3.5880328551984566e-17
3.6030661272581336e-17
3.6180993993178105e-17
3.62812158069093e-17
3.653177034123724e-17
3.663199215496844e-17
3.673221396869961e-17
3.6832435782430806e-17
3.693265759616198e-17
3.708299031675877e-17
3.728343394422114e-17
3.743376666481791e-17
3.758409938541468e-17
3.773443210601147e-17
3.798498664033941e-17
3.823554117466738e-17
3.833576298839855e-17
3.853620661586094e-17
3.868653933645771e-17
3.883687205705448e-17
3.898720477765125e-17
3.918764840511364e-17
3.933798112571041e-17
3.943820293944158e-17
3.958853566003838e-17
3.968875747376955e-17
3.9889201101231916e-17
4.0089644728694283e-17
4.023997744929105e-17
4.049053198361902e-17
4.0690975611081386e-17
4.0841308331678155e-17
4.104175195914055e-17
4.129230649346849e-17
4.144263921406528e-17
4.1542861027796454e-17
4.1693193748393223e-17
4.184352646899002e-17
4.2043970096452385e-17
4.2194302817049154e-17
4.2294524630780326e-17
4.249496825824272e-17
4.264530097883949e-17
4.274552279257066e-17
4.2845744606301855e-17
4.2945966420033026e-17
4.3146410047495394e-17
4.329674276809219e-17
4.354729730242013e-17
4.369763002301692e-17
4.389807365047929e-17
4.399829546421046e-17
4.409851727794166e-17
4.424884999853843e-17
4.4349071812269623e-17
4.4549515439731966e-17
4.474995906719436e-17
4.485018088092553e-17
4.5100735415253495e-17
4.530117904271586e-17
4.545151176331263e-17
4.56018444839094e-17
4.57020662976406e-17
4.585239901823737e-17
4.5952620831968563e-17
4.6052842645699735e-17
4.620317536629653e-17
4.63535080868933e-17
4.650384080749007e-17
4.6754395341818033e-17
4.69047280624148e-17
4.7004949876146e-17
4.7205393503608366e-17
4.7355726224205136e-17
4.745594803793631e-17
4.76563916653987e-17
4.775661347912987e-17
4.795705710659224e-17
4.8057278920323434e-17
4.825772254778578e-17
4.835794436151697e-17
4.845816617524817e-17
4.855838798897934e-17
4.8658609802710537e-17
4.875883161644171e-17
4.890916433703848e-17
4.9009386150769674e-17
4.920982977823204e-17
4.931005159196321e-17
4.9510495219425605e-17
4.9761049753753545e-17
4.986127156748474e-17
5.001160428808151e-17
5.021204791554388e-17
5.036238063614065e-17
5.056282426360304e-17
5.071315698419981e-17
5.081337879793098e-17
5.091360061166218e-17
5.1114044239124544e-17
5.1214266052855716e-17
5.131448786658691e-17
