3.56010301193933e-19
5.44881220303394e-19
6.393166798581183e-19
8.281875989675917e-19
9.698407882996782e-19
1.0642762478544272e-18
1.3475826265186126e-18
1.5364535456280736e-18
1.630889005182798e-18
1.725324464737547e-18
1.961413113624358e-18
2.103066302956469e-18
2.1975017625111933e-18
2.433590411398029e-18
2.5280258709527532e-18
2.6696790602848397e-18
2.811332249616951e-18
2.9057677091716752e-18
3.047420898503774e-18
3.236291817613235e-18
3.3307272771679595e-18
3.566815926054795e-18
3.661251385609519e-18
3.8029045749416305e-18
3.897340034496355e-18
4.086210953605816e-18
4.1806464131605525e-18
4.416735062047376e-18
4.605605981156837e-18
4.7472591704889356e-18
4.841694630043672e-18
5.12500100870787e-18
5.2666541980399565e-18
5.549960576704154e-18
5.6443960362588785e-18
5.738831495813603e-18
5.9749201447004384e-18
6.116573334032537e-18
6.305444253141998e-18
6.447097442474097e-18
6.541532902028834e-18
6.7304038211382825e-18
6.8248392806930315e-18
7.01371019980248e-18
7.155363389134591e-18
7.297016578466678e-18
7.485887497576139e-18
7.6747584166856e-18
7.816411606017699e-18
7.910847065572435e-18
8.146935714459259e-18
8.33580663356872e-18
8.571895282455555e-18
8.807983931342378e-18
8.99685485045184e-18
9.138508039783926e-18
9.3273789588934e-18
9.51624987800286e-18
9.657903067334959e-18
9.799556256667046e-18
9.941209445999157e-18
1.0035644905553881e-17
1.0130080365108605e-17
1.0318951284218079e-17
1.0413386743772803e-17
1.0602257662882277e-17
1.0791128581991725e-17
1.0885564041546474e-17
1.0979999501101199e-17
1.1121652690433285e-17
1.1216088149988022e-17
1.1310523609542758e-17
1.1499394528652207e-17
1.1593829988206956e-17
1.168826544776168e-17
1.1877136366871142e-17
1.201878955620324e-17
1.2160442745535327e-17
1.2302095934867438e-17
1.2443749124199525e-17
1.2538184583754261e-17
1.267983777308636e-17
1.2774273232641084e-17
1.2915926421973183e-17
1.3057579611305282e-17
1.3388103719746842e-17
1.3482539179301566e-17
1.3576974638856303e-17
1.3765845557965764e-17
1.3907498747297863e-17
1.4096369666407324e-17
1.4238022855739423e-17
1.4379676045071522e-17
1.4474111504626246e-17
1.456854696418097e-17
1.4757417883290444e-17
1.489907107262253e-17
1.499350653217728e-17
1.5135159721509366e-17
1.532403064061884e-17
1.5465683829950926e-17
1.56545547490604e-17
1.5748990208615123e-17
1.5937861127724584e-17
1.6126732046834045e-17
1.6268385236166144e-17
1.636282069572088e-17
1.6457256155275605e-17
1.669334480416244e-17
1.6834997993494527e-17
1.7023868912604e-17
1.7165522101936087e-17
1.725995756149081e-17
1.7401610750822923e-17
1.754326394015501e-17
1.7732134859264482e-17
1.787378804859657e-17
1.7968223508151306e-17
1.8062658967706042e-17
1.825152988681549e-17
1.8393183076147602e-17
1.853483626547969e-17
1.8629271725034413e-17
1.8818142644143886e-17
1.891257810369861e-17
1.9054231293030722e-17
1.9290319941917533e-17
1.9384755401472282e-17
1.9479190861027006e-17
1.957362632058173e-17
1.9668061780136467e-17
1.9809714969468566e-17
1.990415042902329e-17
1.9998585888578015e-17
2.0093021348132764e-17
2.0281892267242212e-17
2.037632772679695e-17
2.0470763186351686e-17
2.056519864590641e-17
2.0801287294793246e-17
2.0942940484125332e-17
2.1084593673457443e-17
2.1179029133012168e-17
2.1320682322344254e-17
2.1415117781899003e-17
2.155677097123109e-17
2.1651206430785814e-17
2.1840077349895287e-17
2.2028948269004736e-17
2.2265036917891572e-17
2.2359472377446296e-17
2.259556102633313e-17
2.2689996485887856e-17
2.2784431945442605e-17
2.292608513477469e-17
2.3020520594329416e-17
2.320939151343889e-17
2.3303826972993613e-17
2.339826243254835e-17
2.353991562188045e-17
2.3681568811212535e-17
2.3823222000544647e-17
2.4012092919654095e-17
2.4153746108986206e-17
2.4342617028095655e-17
2.4484270217427766e-17
2.457870567698249e-17
2.4673141136537215e-17
2.4767576596091952e-17
2.4862012055646688e-17
2.4956447515201413e-17
2.5050882974756137e-17
2.5145318434310886e-17
2.523975389386561e-17
2.5334189353420335e-17
2.542862481297507e-17
2.557027800230717e-17
2.5853584380971368e-17
2.5995237570303454e-17
2.608967302985818e-17
2.6184108489412928e-17
2.6372979408522377e-17
2.6467414868077113e-17
2.6609068057409212e-17
2.67507212467413e-17
2.6986809895628134e-17
2.7175680814737607e-17
2.7317334004069694e-17
2.745898719340178e-17
2.7647858112511254e-17
2.778951130184334e-17
2.807281768050754e-17
2.8167253140062275e-17
2.826168859961701e-17
2.84033417889491e-17
2.854499497828121e-17
2.8639430437835933e-17
2.878108362716802e-17
2.887551908672277e-17
2.9017172276054855e-17
2.915882546538694e-17
2.9300478654719053e-17
2.944213184405114e-17
2.9536567303605864e-17
2.9772655952492724e-17
2.996152687160217e-17
3.010318006093426e-17
3.0197615520488984e-17
3.0480921899153206e-17
3.071701054804002e-17
3.081144600759474e-17
3.0905881467149466e-17
3.1047534656481577e-17
3.1141970116036326e-17
3.123640557559105e-17
3.14252764947005e-17
3.1519711954255223e-17
3.161414741380995e-17
3.1755800603142083e-17
3.185023606269681e-17
3.1991889252028894e-17
3.218076017113834e-17
3.227519563069307e-17
3.241684882002518e-17
3.251128427957993e-17
3.2652937468912014e-17
3.2889026117798825e-17
3.298346157735355e-17
3.3125114766685685e-17
3.321955022624041e-17
3.3313985685795134e-17
3.340842114534986e-17
3.3597292064459307e-17
3.369172752401403e-17
3.383338071334617e-17
3.4022251632455616e-17
3.411668709201034e-17
3.4211122551565064e-17
3.435277574089715e-17
3.44472112004519e-17
3.458886438978401e-17
3.477773530889346e-17
3.501382395778027e-17
3.5155477147112406e-17
3.539156579599922e-17
3.562765444488603e-17
3.5769307634218115e-17
3.586374309377289e-17
3.605261401288234e-17
3.6241484931991786e-17
3.647757358087862e-17
3.661922677021073e-17
3.676087995954282e-17
3.6855315419097543e-17
3.699696860842963e-17
3.7091404067984354e-17
3.718583952753913e-17
3.7327492716871214e-17
3.751636363598066e-17
3.770523455509011e-17
3.784688774442222e-17
3.7988540933754334e-17
3.813019412308642e-17
3.8224629582641145e-17
3.8413500501750594e-17
3.850793596130534e-17
3.8649589150637454e-17
3.874402461019218e-17
3.8932895529301627e-17
3.9074548718633713e-17
3.9216201907965825e-17
3.9310637367520574e-17
3.945229055685266e-17
3.968837920573947e-17
3.9782814665294195e-17
3.992446785462633e-17
4.006612104395842e-17
4.0207774233290504e-17
4.030220969284523e-17
4.0443862882177315e-17
4.0538298341732064e-17
4.07743869906189e-17
4.0868822450173624e-17
4.096325790972835e-17
4.105769336928307e-17
4.119934655861516e-17
4.129378201816993e-17
4.138821747772466e-17
4.1577088396834106e-17
4.171874158616619e-17
4.1907612505275666e-17
4.2049265694607777e-17
4.21437011541625e-17
4.2238136613717225e-17
4.233257207327195e-17
4.2568660722158785e-17
4.275753164126826e-17
4.294640256037771e-17
4.3088055749709794e-17
4.318249120926452e-17
4.341857985815138e-17
4.35130153177061e-17
4.365466850703819e-17
4.384353942614764e-17
4.393797488570239e-17
4.40796280750345e-17
4.4221281264366585e-17
4.436293445369867e-17
4.4457369913253396e-17
4.455180537280812e-17
4.4693458562140256e-17
4.478789402169498e-17
4.4929547211027067e-17
4.5071200400359153e-17
4.52600713194686e-17
4.5354506779023375e-17
4.549615996835546e-17
4.5590595427910186e-17
4.568503088746491e-17
4.5826684076797e-17
4.592111953635172e-17
4.606277272568386e-17
4.6251643644793306e-17
4.634607910434803e-17
4.6440514563902755e-17
4.658216775323484e-17
4.672382094256698e-17
4.695990959145379e-17
4.705434505100851e-17
4.7148780510563237e-17
4.733765142967271e-17
4.747930461900482e-17
4.7573740078559546e-17
4.766817553811427e-17
4.7809828727446356e-17
4.8045917376333217e-17
4.8187570565665303e-17
4.837644148477475e-17
4.85653124038842e-17
4.8659747863438925e-17
4.880140105277106e-17
4.899027197188051e-17
4.9131925161212596e-17
4.936801381009943e-17
4.965132018876363e-17
4.9745755648318353e-17
4.99346265674278e-17
5.007627975675994e-17
5.0265150675869387e-17
5.0406803865201473e-17
5.0690110243865646e-17
5.078454570342042e-17
5.102063435230723e-17
5.116228754163932e-17
5.1303940730971404e-17
