5.463871635460056e-19
6.930124409539509e-19
8.396377183618962e-19
9.862629957698415e-19
1.1328882731777868e-18
1.279513550585732e-18
1.4750139204629925e-18
1.5727641054016227e-18
1.719389382809568e-18
1.817139567748198e-18
1.9637648451561435e-18
2.208140307502719e-18
2.4525157698492945e-18
2.648016139726555e-18
2.745766324665185e-18
2.8435165096038153e-18
2.9412666945424455e-18
3.0878919719503908e-18
3.185642156889021e-18
3.3322674342969663e-18
3.4300176192355965e-18
3.527767804174227e-18
3.625517989112857e-18
3.772143266520802e-18
4.065393821336693e-18
4.212019098744638e-18
4.358644376152583e-18
4.4563945610912135e-18
4.603019838499159e-18
4.749645115907104e-18
4.8962703933150494e-18
4.99402057825368e-18
5.140645855661625e-18
5.28727113306957e-18
5.4338964104775155e-18
5.531646595416146e-18
5.824897150232036e-18
5.9226473351706665e-18
6.118147705047927e-18
6.215897889986557e-18
6.4602733523331326e-18
6.606898629741078e-18
6.704648814679708e-18
6.802398999618338e-18
6.9001491845569685e-18
7.046774461964914e-18
7.144524646903544e-18
7.242274831842174e-18
7.340025016780804e-18
7.535525386658065e-18
7.633275571596695e-18
7.77990084900464e-18
7.926526126412586e-18
8.122026496289846e-18
8.219776681228476e-18
8.317526866167106e-18
8.464152143575052e-18
8.659652513452312e-18
8.806277790860257e-18
8.904027975798888e-18
9.001778160737518e-18
9.099528345676148e-18
9.246153623084093e-18
9.392778900492039e-18
9.539404177899984e-18
9.637154362838614e-18
9.78377964024656e-18
9.88152982518519e-18
1.007703019506245e-17
1.0223655472470395e-17
1.0419155842347656e-17
1.0516906027286286e-17
1.0663531304694231e-17
1.0761281489632861e-17
1.0859031674571492e-17
1.1152282229387382e-17
1.1298907506795327e-17
1.1445532784203273e-17
1.1641033154080533e-17
1.1738783339019163e-17
1.1836533523957793e-17
1.2080908986304369e-17
1.2178659171242999e-17
1.2423034633589575e-17
1.2520784818528205e-17
1.2618535003466835e-17
1.276516028087478e-17
1.286291046581341e-17
1.296066065075204e-17
1.3107285928159986e-17
1.3205036113098616e-17
1.3449411575445192e-17
1.3693787037791767e-17
1.3840412315199713e-17
1.3938162500138343e-17
1.4084787777546288e-17
1.4182537962484918e-17
1.4329163239892864e-17
1.4524663609770124e-17
1.467128888717807e-17
1.486678925705533e-17
1.506228962693259e-17
1.516003981187122e-17
1.5306665089279166e-17
1.545329036668711e-17
1.5599915644095056e-17
1.5795416013972317e-17
1.5990916383849577e-17
1.6186416753726837e-17
1.6284166938665468e-17
1.6381917123604098e-17
1.6528542401012043e-17
1.6626292585950673e-17
1.677291786335862e-17
1.687066804829725e-17
1.7017293325705194e-17
1.7115043510643824e-17
1.7212793695582454e-17
1.7310543880521085e-17
1.7506044250398345e-17
1.765266952780629e-17
1.775041971274492e-17
1.7994795175091496e-17
1.814142045249944e-17
1.823917063743807e-17
1.8434671007315332e-17
1.8679046469661907e-17
1.8825671747069853e-17
1.8972297024477798e-17
1.9118922301885743e-17
1.9314422671763004e-17
1.946104794917095e-17
1.955879813410958e-17
1.9705423411517524e-17
1.9998673966333415e-17
2.0096424151272045e-17
2.0194174336210675e-17
2.0291924521149306e-17
2.0389674706087936e-17
2.0487424891026566e-17
2.0682925260903826e-17
2.0829550538311772e-17
2.0976175815719717e-17
2.1122801093127662e-17
2.1416051647943553e-17
2.1562676925351498e-17
2.1660427110290128e-17
2.1807052387698074e-17
2.1904802572636704e-17
2.2100302942513964e-17
2.224692821992191e-17
2.234467840486054e-17
2.2491303682268485e-17
2.2686804052145745e-17
2.2882304422023006e-17
2.3077804791900266e-17
2.3175554976838896e-17
2.3273305161777527e-17
2.3371055346716157e-17
2.3566555716593417e-17
2.3713180994001363e-17
2.3810931178939993e-17
2.4006431548817253e-17
2.4153056826225198e-17
2.444630738104109e-17
2.4788433028326295e-17
2.4886183213264925e-17
2.4983933398203555e-17
2.51305586756115e-17
2.522830886055013e-17
2.5374934137958076e-17
2.552155941536602e-17
2.5814809970181912e-17
2.5912560155120542e-17
2.6010310340059172e-17
2.6108060524997802e-17
2.6254685802405748e-17
2.6352435987344378e-17
2.6450186172283008e-17
2.6547936357221638e-17
2.6792311819568214e-17
2.6890062004506844e-17
2.703668728191479e-17
2.723218765179205e-17
2.7378812929199995e-17
2.752543820660794e-17
2.762318839154657e-17
2.7769813668954516e-17
2.801418913130109e-17
2.8258564593647667e-17
2.845406496352493e-17
2.860069024093287e-17
2.86984404258715e-17
2.884506570327945e-17
2.8991690980687393e-17
2.9187191350564654e-17
2.93338166279726e-17
2.9480441905380544e-17
2.962706718278849e-17
2.9773692460196435e-17
2.992031773760438e-17
3.001806792254301e-17
3.011581810748164e-17
3.021356829242027e-17
3.040906866229753e-17
3.050681884723616e-17
3.080006940205205e-17
3.089781958699068e-17
3.099556977192931e-17
3.119107014180657e-17
3.12888203267452e-17
3.1386570511683833e-17
3.153319578909178e-17
3.163094597403041e-17
3.1777571251438354e-17
3.1973071621315614e-17
3.211969689872356e-17
3.221744708366219e-17
3.241294745353945e-17
3.2657322915886026e-17
3.299944856317123e-17
3.309719874810986e-17
3.3243824025517807e-17
3.339044930292575e-17
3.363482476527233e-17
3.373257495021096e-17
3.3879200227618903e-17
3.4172450782434794e-17
3.4270200967373424e-17
3.441682624478137e-17
3.451457642972e-17
3.461232661465863e-17
3.480782698453589e-17
3.5052202446882466e-17
3.519882772429041e-17
3.539432809416767e-17
3.5540953371575617e-17
3.568757864898356e-17
3.588307901886082e-17
3.607857938873808e-17
3.617632957367671e-17
3.627407975861534e-17
3.6371829943553973e-17
3.651845522096192e-17
3.661620540590055e-17
3.681170577577781e-17
3.690945596071644e-17
3.7056081238124385e-17
3.730045670047096e-17
3.739820688540959e-17
3.7544832162817536e-17
3.769145744022548e-17
3.7838082717633426e-17
3.7935832902572056e-17
3.8033583087510687e-17
3.827795854985726e-17
3.852233401220384e-17
3.862008419714247e-17
3.876670947455041e-17
3.9059960029366304e-17
3.9157710214304934e-17
3.9255460399243564e-17
3.9353210584182194e-17
3.949983586159014e-17
3.9646461138998085e-17
3.9744211323936715e-17
3.9841961508875345e-17
3.9939711693813975e-17
4.0037461878752606e-17
4.018408715616055e-17
4.0330712433568496e-17
4.047733771097644e-17
4.0623962988384387e-17
4.077058826579233e-17
4.096608863566959e-17
4.106383882060822e-17
4.121046409801617e-17
4.1357089375424113e-17
4.150371465283206e-17
4.1748090115178634e-17
4.1845840300117264e-17
4.199246557752521e-17
4.2139090854933155e-17
4.2236841039871785e-17
4.2334591224810415e-17
4.248121650221836e-17
4.267671687209562e-17
4.277446705703425e-17
4.3018842519380827e-17
4.3116592704319457e-17
4.32632179817274e-17
4.336096816666603e-17
4.350759344407398e-17
4.360534362901261e-17
4.3751968906420553e-17
4.3947469276297814e-17
4.4142969646175074e-17
4.428959492358302e-17
4.4436220200990965e-17
4.458284547839891e-17
4.4827220940745485e-17
4.497384621815343e-17
4.507159640309206e-17
4.5218221680500006e-17
4.5315971865438636e-17
4.5413722050377267e-17
4.5511472235315897e-17
4.570697260519316e-17
4.590247297507042e-17
4.600022316000905e-17
4.609797334494768e-17
4.629347371482494e-17
4.64889740847022e-17
4.668447445457946e-17
4.678222463951809e-17
4.7026600101864665e-17
4.717322537927261e-17
4.7319850656680555e-17
4.7417600841619186e-17
4.7515351026557816e-17
4.7613101211496446e-17
4.7710851396435076e-17
4.795522685878165e-17
4.805297704372028e-17
4.829735250606686e-17
4.84439777834748e-17
4.8737228338290693e-17
4.888385361569864e-17
4.898160380063727e-17
4.90793539855759e-17
4.927485435545316e-17
4.9421479632861105e-17
4.9616980002738365e-17
4.9714730187676995e-17
4.9812480372615625e-17
4.995910565002357e-17
5.0203481112370146e-17
5.035010638977809e-17
5.0496731667186037e-17
5.059448185212467e-17
5.083885731447124e-17
5.093660749940987e-17
5.10343576843485e-17
5.1132107869287133e-17
