5.65307499306625e-19
7.668800284765281e-19
9.684525576464312e-19
1.1196319545238586e-18
1.3715976159862375e-18
1.573170145156153e-18
1.6739564097411169e-18
1.7747426743260685e-18
1.925922071203496e-18
2.0267083357884474e-18
2.127494600373399e-18
2.2786739972508263e-18
2.4802465264207295e-18
2.631425923298157e-18
2.782605320175584e-18
2.8833915847605358e-18
3.1353572462229147e-18
3.3369297753928425e-18
3.437716039977794e-18
3.538502304562746e-18
3.689681701440173e-18
3.8408610983176e-18
4.0424336274875035e-18
4.193613024364931e-18
4.344792421242358e-18
4.44557868582731e-18
4.647151214997213e-18
4.79833061187464e-18
4.8991168764596165e-18
5.1510825379219954e-18
5.302261934799423e-18
5.45344133167685e-18
5.6046207285542775e-18
5.806193257724181e-18
6.108552051479035e-18
6.209338316063987e-18
6.3101245806489385e-18
6.461303977526366e-18
6.612483374403818e-18
6.7132696389887695e-18
6.864449035866197e-18
7.116414697328576e-18
7.267594094206003e-18
7.368380358790955e-18
7.620346020253334e-18
7.821918549423237e-18
8.02349107859314e-18
8.32584987234802e-18
8.426636136932971e-18
8.527422401517922e-18
8.728994930687826e-18
8.829781195272777e-18
9.03135372444268e-18
9.132139989027632e-18
9.283319385905059e-18
9.585678179659914e-18
9.686464444244865e-18
9.837643841122317e-18
1.0089609502584696e-17
1.0240788899462124e-17
1.0341575164047075e-17
1.0442361428632027e-17
1.064393395780193e-17
1.0845506486971833e-17
1.1047079016141736e-17
1.1147865280726688e-17
1.1349437809896591e-17
1.1500617206774043e-17
1.165179660365147e-17
1.1752582868236422e-17
1.190376226511385e-17
1.2054941661991277e-17
1.2306907323453656e-17
1.260926611720851e-17
1.2710052381793462e-17
1.286123177867089e-17
1.2962018043255841e-17
1.3113197440133293e-17
1.3314769969303196e-17
1.3667521895350527e-17
1.386909442452043e-17
1.4020273821397857e-17
1.412106008598281e-17
1.422184635056776e-17
1.4373025747445188e-17
1.4524205144322615e-17
1.4675384541200055e-17
1.477617080578502e-17
1.487695707036997e-17
1.5179315864124825e-17
1.5330495261002252e-17
1.5532067790172155e-17
1.5632854054757107e-17
1.5784033451634534e-17
1.5884819716219486e-17
1.6035999113096913e-17
1.618717850997434e-17
1.6287964774559292e-17
1.648953730372922e-17
1.659032356831417e-17
1.6791896097484075e-17
1.709425489123893e-17
1.719504115582388e-17
1.744700681728626e-17
1.754779308187121e-17
1.7648579346456163e-17
1.7749365611041114e-17
1.7850151875626066e-17
1.8051724404795994e-17
1.8152510669380945e-17
1.8253296933965897e-17
1.835408319855085e-17
1.84548694631358e-17
1.8555655727720752e-17
1.8656441992305703e-17
1.880762138918313e-17
1.8958800786060558e-17
1.905958705064551e-17
1.916037331523046e-17
1.931155271210789e-17
1.9462732108985316e-17
1.9613911505862756e-17
1.971469777044772e-17
1.981548403503267e-17
2.0017056564202574e-17
2.0117842828787526e-17
2.0218629093372477e-17
2.0369808490249905e-17
2.0520987887127332e-17
2.0621774151712284e-17
2.077295354858971e-17
2.0873739813174663e-17
2.102491921005209e-17
2.1176098606929517e-17
2.1276884871514493e-17
2.1478457400684397e-17
2.1629636797561824e-17
2.1730423062146776e-17
2.1881602459024203e-17
2.203278185590163e-17
2.228474751736401e-17
2.2536713178826388e-17
2.263749944341134e-17
2.273828570799629e-17
2.2990251369458695e-17
2.3091037634043646e-17
2.3191823898628598e-17
2.33933964277985e-17
2.354457582467593e-17
2.364536208926088e-17
2.3746148353845832e-17
2.389732775072326e-17
2.399811401530821e-17
2.4098900279893162e-17
2.4199686544478114e-17
2.4401259073648017e-17
2.450204533823298e-17
2.4602831602817945e-17
2.4754010999695372e-17
2.49051903965728e-17
2.5056369793450227e-17
2.5207549190327654e-17
2.550990798408251e-17
2.5711480513252412e-17
2.5812266777837364e-17
2.5913053042422315e-17
2.6013839307007267e-17
2.6114625571592218e-17
2.6215411836177194e-17
2.6467377497639573e-17
2.6568163762224525e-17
2.6668950026809477e-17
2.6820129423686904e-17
2.7021701952856807e-17
2.722327448202671e-17
2.7424847011196613e-17
2.7525633275781565e-17
2.7626419540366516e-17
2.7827992069536444e-17
2.797917146641387e-17
2.8180743995583775e-17
2.848310278933863e-17
2.858388905392358e-17
2.873506845080101e-17
2.893664097997091e-17
2.908782037684834e-17
2.918860664143329e-17
2.9390179170603194e-17
2.9490965435188145e-17
2.9742931096650524e-17
2.994450362582043e-17
3.004528989040538e-17
3.0196469287282806e-17
3.029725555186781e-17
3.0448434948745234e-17
3.059961434562266e-17
3.0700400610207613e-17
3.0901973139377516e-17
3.100275940396247e-17
3.120433193313237e-17
3.130511819771732e-17
3.145629759459475e-17
3.15570838591797e-17
3.170826325605713e-17
3.1859442652934556e-17
3.2111408314396935e-17
3.221219457898189e-17
3.2363373975859314e-17
3.2464160240444266e-17
3.256494650502922e-17
3.2716125901906645e-17
3.286730529878407e-17
3.30184846956615e-17
3.3169664092538927e-17
3.3320843489416354e-17
3.3421629754001306e-17
3.357280915087878e-17
3.3774381680048686e-17
3.387516794463364e-17
3.407674047380354e-17
3.417752673838849e-17
3.432870613526592e-17
3.442949239985087e-17
3.453027866443582e-17
3.4631064929020774e-17
3.4731851193605726e-17
3.483263745819068e-17
3.493342372277563e-17
3.5084603119653056e-17
3.528617564882296e-17
3.5437355045700387e-17
3.553814131028534e-17
3.563892757487029e-17
3.579010697174772e-17
3.5941286368625144e-17
3.614285889779505e-17
3.624364516238e-17
3.634443142696495e-17
3.6546003956134854e-17
3.6646790220719805e-17
3.679796961759726e-17
3.6898755882182234e-17
3.6999542146767185e-17
3.715072154364461e-17
3.7251507808229564e-17
3.7352294072814516e-17
3.755386660198442e-17
3.765465286656937e-17
3.775543913115432e-17
3.80074047926167e-17
3.815858418949413e-17
3.825937045407908e-17
3.841054985095651e-17
3.8561729247833935e-17
3.871290864471136e-17
3.906566057075869e-17
3.921683996763612e-17
3.931762623222107e-17
3.94688056290985e-17
3.956959189368345e-17
3.96703781582684e-17
3.9771164422853353e-17
3.9871950687438305e-17
3.9972736952023257e-17
4.0123916348900733e-17
4.027509574577816e-17
4.037588201036311e-17
4.0476668274948064e-17
4.0678240804117967e-17
4.077902706870292e-17
4.0930206465580346e-17
4.10309927301653e-17
4.1282958391627676e-17
4.138374465621263e-17
4.148453092079758e-17
4.1635710317675007e-17
4.173649658225996e-17
4.1887675979137386e-17
4.2038855376014813e-17
4.2139641640599765e-17
4.229082103747719e-17
4.2391607302062144e-17
4.254278669893957e-17
4.264357296352452e-17
4.2744359228109474e-17
4.294593175727938e-17
4.304671802186433e-17
4.3197897418741756e-17
4.329868368332671e-17
4.339946994791171e-17
4.350025621249666e-17
4.365143560937409e-17
4.3802615006251515e-17
4.3903401270836466e-17
4.410497380000637e-17
4.420576006459132e-17
4.430654632917627e-17
4.4508118858346176e-17
4.470969138751608e-17
4.481047765210103e-17
4.496165704897846e-17
4.521362271044084e-17
4.541519523961074e-17
4.551598150419569e-17
4.566716090107312e-17
4.5818340297950546e-17
4.601991282712045e-17
4.61206990917054e-17
4.627187848858283e-17
4.6423057885460256e-17
4.6624630414630184e-17
4.672541667921516e-17
4.687659607609259e-17
4.7027775472970015e-17
4.717895486984744e-17
4.743092053130982e-17
4.7632493060479724e-17
4.778367245735715e-17
4.7985244986527054e-17
4.818681751569696e-17
4.848917630945181e-17
4.8589962574036764e-17
4.8690748838621715e-17
4.889232136779162e-17
4.909389389696152e-17
4.9194680161546473e-17
4.93458595584239e-17
4.949703895530133e-17
4.959782521988628e-17
4.979939774905618e-17
5.005136341051861e-17
5.020254280739604e-17
5.0353722204273466e-17
5.050490160115089e-17
5.065608099802832e-17
5.080726039490575e-17
5.0958439791783175e-17
5.11096191886606e-17
5.136158485012298e-17
