4.1624996428642987e-19
5.597077466810887e-19
6.553462682775444e-19
7.988040506722032e-19
8.944425722686589e-19
9.900810938650899e-19
1.1335388762597734e-18
1.32481591945266e-18
1.4682737018473189e-18
1.61173148424199e-18
1.7073700058384334e-18
1.89864704903132e-18
1.9942855706277757e-18
2.1855626138206624e-18
2.376839657013549e-18
2.4724781786100047e-18
2.5681167002064357e-18
2.711574482601107e-18
2.8072130041975502e-18
2.902851525794006e-18
3.0463093081886647e-18
3.2375863513815514e-18
3.333224872978007e-18
3.428863394574438e-18
3.620140437767337e-18
3.7157789593637804e-18
3.907056002556667e-18
4.098333045749554e-18
4.1939715673460094e-18
4.337429349740668e-18
4.433067871337124e-18
4.6243449145300106e-18
4.7678026969246694e-18
4.863441218521125e-18
4.9590797401175684e-18
5.1025375225122396e-18
5.2459953049068984e-18
5.437272348099785e-18
5.5807301304944686e-18
5.6763686520909e-18
5.772007173687355e-18
5.915464956082014e-18
6.154561260073129e-18
6.250199781669584e-18
6.393657564064243e-18
6.4892960856606865e-18
6.632753868055358e-18
6.7762116504500165e-18
6.871850172046472e-18
7.063127215239359e-18
7.206584997634018e-18
7.302223519230473e-18
7.445681301625132e-18
7.732596866414474e-18
7.828235388010918e-18
8.067331692002032e-18
8.210789474396703e-18
8.40206651758959e-18
8.688982082378932e-18
8.784620603975363e-18
8.880259125571819e-18
9.119355429562934e-18
9.214993951159365e-18
9.406270994352264e-18
9.549728776746935e-18
9.693186559141594e-18
9.836644341536265e-18
9.980102123930936e-18
1.007574064552738e-17
1.021919842792205e-17
1.0314836949518482e-17
1.0458294731913165e-17
1.0601752514307824e-17
1.069739103590428e-17
1.0936487339895382e-17
1.1032125861491825e-17
1.1223402904684712e-17
1.1366860687079395e-17
1.1462499208675826e-17
1.1605956991070497e-17
1.1749414773465169e-17
1.1988511077456283e-17
1.217978812064917e-17
1.2418884424640284e-17
1.2514522946236728e-17
1.2705799989429627e-17
1.2849257771824285e-17
1.3040534815017172e-17
1.3136173336613628e-17
1.3327450379806514e-17
1.3423088901402958e-17
1.3566546683797629e-17
1.3710004466192288e-17
1.3853462248586959e-17
1.3949100770183402e-17
1.409255855257806e-17
1.4331654856569176e-17
1.447511263896386e-17
1.4666389682156733e-17
1.476202820375319e-17
1.4953305246946076e-17
1.5048943768542507e-17
1.5144582290138962e-17
1.528804007253362e-17
1.5527136376524736e-17
1.5718413419717647e-17
1.5861871202112306e-17
1.6148786766901648e-17
1.6292244549296307e-17
1.6483521592489194e-17
1.657916011408565e-17
1.6770437157278536e-17
1.6913894939673195e-17
1.7057352722067878e-17
1.7200810504462537e-17
1.7344268286857196e-17
1.7535545330050107e-17
1.7631183851646538e-17
1.7774641634041197e-17
1.791809941643588e-17
1.8109376459628767e-17
1.82050149812252e-17
1.839629202441811e-17
1.849193054601454e-17
1.8635388328409224e-17
1.8778846110803883e-17
1.897012315399677e-17
1.9209219457987884e-17
1.9352677240382543e-17
1.9496135022777227e-17
1.9591773544373658e-17
1.9687412065970113e-17
1.9926508369961228e-17
2.0117785413154114e-17
2.0309062456347e-17
2.0404700977943432e-17
2.0500339499539888e-17
2.0691616542732775e-17
2.078725506432923e-17
2.093071284672389e-17
2.1074170629118572e-17
2.126544767231146e-17
2.136108619390789e-17
2.1600182497899005e-17
2.169582101949546e-17
2.1982736584284778e-17
2.212619436667946e-17
2.2221832888275893e-17
2.2317471409872348e-17
2.2460929192267007e-17
2.2604386974661666e-17
2.274784475705635e-17
2.2986941061047464e-17
2.3130398843442123e-17
2.3273856625836806e-17
2.3465133669029693e-17
2.3560772190626124e-17
2.365641071222258e-17
2.3847687755415466e-17
2.3991145537810125e-17
2.408678405940658e-17
2.423024184180124e-17
2.4373699624195923e-17
2.4517157406590582e-17
2.4756253710581696e-17
2.4851892232178152e-17
2.4947530753774583e-17
2.5186627057765698e-17
2.528226557936213e-17
2.5377904100958584e-17
2.556918114415147e-17
2.5664819665747927e-17
2.5760458187344358e-17
2.595173523053727e-17
2.60473737521337e-17
2.6190831534528383e-17
2.6334289316923042e-17
2.652556636011593e-17
2.6669024142510588e-17
2.6764662664107043e-17
2.6908120446501702e-17
2.7147216750492817e-17
2.72906745328875e-17
2.738631305448393e-17
2.7721047880071477e-17
2.781668640166793e-17
2.791232492326439e-17
2.805578270565905e-17
2.8199240488053706e-17
2.829487900965016e-17
2.839051753124662e-17
2.848615605284305e-17
2.8581794574439504e-17
2.8677433096035935e-17
2.882089087843062e-17
2.891652940002705e-17
2.905998718242171e-17
2.920344496481639e-17
2.934690274721105e-17
2.9490360529605734e-17
2.972945683359685e-17
2.987291461599151e-17
2.996855313758796e-17
3.020764944157908e-17
3.0351107223973736e-17
3.054238426716662e-17
3.0638022788763054e-17
3.078148057115774e-17
3.087711909275417e-17
3.0972757614350624e-17
3.106839613594708e-17
3.1259673179139966e-17
3.1403130961534625e-17
3.159440800472751e-17
3.17856850479204e-17
3.192914283031508e-17
3.2024781351911513e-17
3.212041987350797e-17
3.22160583951044e-17
3.2311696916700856e-17
3.2455154699095514e-17
3.255079322069197e-17
3.269425100308663e-17
3.2789889524683085e-17
3.2885528046279516e-17
3.30768050894724e-17
3.317244361106886e-17
3.341153991505997e-17
3.355499769745463e-17
3.3650636219051087e-17
3.3841913262243974e-17
3.403319030543686e-17
3.4128828827033316e-17
3.4272286609427975e-17
3.451138291341909e-17
3.484611773900666e-17
3.5037394782199546e-17
3.522867182539243e-17
3.5324310346988864e-17
3.556340665097998e-17
3.5754683694172865e-17
3.585032221576932e-17
3.599377999816398e-17
3.6089418519760435e-17
3.618505704135689e-17
3.628069556295332e-17
3.637633408454978e-17
3.675888817093555e-17
3.685452669253198e-17
3.695016521412844e-17
3.704580373572489e-17
3.7141442257321324e-17
3.723708077891778e-17
3.733271930051421e-17
3.7476177082908894e-17
3.7619634865303553e-17
3.781091190849644e-17
3.7906550430092895e-17
3.8050008212487554e-17
3.814564673408401e-17
3.843256229887333e-17
3.8528200820469783e-17
3.867165860286444e-17
3.87672971244609e-17
3.8862935646057353e-17
3.8958574167653784e-17
3.905421268925024e-17
3.9245489732443127e-17
3.9436766775636013e-17
3.96280438188289e-17
3.977150160122356e-17
3.991495938361824e-17
4.0010597905214673e-17
4.010623642681113e-17
4.024969420920579e-17
4.0393151991600447e-17
4.04887905131969e-17
4.068006755638979e-17
4.082352533878447e-17
4.0919163860380904e-17
4.106262164277559e-17
4.13017179467667e-17
4.149299498995959e-17
4.1684272033152475e-17
4.197118759794179e-17
4.206682611953825e-17
4.221028390193291e-17
4.240156094512582e-17
4.249719946672225e-17
4.2736295770713364e-17
4.283193429230982e-17
4.297539207470448e-17
4.307103059630091e-17
4.321448837869559e-17
4.340576542188848e-17
4.3501403943484935e-17
4.3597042465081366e-17
4.369268098667782e-17
4.378831950827425e-17
4.3979596551467164e-17
4.4218692855458254e-17
4.436215063785294e-17
4.445778915944937e-17
4.4553427681045824e-17
4.488816250663337e-17
4.4983801028229826e-17
4.527071659301917e-17
4.53663551146156e-17
4.5461993636212055e-17
4.565327067940494e-17
4.574890920100137e-17
4.5892366983396056e-17
4.5988005504992487e-17
4.62271018089836e-17
4.6370559591378285e-17
4.6514017373772944e-17
4.66096558953694e-17
4.670529441696583e-17
4.6800932938562286e-17
4.6944390720956945e-17
4.70400292425534e-17
4.7279125546544515e-17
4.7422583328939174e-17
4.751822185053563e-17
4.761386037213206e-17
4.7757318154526744e-17
4.799641445851786e-17
4.809205298011429e-17
4.818769150171072e-17
4.8283330023307176e-17
4.837896854490363e-17
4.847460706650006e-17
4.880934189208763e-17
4.900061893528052e-17
4.9239715239271634e-17
4.943099228246452e-17
4.957445006485918e-17
4.9765727108052066e-17
4.995700415124498e-17
5.0148281194437864e-17
5.0243919716034295e-17
5.033955823763075e-17
5.0435196759227207e-17
5.053083528082364e-17
5.062647380242007e-17
5.076993158481475e-17
5.091338936720941e-17
5.11046664104023e-17
5.129594345359521e-17
