4.769579485787678e-19
6.235138681679436e-19
7.212178145607192e-19
8.67773734149895e-19
1.0143296537390706e-18
1.1120336001318463e-18
1.3074414929174098e-18
1.4051454393101977e-18
1.5028493857029733e-18
1.6982572784885369e-18
1.8448131980777126e-18
1.991369117666876e-18
2.186777010452452e-18
2.3333329300416153e-18
2.479888849630791e-18
2.577592796023579e-18
2.7730006888091302e-18
2.919556608398306e-18
3.0661125279874817e-18
3.2126684475766574e-18
3.359224367165833e-18
3.4569283135586088e-18
3.6034842331477845e-18
3.75004015273696e-18
3.847744099129736e-18
3.9454480455225115e-18
4.189707911504475e-18
4.4339677774864265e-18
4.5316717238792144e-18
4.8247835630575536e-18
4.971339482646729e-18
5.117895402235893e-18
5.313303295021469e-18
5.50871118780702e-18
5.606415134199808e-18
5.7529710537889835e-18
5.899526973378147e-18
5.997230919770935e-18
6.094934866163723e-18
6.1926388125564984e-18
6.290342758949274e-18
6.534602624931238e-18
6.730010517716801e-18
6.925418410502365e-18
7.071974330091528e-18
7.169678276484316e-18
7.36508616926988e-18
7.462790115662655e-18
7.560494062055443e-18
7.853605901233782e-18
8.000161820822958e-18
8.146717740412134e-18
8.29327366000131e-18
8.439829579590485e-18
8.586385499179649e-18
8.732941418768824e-18
8.830645365161612e-18
9.123757204339952e-18
9.319165097125515e-18
9.416869043518303e-18
9.514572989911079e-18
9.612276936303867e-18
9.80768482908943e-18
1.0003092721874994e-17
1.014964864146417e-17
1.0296204561053333e-17
1.0442760480642509e-17
1.0540464427035297e-17
1.0638168373428072e-17
1.0784724293017248e-17
1.0882428239410023e-17
1.1028984158999199e-17
1.1224392051784763e-17
1.132209599817755e-17
1.1468651917766714e-17
1.1664059810552278e-17
1.1957171649730629e-17
1.2054875596123405e-17
1.220143151571258e-17
1.2299135462105356e-17
1.2494543354890932e-17
1.2689951247676483e-17
1.2787655194069271e-17
1.3031915060051222e-17
1.3178470979640398e-17
1.3276174926033186e-17
1.342273084562235e-17
1.3569286765211525e-17
1.3666990711604313e-17
1.3813546631193477e-17
1.4106658470371828e-17
1.4253214389960992e-17
1.4399770309550167e-17
1.4546326229139343e-17
1.464403017553212e-17
1.4888290041514082e-17
1.4985993987906858e-17
1.5083697934299646e-17
1.527910582708521e-17
1.5474513719870773e-17
1.557221766626355e-17
1.5718773585852724e-17
1.58653295054419e-17
1.6060737398227464e-17
1.615844134462024e-17
1.6304997264209415e-17
1.6402701210602203e-17
1.650040515699498e-17
1.6646961076584154e-17
1.674466502297693e-17
1.6891220942566106e-17
1.7135480808548057e-17
1.7233184754940845e-17
1.733088870133362e-17
1.7477444620922796e-17
1.7575148567315584e-17
1.7868260406493923e-17
1.8161372245672262e-17
1.8307928165261438e-17
1.8503336058047014e-17
1.860104000443979e-17
1.8796447897225366e-17
1.8991855790010917e-17
1.9284967629189268e-17
1.9382671575582044e-17
1.957807946836762e-17
1.977348736115317e-17
1.9968895253938722e-17
2.0115451173527923e-17
2.0262007093117074e-17
2.040856301270625e-17
2.0555118932295425e-17
2.0750526825080976e-17
2.0945934717866552e-17
2.1043638664259328e-17
2.1141342610652128e-17
2.1434454449830455e-17
2.158101036941963e-17
2.1727566289008806e-17
2.1874122208597982e-17
2.2020678128187133e-17
2.2118382074579933e-17
2.2362641940561885e-17
2.2460345886954685e-17
2.2606901806543836e-17
2.2753457726133012e-17
2.2948865618918588e-17
2.309542153850774e-17
2.319312548490054e-17
2.333968140448969e-17
2.3535089297275266e-17
2.3828201136453618e-17
2.3925905082846393e-17
2.4121312975631944e-17
2.4267868895221145e-17
2.4414424814810296e-17
2.4512128761203096e-17
2.4658684680792247e-17
2.4805240600381448e-17
2.49029445467742e-17
2.5098352439559774e-17
2.534261230554175e-17
2.54403162519345e-17
2.5586872171523702e-17
2.5684576117916453e-17
2.5782280064309253e-17
2.5977687957094804e-17
2.6124243876684005e-17
2.6319651769469556e-17
2.6466207689058707e-17
2.6563911635451507e-17
2.6661615581844283e-17
2.685702347462986e-17
2.700357939421901e-17
2.710128334061181e-17
2.7198987287004586e-17
2.729669123339736e-17
2.7492099126182912e-17
2.7589803072575713e-17
2.7736358992164888e-17
2.7931766884950464e-17
2.8078322804539615e-17
2.822487872412879e-17
2.8322582670521567e-17
2.851799056330714e-17
2.871339845609272e-17
2.881110240248547e-17
2.895765832207467e-17
2.925077016125302e-17
2.949503002723497e-17
2.9592733973627724e-17
2.97881418664133e-17
2.9885845812806075e-17
2.9983549759198875e-17
3.008125370559165e-17
3.0276661598377227e-17
3.042321751796638e-17
3.0569773437555554e-17
3.081403330353753e-17
3.091173724993028e-17
3.100944119632308e-17
3.1107145142715857e-17
3.135140500869781e-17
3.1497960928286984e-17
3.1693368821072535e-17
3.1839924740661735e-17
3.1986480660250886e-17
3.213303657984006e-17
3.227959249942924e-17
3.237729644582204e-17
3.257270433860759e-17
3.2670408285000365e-17
3.276811223139314e-17
3.301237209737509e-17
3.311007604376789e-17
3.3256631963357043e-17
3.3354335909749843e-17
3.3598595775731795e-17
3.369629972212457e-17
3.3794003668517346e-17
3.3940559588106546e-17
3.41359674808921e-17
3.433137537367765e-17
3.442907932007045e-17
3.45756352396596e-17
3.46733391860524e-17
3.481989510564155e-17
3.501530299842713e-17
3.5259562864409103e-17
3.5503822730391055e-17
3.5601526676783806e-17
3.5748082596373006e-17
3.589463851596216e-17
3.604119443555136e-17
3.623660232833691e-17
3.638315824792606e-17
3.648086219431886e-17
3.6578566140711636e-17
3.667627008710441e-17
3.687167797988999e-17
3.7067085872675563e-17
3.7213641792264714e-17
3.7409049685050265e-17
3.7506753631443066e-17
3.7604457577835866e-17
3.775101349742502e-17
3.784871744381782e-17
3.799527336340697e-17
3.828838520258532e-17
3.8434941122174496e-17
3.858149704176367e-17
3.867920098815645e-17
3.877690493454922e-17
3.887460888094202e-17
3.9118868746923974e-17
3.9314276639709525e-17
3.94608325592987e-17
3.9558536505691477e-17
3.970509242528065e-17
3.985164834486983e-17
3.994935229126263e-17
4.004705623765538e-17
4.019361215724458e-17
4.029131610363733e-17
4.043787202322653e-17
4.063327991601208e-17
4.073098386240488e-17
4.0975243728386834e-17
4.1121799647975985e-17
4.1219503594368785e-17
4.1317207540761536e-17
4.1414911487154337e-17
4.1512615433547137e-17
4.165917135313629e-17
4.1805727272725464e-17
4.200113516551104e-17
4.214769108510019e-17
4.224539503149299e-17
4.239195095108214e-17
4.2685062790260493e-17
4.2782766736653294e-17
4.2880470683046045e-17
4.3027026602635245e-17
4.3271286468617196e-17
4.336899041500997e-17
4.346669436140275e-17
4.36621022541883e-17
4.37598062005811e-17
4.38575101469739e-17
4.395521409336665e-17
4.410177001295585e-17
4.4248325932545e-17
4.444373382533055e-17
4.4541437771723353e-17
4.4736845664508904e-17
4.4883401584098105e-17
4.4981105530490856e-17
4.5078809476883656e-17
4.527421736966921e-17
4.537192131606201e-17
4.561618118204396e-17
4.581158907482951e-17
4.590929302122231e-17
4.605584894081146e-17
4.615355288720426e-17
4.630010880679341e-17
4.649551669957899e-17
4.6593220645971764e-17
4.678862853875734e-17
4.6984036431542916e-17
4.713059235113207e-17
4.722829629752487e-17
4.747255616350682e-17
4.761911208309597e-17
4.7814519975881546e-17
4.791222392227432e-17
4.800992786866712e-17
4.815648378825627e-17
4.8400743654238224e-17
4.8547299573827424e-17
4.8645003520220175e-17
4.8742707466612976e-17
4.8889263386202127e-17
4.903581930579133e-17
4.918237522538048e-17
4.932893114496968e-17
4.942663509136243e-17
4.957319101095163e-17
4.971974693054078e-17
4.986630285012998e-17
5.001285876971913e-17
5.011056271611193e-17
5.0257118635701084e-17
5.0354822582093884e-17
5.0794490340861387e-17
5.089219428725419e-17
5.098989823364694e-17
5.113645415323614e-17
5.128301007282529e-17
