5.01523551875789e-19
8.635968468699315e-19
2.1308533793494056e-18
3.0360366168347865e-18
4.484329796811307e-18
5.0274397393025455e-18
5.389513034296639e-18
6.29469627178202e-18
7.018842861770255e-18
7.74298945175854e-18
8.648172689243872e-18
9.010245984238014e-18
9.7343925742263e-18
1.0277502516717538e-17
1.0639575811711631e-17
1.1001649106705773e-17
1.1363722401699916e-17
1.1906832344191105e-17
1.2268905639185248e-17
1.2812015581676486e-17
1.3174088876670579e-17
1.3536162171664771e-17
1.407927211415596e-17
1.462238205664715e-17
1.552756529413248e-17
1.5889638589126623e-17
1.6432748531617812e-17
1.751896841660024e-17
1.8243115006588525e-17
1.8605188301582667e-17
1.896726159657681e-17
1.9329334891570952e-17
2.0234518129056284e-17
2.0777628071547473e-17
2.1501774661535758e-17
2.2587994546518185e-17
2.3131104489009374e-17
2.3674214431500563e-17
2.4217324373991753e-17
2.4941470963980038e-17
2.5665617553968323e-17
2.6027690848962465e-17
2.6389764143956608e-17
2.6932874086447797e-17
2.7475984028938986e-17
2.874324056141851e-17
2.9467387151406745e-17
3.019153374139503e-17
3.055360703638922e-17
3.0915680331383315e-17
3.127775362637746e-17
3.1820863568868696e-17
3.3269156748845216e-17
3.363123004383936e-17
3.4355376633827644e-17
3.471744992882174e-17
3.544159651881002e-17
3.5803669813804164e-17
3.63467797562954e-17
3.6708853051289496e-17
3.7251962993780734e-17
3.8157146231266066e-17
3.90623294687514e-17
3.9605439411242636e-17
4.0148549353733825e-17
4.087269594372211e-17
4.1234769238716203e-17
4.1596842533710395e-17
4.2139952476201584e-17
4.2683062418692773e-17
4.322617236118396e-17
4.4131355598669343e-17
4.4493428893663436e-17
4.485550218865763e-17
4.539861213114882e-17
4.576068542614296e-17
4.666586866362829e-17
4.720897860611948e-17
4.757105190111362e-17
4.7933125196107765e-17
4.8476235138598955e-17
4.8838308433593146e-17
4.920038172858724e-17
4.974349167107843e-17
5.028660161356967e-17
5.0829711556060856e-17
