4.904023116844787e-19
7.249263452342742e-19
8.656407653641516e-19
1.0063551854940289e-18
1.1470696056239062e-18
1.3346888324637427e-18
1.428498445883661e-18
1.5692128660135382e-18
1.6630224794334565e-18
1.7568320928533747e-18
1.850641706273293e-18
1.9913561264031702e-18
2.1789753532430067e-18
2.319689773372884e-18
2.5542138069226796e-18
2.694928227052557e-18
2.788737840472475e-18
2.9763570673123116e-18
3.117071487442189e-18
3.2577859075720663e-18
3.3985003277019436e-18
3.492309941121862e-18
3.58611955454178e-18
3.7737387813816165e-18
3.867548394801535e-18
4.10207242835133e-18
4.336596461901126e-18
4.5711204954509214e-18
4.758739722290758e-18
4.852549335710676e-18
4.9932637558405534e-18
5.087073369260472e-18
5.18088298268039e-18
5.321597402810267e-18
5.4623118229401445e-18
5.556121436360063e-18
5.649931049779981e-18
5.743740663199899e-18
5.8375502766198174e-18
6.025169503459654e-18
6.165883923589531e-18
6.353503150429368e-18
6.494217570559245e-18
6.634931990689122e-18
6.869456024238893e-18
7.01017044436877e-18
7.197789671208607e-18
7.385408898048443e-18
7.57302812488828e-18
7.666837738308198e-18
7.760647351728116e-18
7.854456965148035e-18
7.948266578567953e-18
8.08898099869783e-18
8.229695418827707e-18
8.370409838957585e-18
8.464219452377503e-18
8.558029065797421e-18
8.886362712767135e-18
9.073981939606971e-18
9.355410779866726e-18
9.543030006706563e-18
9.636839620126481e-18
9.730649233546399e-18
9.871363653676276e-18
1.0012078073806154e-17
1.0152792493936031e-17
1.0293506914065908e-17
1.0387316527485827e-17
1.0528030947615704e-17
1.071565017445554e-17
1.0856364594585418e-17
1.0997079014715295e-17
1.1137793434845172e-17
1.123160304826509e-17
1.1372317468394968e-17
1.1559936695234804e-17
1.1653746308654723e-17
1.1841365535494559e-17
1.1982079955624436e-17
1.2169699182464273e-17
1.231041360259415e-17
1.2544937636143946e-17
1.2685652056273823e-17
1.2967080896533578e-17
1.3060890509953496e-17
1.3248509736793332e-17
1.3576843383763046e-17
1.3670652997182964e-17
1.390517703073276e-17
1.4092796257572596e-17
1.4186605870992515e-17
1.4280415484412433e-17
1.446803471125227e-17
1.4561844324672188e-17
1.4655653938092106e-17
1.4749463551512024e-17
1.5077797198481738e-17
1.5265416425321574e-17
1.554684526558133e-17
1.5687559685711206e-17
1.5922083719261002e-17
1.606279813939088e-17
1.6203512559520756e-17
1.6391131786360593e-17
1.653184620649047e-17
1.6719465433330307e-17
1.6813275046750225e-17
1.6907084660170143e-17
1.700089427359006e-17
1.709470388700998e-17
1.7235418307139857e-17
1.7376132727269734e-17
1.7516847147399612e-17
1.7751371180949407e-17
1.7845180794369325e-17
1.8032800021209162e-17
1.8267324054758957e-17
1.8361133668178876e-17
1.8501848088308753e-17
1.859565770172867e-17
1.873637212185855e-17
1.8877086541988426e-17
1.911161057553822e-17
1.92523249956681e-17
1.9439944222507935e-17
1.972137306276769e-17
1.9908992289607526e-17
2.0002801903027445e-17
2.0096611516447363e-17
2.023732593657724e-17
2.0331135549997158e-17
2.0518754776836995e-17
2.0612564390256913e-17
2.070637400367683e-17
2.0893993230516668e-17
2.0987802843936586e-17
2.1128517264066463e-17
2.126923168419634e-17
2.136304129761626e-17
2.1503755717746136e-17
2.1738279751295932e-17
2.187899417142581e-17
2.1972803784845727e-17
2.2066613398265645e-17
2.2160423011685564e-17
2.2254232625105482e-17
2.2441851851945318e-17
2.2629471078785155e-17
2.2723280692205073e-17
2.281709030562499e-17
2.291089991904491e-17
2.3098519145884746e-17
2.3286138372724582e-17
2.33799479861445e-17
2.347375759956442e-17
2.3708281633114214e-17
2.3802091246534133e-17
2.389590085995405e-17
2.4036615280083928e-17
2.4271139313633724e-17
2.4364948927053642e-17
2.450566334718352e-17
2.4599472960603437e-17
2.4693282574023356e-17
2.502161622099307e-17
2.5256140254542865e-17
2.5349949867962783e-17
2.54437594813827e-17
2.5631378708222538e-17
2.5772093128352415e-17
2.5865902741772333e-17
2.6006617161902186e-17
2.6100426775322104e-17
2.63349508088719e-17
2.6522570035711736e-17
2.6710189262551573e-17
2.685090368268145e-17
2.7038522909521287e-17
2.7132332522941205e-17
2.7273046943071082e-17
2.741376136320096e-17
2.7554475783330837e-17
2.7648285396750755e-17
2.7742095010170673e-17
2.783590462359059e-17
2.797661904372047e-17
2.807042865714039e-17
2.8164238270560305e-17
2.83987623041101e-17
2.853947672423998e-17
2.8633286337659896e-17
2.8774000757789774e-17
2.896161998462961e-17
2.905542959804953e-17
2.9243048824889365e-17
2.938376324501924e-17
2.961828727856904e-17
2.9852811312118833e-17
2.994662092553875e-17
3.004043053895867e-17
3.013424015237859e-17
3.0228049765798506e-17
3.0368764185928384e-17
3.050947860605826e-17
3.060328821947818e-17
3.0837812253027975e-17
3.102543147986781e-17
3.111924109328773e-17
3.121305070670765e-17
3.1306860320127566e-17
3.14944795469674e-17
3.158828916038732e-17
3.177590838722716e-17
3.1916622807357034e-17
3.205733722748691e-17
3.215114684090683e-17
3.229186126103671e-17
3.2479480487876544e-17
3.262019490800642e-17
3.27609093281363e-17
3.2854718941556217e-17
3.2948528554976135e-17
3.304233816839605e-17
3.318305258852593e-17
3.327686220194585e-17
3.3370671815365767e-17
3.3464481428785685e-17
3.360519584891556e-17
3.3980434302595235e-17
3.421495833614503e-17
3.440257756298487e-17
3.4543291983114745e-17
3.468400640324462e-17
3.477781601666454e-17
3.491853043679442e-17
3.5059244856924295e-17
3.515305447034421e-17
3.534067369718405e-17
3.543448331060397e-17
3.576281695757368e-17
3.590353137770356e-17
3.599734099112348e-17
3.6091150604543395e-17
3.6184960217963313e-17
3.632567463809319e-17
3.6560198671642986e-17
3.6654008285062905e-17
3.684162751190274e-17
3.698234193203262e-17
3.7169961158872455e-17
3.740448519242225e-17
3.749829480584217e-17
3.7592104419262087e-17
3.7685914032682005e-17
3.7779723646101923e-17
3.801424767965172e-17
3.8201866906491555e-17
3.834258132662143e-17
3.843639094004135e-17
3.862401016688119e-17
3.890543900714094e-17
3.904615342727082e-17
3.9327582267530574e-17
3.951520149437041e-17
3.960901110779033e-17
3.9702820721210247e-17
3.9843535141340124e-17
4.003115436817996e-17
4.02187735950198e-17
4.0359488015149674e-17
4.050020243527955e-17
4.059401204869947e-17
4.068782166211939e-17
4.0875440888959225e-17
4.115686972921898e-17
4.1344488956058816e-17
4.148520337618869e-17
4.167282260302853e-17
4.176663221644845e-17
4.1860441829868366e-17
4.209496586341816e-17
4.218877547683808e-17
4.2282585090258e-17
4.2470204317097834e-17
4.261091873722771e-17
4.279853796406755e-17
4.2939252384197426e-17
4.30799668043273e-17
4.322068122445718e-17
4.336139564458706e-17
4.3549014871426894e-17
4.364282448484681e-17
4.373663409826673e-17
4.3924253325106567e-17
4.4111872551946403e-17
4.43463965854962e-17
4.444020619891612e-17
4.4580920619045994e-17
4.472163503917587e-17
4.481544465259579e-17
4.495615907272567e-17
4.519068310627544e-17
4.5331397526405316e-17
4.5425207139825234e-17
4.551901675324515e-17
4.570663598008499e-17
4.5800445593504907e-17
4.5894255206924825e-17
4.60349696270547e-17
4.617568404718458e-17
4.641020808073439e-17
4.6504017694154306e-17
4.664473211428418e-17
4.678544653441406e-17
4.692616095454394e-17
4.7019970567963856e-17
4.7113780181383774e-17
4.720758979480369e-17
4.739520902164353e-17
4.7535923441773406e-17
4.7629733055193324e-17
4.781735228203316e-17
4.795806670216304e-17
4.8051876315582956e-17
4.8192590735712834e-17
4.828640034913275e-17
4.852092438268255e-17
4.8661638802812425e-17
4.88023532229423e-17
4.894306764307218e-17
4.90368772564921e-17
4.9224496483331934e-17
4.931830609675185e-17
4.941211571017177e-17
4.950592532359169e-17
4.9787354163851444e-17
4.992806858398132e-17
5.002187819740124e-17
5.0162592617531116e-17
5.0256402230951035e-17
5.039711665108091e-17
5.063164068463071e-17
5.0725450298050626e-17
5.091306952489046e-17
5.100687913831038e-17
5.114759355844026e-17
5.1241403171860176e-17
