5.112648282791079e-19
6.763105432492023e-19
7.863410198959813e-19
8.96371496542711e-19
1.0614172115128547e-18
1.2814781648063632e-18
1.4465238797764577e-18
1.5565543564232366e-18
1.6665848330699663e-18
1.83163054804011e-18
1.9416610246868397e-18
2.1067067396569834e-18
2.271752454627127e-18
2.6018438845673654e-18
2.7668895995374845e-18
2.9319353145076036e-18
3.151996267801112e-18
3.2620267444478665e-18
3.592118174388129e-18
3.702148651034859e-18
3.867194366005003e-18
4.087255319298511e-18
4.30731627259202e-18
4.692422940855623e-18
4.967499132472496e-18
5.077529609119275e-18
5.187560085766005e-18
5.4076210390595134e-18
5.572666754029657e-18
5.682697230676387e-18
5.792727707323141e-18
5.9027581839698954e-18
6.122819137263404e-18
6.287864852233523e-18
6.507925805527007e-18
6.672971520497151e-18
6.8380172354672945e-18
7.058078188760778e-18
7.168108665407533e-18
7.388169618701041e-18
7.498200095347771e-18
7.828291525288034e-18
7.938322001934788e-18
8.268413431875026e-18
8.43345914684517e-18
8.598504861815314e-18
8.708535338462043e-18
8.818565815108798e-18
9.038626768402282e-18
9.14865724504906e-18
9.31370296001918e-18
9.698809628282807e-18
9.97388581989968e-18
1.019394677319319e-17
1.0524038203133428e-17
1.0634068679780206e-17
1.090914487139708e-17
1.1074190586367199e-17
1.1294251539660683e-17
1.1514312492954191e-17
1.1679358207924335e-17
1.1789388684571065e-17
1.1899419161217844e-17
1.2174495352834717e-17
1.2284525829481447e-17
1.2394556306128226e-17
1.2669632497745099e-17
1.2779662974391829e-17
1.2889693451038608e-17
1.3054739166008702e-17
1.327480011930221e-17
1.3439845834272355e-17
1.3604891549242474e-17
1.3769937264212593e-17
1.4100028694152856e-17
1.421005917079961e-17
1.437510488576973e-17
1.4540150600739848e-17
1.4650181077386602e-17
1.4760211554033357e-17
1.4980272507326865e-17
1.5090302983973595e-17
1.5200333460620374e-17
1.5365379175590493e-17
1.5475409652237247e-17
1.5695470605530756e-17
1.586051632050085e-17
1.6135592512117748e-17
1.6300638227087867e-17
1.646568394205801e-17
1.668574489535152e-17
1.6850790610321614e-17
1.6960821086968393e-17
1.7180882040261877e-17
1.729091251690863e-17
1.7565988708525505e-17
1.767601918517226e-17
1.7786049661819013e-17
1.8006110615112522e-17
1.811614109175925e-17
1.822617156840603e-17
1.833620204505276e-17
1.8501247760022904e-17
1.8611278236669633e-17
1.8886354428286507e-17
1.8996384904933286e-17
1.9161430619903405e-17
1.927146109655016e-17
1.938149157319689e-17
1.9491522049843668e-17
1.9656567764813762e-17
1.987662871810727e-17
1.998665919475405e-17
2.0151704909724144e-17
2.0371765863017653e-17
2.0536811577987797e-17
2.0646842054634526e-17
2.081188776960467e-17
2.09219182462514e-17
2.1196994437868298e-17
2.1307024914515052e-17
2.152708586780856e-17
2.163711634445529e-17
2.174714682110207e-17
2.1912192536072163e-17
2.2077238251042307e-17
2.2187268727689037e-17
2.235231444265918e-17
2.2462344919305935e-17
2.2627390634276054e-17
2.2792436349246198e-17
2.3012497302539706e-17
2.323255825583319e-17
2.3342588732479945e-17
2.3452619209126674e-17
2.3617664924096818e-17
2.3837725877390327e-17
2.4002771592360446e-17
2.4222832545653954e-17
2.433286302230071e-17
2.4442893498947438e-17
2.4607939213917582e-17
2.47729849288877e-17
2.4883015405534455e-17
2.5103076358827964e-17
2.5213106835474693e-17
2.5433167788768202e-17
2.554319826541498e-17
2.565322874206171e-17
2.5763259218708465e-17
2.598332017200195e-17
2.6093350648648728e-17
2.6258396363618847e-17
2.6423442078588966e-17
2.658848779355911e-17
2.6808548746852618e-17
2.6973594461822713e-17
2.719365541511622e-17
2.7358701130086365e-17
2.7578762083379874e-17
2.779882303667336e-17
2.790885351332011e-17
2.8018883989966866e-17
2.823894494326035e-17
2.834897541990713e-17
2.8514021134877223e-17
2.873408208817073e-17
2.884411256481751e-17
2.895414304146424e-17
2.9229219233081114e-17
2.939426494805126e-17
2.966934113966813e-17
2.988940209296164e-17
3.005444780793176e-17
3.027450876122524e-17
3.038453923787202e-17
3.054958495284214e-17
3.071463066781226e-17
3.0824661144459014e-17
3.093469162110577e-17
3.104472209775252e-17
3.1319798289369396e-17
3.1484844004339515e-17
3.164988971930966e-17
3.181493543427978e-17
3.192496591092653e-17
3.209001162589665e-17
3.2200042102543406e-17
3.231007257919016e-17
3.2420103055836914e-17
3.2530133532483644e-17
3.264016400913042e-17
3.2860224962423907e-17
3.3025270677394026e-17
3.3135301154040805e-17
3.335536210733429e-17
3.3465392583981043e-17
3.35754230606278e-17
3.368545353727455e-17
3.379548401392128e-17
3.3960529728891425e-17
3.4070560205538155e-17
3.42356059205083e-17
3.440065163547844e-17
3.451068211212517e-17
3.4840773542065435e-17
3.511584973368231e-17
3.533591068697579e-17
3.5500956401945936e-17
3.566600211691608e-17
3.577603259356281e-17
3.599609354685632e-17
3.610612402350307e-17
3.6216154500149826e-17
3.6381200215119945e-17
3.665627640673682e-17
3.687633736003033e-17
3.709639831332381e-17
3.737147450494071e-17
3.753652021991083e-17
3.764655069655758e-17
3.78115964115277e-17
3.7921626888174456e-17
3.803165736482121e-17
3.825171831811472e-17
3.841676403308484e-17
3.858180974805496e-17
3.87468554630251e-17
3.891190117799522e-17
3.9021931654641974e-17
3.9131962131288704e-17
3.924199260793548e-17
3.935202308458221e-17
3.957208403787572e-17
3.9737129752845865e-17
3.9902175467815984e-17
4.001220594446274e-17
4.012223642110947e-17
4.0232266897756247e-17
4.045232785104973e-17
4.067238880434324e-17
4.083743451931336e-17
4.10024802342835e-17
4.111251071093023e-17
4.1277556425900376e-17
4.1442602140870495e-17
4.155263261751725e-17
4.166266309416398e-17
4.177269357081076e-17
4.1937739285780877e-17
4.204776976242763e-17
4.215780023907436e-17
4.226783071572114e-17
4.254290690733801e-17
4.265293738398474e-17
4.276296786063152e-17
4.287299833727825e-17
4.2983028813925005e-17
4.3203089767218514e-17
4.3368135482188633e-17
4.353318119715878e-17
4.3863272627099015e-17
4.397330310374577e-17
4.4193364057039253e-17
4.441342501033276e-17
4.452345548697954e-17
4.4688501201949635e-17
4.4798531678596414e-17
4.507360787021329e-17
4.534868406183016e-17
4.545871453847689e-17
4.5623760253447034e-17
4.584382120674054e-17
4.595385168338727e-17
4.606388216003405e-17
4.628394311332756e-17
4.6448988828297655e-17
4.66140345432678e-17
4.677908025823794e-17
4.688911073488467e-17
4.7054156449854816e-17
4.7164186926501545e-17
4.732923264147169e-17
4.743926311811842e-17
4.75492935947652e-17
4.771433930973529e-17
4.7879385024705436e-17
4.804443073967558e-17
4.8264491692969063e-17
4.837452216961582e-17
4.848455264626255e-17
4.864959836123269e-17
4.8814644076202835e-17
4.897968979117293e-17
4.914473550614307e-17
4.9309781221113217e-17
4.9419811697759946e-17
4.95298421744067e-17
4.9639872651053455e-17
4.9804918366023574e-17
5.01900250342872e-17
5.0465101225904075e-17
5.0575131702550854e-17
5.0685162179197584e-17
5.085020789416773e-17
5.096023837081446e-17
5.11252840857846e-17
5.123531456243133e-17
5.134534503907811e-17
