3.971897558709121e-19
5.985279829927665e-19
7.495316533341387e-19
1.1018735507973407e-18
1.3032117779191704e-18
1.5045500050410124e-18
1.7058882321628545e-18
1.8065573457237693e-18
1.907226459284684e-18
2.0582301296260565e-18
2.2092337999674287e-18
2.460906583869728e-18
2.5615756974306554e-18
2.6622448109915702e-18
2.762913924552485e-18
2.9139175948938574e-18
3.0649212652352296e-18
3.215924935576602e-18
3.3165940491375168e-18
3.4675977194789014e-18
3.618601389820286e-18
3.769605060161658e-18
3.870274173722573e-18
4.021277844063945e-18
4.12194695762486e-18
4.32328518474669e-18
4.524623411868544e-18
4.6756270822099166e-18
4.7762961957708314e-18
5.0279689796731185e-18
5.1286380932340334e-18
5.3803108771363205e-18
5.5313145474777175e-18
5.732652774599547e-18
5.8836564449409194e-18
6.1353292288432066e-18
6.387002012745506e-18
6.6386747966478055e-18
6.840013023769635e-18
7.041351250891465e-18
7.242689478013295e-18
7.34335859157421e-18
7.595031375476521e-18
7.695700489037436e-18
7.796369602598351e-18
7.947373272939723e-18
8.048042386500638e-18
8.148711500061553e-18
8.400384283963865e-18
8.601722511085694e-18
8.853395294987982e-18
8.954064408548896e-18
9.256071749231641e-18
9.507744533133953e-18
9.709082760255782e-18
9.910420987377612e-18
1.0011090100938527e-17
1.0262762884840814e-17
1.0363431998401754e-17
1.0564770225523583e-17
1.0715773895864956e-17
1.081644300942587e-17
1.10177812365477e-17
1.121911946366953e-17
1.1470792247571842e-17
1.1621795917913214e-17
1.1772799588254586e-17
1.1974137815376416e-17
1.2125141485717788e-17
1.2276145156059173e-17
1.2427148826400557e-17
1.2678821610302844e-17
1.2880159837424674e-17
1.3031163507766046e-17
1.3182167178107419e-17
1.3282836291668346e-17
1.3484174518790188e-17
1.363517818913156e-17
1.3937185529814305e-17
1.4088189200155677e-17
1.4188858313716592e-17
1.4390196540838446e-17
1.454120021117982e-17
1.4641869324740733e-17
1.4742538438301648e-17
1.489354210864302e-17
1.4994211222203935e-17
1.5195549449325765e-17
1.5296218562886705e-17
1.5497556790008534e-17
1.5648560460349907e-17
1.5849898687471736e-17
1.620224058493495e-17
1.6453913368837238e-17
1.6554582482398153e-17
1.6655251595959067e-17
1.6755920709520007e-17
1.6856589823080922e-17
1.7007593493422294e-17
1.710826260698321e-17
1.7208931720544124e-17
1.7359935390885496e-17
1.7561273618007326e-17
1.7812946401909638e-17
1.796395007225101e-17
1.816528829937284e-17
1.8265957412933754e-17
1.836662652649467e-17
1.85679647536165e-17
1.8769302980738353e-17
1.8869972094299268e-17
1.8970641207860183e-17
1.9071310321421098e-17
1.9272648548542928e-17
1.9473986775664757e-17
1.9574655889225672e-17
1.9675325002786612e-17
1.9775994116347526e-17
1.99269977866889e-17
2.007800145703027e-17
2.0178670570591186e-17
2.0380008797713016e-17
2.0581347024834845e-17
2.0833019808737157e-17
2.0933688922298072e-17
2.1084692592639444e-17
2.1286030819761274e-17
2.1487369046883104e-17
2.1638372717224476e-17
2.1789376387565873e-17
2.1890045501126788e-17
2.2292721955370447e-17
2.2393391068931362e-17
2.2494060182492277e-17
2.2594729296053192e-17
2.269539840961413e-17
2.2947071193516418e-17
2.309807486385779e-17
2.3198743977418705e-17
2.3400082204540535e-17
2.360142043166239e-17
2.3903427772345134e-17
2.415510055624742e-17
2.4306104226588793e-17
2.4457107896930166e-17
2.4608111567271563e-17
2.4759115237612935e-17
2.4910118907954307e-17
2.5161791691856594e-17
2.5312795362197967e-17
2.541346447575888e-17
2.5665137259661193e-17
2.5765806373222108e-17
2.5866475486783023e-17
2.611814827068531e-17
2.6269151941026682e-17
2.6470490168148512e-17
2.6722162952050824e-17
2.682283206561174e-17
2.697383573595311e-17
2.7074504849514026e-17
2.7225508519855398e-17
2.7326177633416313e-17
2.7426846746977228e-17
2.7779188644440454e-17
2.7930192314781827e-17
2.80811959851232e-17
2.8181865098684114e-17
2.8332868769025486e-17
2.848387243936688e-17
2.85845415529278e-17
2.873554522326917e-17
2.8836214336830085e-17
2.913822167751283e-17
2.933955990463466e-17
2.949056357497603e-17
2.964156724531743e-17
2.984290547243926e-17
2.994357458600017e-17
3.004424369956109e-17
3.024558192668292e-17
3.034625104024383e-17
3.0597923824146144e-17
3.089993116482889e-17
3.1000600278389804e-17
3.1151603948731176e-17
3.125227306229209e-17
3.1352942175853006e-17
3.15039458461944e-17
3.160461495975532e-17
3.175561863009669e-17
3.1856287743657604e-17
3.195695685721852e-17
3.2057625970779434e-17
3.215829508434035e-17
3.230929875468172e-17
3.240996786824266e-17
3.261130609536449e-17
3.2711975208925405e-17
3.2913313436047235e-17
3.316498621994952e-17
3.336632444707135e-17
3.346699356063229e-17
3.371866634453458e-17
3.386967001487595e-17
3.3970339128436866e-17
3.412134279877824e-17
3.427234646911961e-17
3.4373015582680525e-17
3.4675022923363294e-17
3.4876361150485124e-17
3.5027364820826496e-17
3.517836849116787e-17
3.5279037604728783e-17
3.543004127507018e-17
3.563137950219201e-17
3.5732048615752925e-17
3.58830522860943e-17
3.6084390513216127e-17
3.62353941835575e-17
3.633606329711844e-17
3.6436732410679353e-17
3.6638070637801183e-17
3.6789074308142555e-17
3.704074709204484e-17
3.724208531916667e-17
3.739308898950807e-17
3.7493758103068984e-17
3.75944272166299e-17
3.774543088697127e-17
3.8047438227654016e-17
3.814810734121493e-17
3.8248776454775845e-17
3.839978012511724e-17
3.8550783795458615e-17
3.870178746579999e-17
3.88024565793609e-17
3.8953460249702274e-17
3.905412936326319e-17
3.93058021471655e-17
3.9406471260726416e-17
3.96581440446287e-17
3.990981682853099e-17
4.0010485942091905e-17
4.011115505565282e-17
4.0211824169213734e-17
4.036282783955513e-17
4.0513831509896504e-17
4.0664835180237876e-17
4.076550429379879e-17
4.091650796414016e-17
4.101717707770108e-17
4.111784619126199e-17
4.1369518975164304e-17
4.147018808872522e-17
4.162119175906659e-17
4.1772195429407964e-17
4.1923199099749336e-17
4.207420277009071e-17
4.2426544667553935e-17
4.267821745145622e-17
4.292989023535851e-17
4.308089390569988e-17
4.323189757604128e-17
4.338290124638265e-17
4.3533904916724023e-17
4.363457403028494e-17
4.378557770062631e-17
4.40372504845286e-17
4.423858871165045e-17
4.4540596052333196e-17
4.469159972267457e-17
4.48929379497964e-17
4.504394162013777e-17
4.5144610733698685e-17
4.5245279847259625e-17
4.5396283517601e-17
4.554728718794237e-17
4.57486254150642e-17
4.589962908540557e-17
4.6000298198966486e-17
4.615130186930786e-17
4.645330920999063e-17
4.6604312880332e-17
4.6704981993892915e-17
4.685598566423429e-17
4.700698933457566e-17
4.7157993004917056e-17
4.7409665788819344e-17
4.751033490238026e-17
4.766133857272163e-17
4.7762007686282545e-17
4.791301135662392e-17
4.801368047018483e-17
4.816468414052623e-17
4.8265353254087144e-17
4.836602236764806e-17
4.851702603798943e-17
4.8617695151550346e-17
4.871836426511126e-17
4.8819033378672176e-17
4.891970249223309e-17
4.9020371605794006e-17
4.912104071935492e-17
4.922170983291586e-17
4.9322378946476775e-17
4.942304806003769e-17
4.957405173037906e-17
4.9725055400720434e-17
4.9876059071061807e-17
5.002706274140318e-17
5.012773185496412e-17
5.032907008208595e-17
5.048007375242732e-17
5.063107742276869e-17
5.083241564989052e-17
5.093308476345144e-17
5.1084088433792834e-17
5.118475754735375e-17
5.1285426660914664e-17
