4.023631307300491e-19
5.038452298596032e-19
6.560683785539345e-19
7.575504776834886e-19
8.590325768130674e-19
9.605146759426216e-19
1.1127378246369528e-18
1.214219923766507e-18
1.3664430724608382e-18
1.518666221155194e-18
1.6708893698495253e-18
1.8231125185438565e-18
2.026076716802965e-18
2.279781964626875e-18
2.432005113321206e-18
2.5334872124507603e-18
2.6857103611450915e-18
2.787192460274658e-18
2.9394156089690015e-18
3.0408977080985557e-18
3.14237980722811e-18
3.3960850550519952e-18
3.497567154181574e-18
3.599049253311128e-18
3.8527545011350136e-18
4.055718699394134e-18
4.309423947218032e-18
4.461647095912363e-18
4.6646112941714715e-18
4.76609339330105e-18
4.9183165419953815e-18
5.019798641124936e-18
5.12128074025449e-18
5.324244938513598e-18
5.577950186337508e-18
5.933137533290948e-18
6.0853606819853036e-18
6.288324880244412e-18
6.389806979373966e-18
6.6435122271978514e-18
6.795735375892207e-18
6.947958524586539e-18
7.10018167328087e-18
7.201663772410424e-18
7.303145871539978e-18
7.455369020234334e-18
7.556851119363888e-18
7.810556367187774e-18
8.064261615011684e-18
8.267225813270792e-18
8.4701900115299e-18
8.622413160224244e-18
8.72389525935381e-18
8.825377358483364e-18
9.129823655872027e-18
9.33278785413116e-18
9.485011002825491e-18
9.6879752010846e-18
9.992421498473286e-18
1.0144644647167618e-17
1.0347608845426726e-17
1.044909094455628e-17
1.0550573043685834e-17
1.0753537241944967e-17
1.0956501440204076e-17
1.1210206688027961e-17
1.131168878715754e-17
1.1463911935851871e-17
1.1717617183675756e-17
1.18698403323701e-17
1.2022063481064443e-17
1.2123545580193998e-17
1.2326509778453106e-17
1.242799187758266e-17
1.2580215026277016e-17
1.268169712540657e-17
1.2783179224536124e-17
1.2884661323665678e-17
1.2986143422795233e-17
1.3138366571489564e-17
1.329058972018392e-17
1.3493553918443028e-17
1.3696518116702136e-17
1.384874126539648e-17
1.4000964414090823e-17
1.4153187562785155e-17
1.4305410711479486e-17
1.4559115959303396e-17
1.4711339107997727e-17
1.4914303306256835e-17
1.5066526454951167e-17
1.52694906532103e-17
1.542171380190463e-17
1.5573936950598962e-17
1.5827642198422872e-17
1.6132088495811535e-17
1.6284311644505866e-17
1.6487275842765e-17
1.663949899145933e-17
1.6842463189718438e-17
1.699468633841277e-17
1.724839158623668e-17
1.740061473493101e-17
1.7502096834060565e-17
1.7654319982754896e-17
1.7806543131449252e-17
1.7958766280143583e-17
1.8060248379273138e-17
1.821247152796747e-17
1.841543572622659e-17
1.861839992448571e-17
1.877062307318004e-17
1.8872105172309595e-17
1.897358727143915e-17
1.9125810420133505e-17
1.922729251926306e-17
1.937951566795739e-17
1.9531738816651722e-17
1.9683961965346053e-17
1.9886926163605186e-17
2.0039149312299517e-17
2.0140631411429072e-17
2.0242113510558626e-17
2.0495818758382536e-17
2.0648041907076867e-17
2.0851006105335975e-17
2.095248820446553e-17
2.1104711353159885e-17
2.1307675551418994e-17
2.1409157650548548e-17
2.1510639749678102e-17
2.1764344997502012e-17
2.196730919576112e-17
2.2119532344455452e-17
2.2221014443585006e-17
2.2322496542714572e-17
2.242397864184414e-17
2.2525460740973693e-17
2.2626942840103247e-17
2.27284249392328e-17
2.2880648087927132e-17
2.3032871236621488e-17
2.3134353335751042e-17
2.3235835434880597e-17
2.333731753401015e-17
2.3438799633139705e-17
2.354028173226926e-17
2.3692504880963615e-17
2.379398698009317e-17
2.4098433277481856e-17
2.4250656426176187e-17
2.4352138525305742e-17
2.455510272356485e-17
2.506251321921262e-17
2.5214736367906952e-17
2.5316218467036555e-17
2.5519182665295664e-17
2.5620664764425218e-17
2.5823628962684326e-17
2.6026593160943434e-17
2.612807526007299e-17
2.6331039458332097e-17
2.6483262607026428e-17
2.6584744706156032e-17
2.678770890441514e-17
2.693993205310947e-17
2.7193637300933357e-17
2.7396601499192465e-17
2.749808359832202e-17
2.7599565697451573e-17
2.7751788846145904e-17
2.7904011994840285e-17
2.800549409396984e-17
2.815771724266417e-17
2.8259199341793724e-17
2.8411422490488056e-17
2.8563645639182387e-17
2.866512773831194e-17
2.881735088700627e-17
2.8918832986135826e-17
2.9121797184394935e-17
2.922327928352454e-17
2.9426243481783647e-17
2.973068977917231e-17
2.9832171878301863e-17
2.993365397743142e-17
3.0136618175690526e-17
3.0339582373949634e-17
3.044106447307921e-17
3.069476972090312e-17
3.0796251820032677e-17
3.089773391916223e-17
3.1202180216550894e-17
3.140514441481e-17
3.155736756350433e-17
3.1709590712198664e-17
3.181107281132827e-17
3.19632959600226e-17
3.2217001207846484e-17
3.231848330697604e-17
3.2521447505235147e-17
3.267367065392948e-17
3.2876634852188586e-17
3.302885800088292e-17
3.313034010001252e-17
3.3231822199142075e-17
3.348552744696596e-17
3.363775059566029e-17
3.38407147939194e-17
3.399293794261373e-17
3.4094420041743286e-17
3.4297384240002394e-17
3.4398866339132e-17
3.450034843826155e-17
3.4754053686085437e-17
3.485553578521499e-17
3.50584999834741e-17
3.5159982082603653e-17
3.526146418173321e-17
3.536294628086276e-17
3.5464428379992316e-17
3.561665152868665e-17
3.571813362781625e-17
3.5819615726945805e-17
3.5971838875640136e-17
3.612406202433447e-17
3.6327026222593576e-17
3.6479249371287907e-17
3.6682213569547015e-17
3.6885177767806123e-17
3.69866598669357e-17
3.708814196606528e-17
3.729110616432439e-17
3.7392588263453943e-17
3.7544811412148275e-17
3.764629351127783e-17
3.774777561040738e-17
3.800148085823127e-17
3.8204445056490377e-17
3.830592715561998e-17
3.845815030431431e-17
3.861037345300864e-17
3.8711855552138197e-17
3.881333765126775e-17
3.896556079996208e-17
3.932074814691552e-17
3.957445339473943e-17
3.972667654343379e-17
4.003112284082245e-17
4.0132604939952004e-17
4.023408703908156e-17
4.038631018777589e-17
4.053853333647022e-17
4.0640015435599775e-17
4.074149753472933e-17
4.0893720683423685e-17
4.0995202782553264e-17
4.1147425931247595e-17
4.1299649079941926e-17
4.145187222863626e-17
4.170557747646014e-17
4.1857800625154474e-17
4.195928272428403e-17
4.206076482341358e-17
4.221298797210794e-17
4.2365211120802294e-17
4.2517434269496625e-17
4.2669657418190957e-17
4.2872621616450065e-17
4.3024844765144396e-17
4.327855001296828e-17
4.3380032112097836e-17
4.3532255260792216e-17
4.363373735992177e-17
4.383670155818088e-17
4.393818365731043e-17
4.414114785556954e-17
4.4242629954699095e-17
4.434411205382865e-17
4.4597817301652535e-17
4.4750040450346866e-17
4.485152254947647e-17
4.50037456981708e-17
4.515596884686513e-17
4.5308191995559463e-17
4.551115619381857e-17
4.5612638292948126e-17
4.576486144164246e-17
4.586634354077201e-17
4.601856668946634e-17
4.612004878859592e-17
4.627227193729028e-17
4.6475236135549385e-17
4.657671823467894e-17
4.672894138337327e-17
4.68811645320676e-17
4.708412873032671e-17
4.7185610829456264e-17
4.7337833978150596e-17
4.7490057126844976e-17
4.759153922597453e-17
4.7693021325104085e-17
4.779450342423364e-17
4.794672657292797e-17
4.814969077118708e-17
4.8352654969446187e-17
4.850487811814052e-17
4.865710126683485e-17
4.8910806514658784e-17
4.901228861378834e-17
4.911377071291789e-17
4.9316734911177e-17
4.946895805987133e-17
4.962118120856566e-17
4.9722663307695217e-17
4.982414540682477e-17
4.9925627505954325e-17
5.0077850654648706e-17
5.017933275377826e-17
5.038229695203737e-17
5.048377905116692e-17
5.0788225348555585e-17
5.0940448497249916e-17
5.104193059637947e-17
5.11941537450738e-17
