4.576767276550916e-19
6.072004070471589e-19
8.065653129032652e-19
9.560889922953325e-19
1.1554538981514264e-18
1.304977577543506e-18
1.4046600304715592e-18
1.5541837098636265e-18
1.6538661627916796e-18
1.7535486157197204e-18
1.8532310686477735e-18
1.9529135215758266e-18
2.1522784274319205e-18
2.2519608803599737e-18
2.4014845597520533e-18
2.5510082391441207e-18
2.6506906920721738e-18
2.8500555979282677e-18
3.0494205037843616e-18
3.1989441831764412e-18
3.3484678625685086e-18
3.4481503154965617e-18
3.697356447816682e-18
3.846880127208762e-18
4.046245033064856e-18
4.195768712456935e-18
4.345292391849003e-18
4.444974844777056e-18
4.544657297705109e-18
4.694180977097176e-18
4.943387109417297e-18
5.142752015273403e-18
5.29227569466547e-18
5.3919581475935234e-18
5.491640600521564e-18
5.6910055063776704e-18
5.840529185769738e-18
5.9900528651618174e-18
6.189417771017911e-18
6.488465129802058e-18
6.737671262122179e-18
6.837353715050232e-18
6.986877394442299e-18
7.086559847370352e-18
7.236083526762432e-18
7.3856072061545e-18
7.485289659082552e-18
7.584972112010593e-18
7.7843370178667e-18
7.983701923722793e-18
8.133225603114873e-18
8.28274928250694e-18
8.382431735434993e-18
8.482114188363047e-18
8.581796641291087e-18
8.68147909421914e-18
8.930685226539261e-18
9.130050132395355e-18
9.229732585323408e-18
9.329415038251461e-18
9.528779944107555e-18
9.628462397035608e-18
9.728144849963649e-18
9.877668529355729e-18
1.0077033435211822e-17
1.0226557114603902e-17
1.037608079399597e-17
1.0475763246924023e-17
1.0724969379244143e-17
1.0824651832172196e-17
1.0924334285100237e-17
1.1073857964492317e-17
1.1223381643884396e-17
1.142274654974049e-17
1.1522429002668543e-17
1.1622111455596584e-17
1.1871317587916704e-17
1.207068249377281e-17
1.2319888626092931e-17
1.2469412305484998e-17
1.2668777211341105e-17
1.2768459664269158e-17
1.2917983343661225e-17
1.3167189475981346e-17
1.3266871928909399e-17
1.3516078061229519e-17
1.3615760514157572e-17
1.3715442967085625e-17
1.391480787294172e-17
1.4064331552333787e-17
1.416401400526184e-17
1.4363378911117934e-17
1.4463061364045987e-17
1.466242626990208e-17
1.481194994929416e-17
1.4961473628686228e-17
1.506115608161428e-17
1.53103622139344e-17
1.5410044666862454e-17
1.5509727119790507e-17
1.5659250799182575e-17
1.5808774478574642e-17
1.5958298157966722e-17
1.6157663063822816e-17
1.6307186743214895e-17
1.640686919614295e-17
1.6556392875535016e-17
1.665607532846307e-17
1.675575778139111e-17
1.6855440234319163e-17
1.7004963913711242e-17
1.7204328819567336e-17
1.7353852498959404e-17
1.7503376178351483e-17
1.7652899857743563e-17
1.7752582310671604e-17
1.7852264763599657e-17
1.805162966945575e-17
1.8250994575311857e-17
1.845035948116795e-17
1.8649724387024045e-17
1.8799248066416125e-17
1.8998612972272218e-17
1.9148136651664298e-17
1.9347501557520392e-17
1.964654891630454e-17
1.979607259569662e-17
1.9945596275088686e-17
2.004527872801674e-17
2.0194802407408806e-17
2.0344326086800886e-17
2.0444008539728927e-17
2.054369099265698e-17
2.069321467204906e-17
2.07928971249771e-17
2.0892579577905154e-17
2.0992262030833207e-17
2.1141785710225274e-17
2.1241468163153327e-17
2.1390991842545394e-17
2.1540515521937474e-17
2.1640197974865515e-17
2.1739880427793568e-17
2.183956288072162e-17
2.1939245333649674e-17
2.2088769013041742e-17
2.2188451465969795e-17
2.2337975145361862e-17
2.2437657598289915e-17
2.2587181277681983e-17
2.2736704957074062e-17
2.2836387410002115e-17
2.2985911089394183e-17
2.3185275995250277e-17
2.3334799674642356e-17
2.3484323354034436e-17
2.3584005806962477e-17
2.368368825989053e-17
2.3833211939282597e-17
2.393289439221065e-17
2.408241807160273e-17
2.418210052453077e-17
2.4281782977458824e-17
2.4381465430386865e-17
2.458083033624297e-17
2.4730354015635038e-17
2.483003646856309e-17
2.497956014795516e-17
2.5178925053811265e-17
2.537828995966736e-17
2.5477972412595412e-17
2.5677337318451506e-17
2.5826860997843585e-17
2.5926543450771626e-17
2.617574958309176e-17
2.62754320360198e-17
2.6375114488947853e-17
2.652463816833992e-17
2.6624320621267973e-17
2.6724003074196026e-17
2.692336798005212e-17
2.70728916594442e-17
2.717257411237224e-17
2.7371939018228347e-17
2.7471621471156388e-17
2.757130392408444e-17
2.777066882994055e-17
2.787035128286859e-17
2.797003373579664e-17
2.811955741518871e-17
2.826908109458079e-17
2.836876354750884e-17
2.8568128453364935e-17
2.8667810906292976e-17
2.8817334585685055e-17
2.8966858265077135e-17
2.9066540718005176e-17
2.926590562386127e-17
2.936558807678932e-17
2.9614794209109443e-17
2.9864000341429576e-17
2.996368279435762e-17
3.006336524728567e-17
3.0163047700213723e-17
3.0262730153141764e-17
3.036241260606982e-17
3.0511936285461897e-17
3.061161873838994e-17
3.076114241778202e-17
3.101034855010214e-17
3.111003100303019e-17
3.120971345595823e-17
3.1409078361814325e-17
3.1558602041206405e-17
3.165828449413446e-17
3.185764939999055e-17
3.21566967587747e-17
3.225637921170275e-17
3.240590289109482e-17
3.250558534402287e-17
3.265510902341495e-17
3.290431515573507e-17
3.305383883512714e-17
3.320336251451922e-17
3.345256864683934e-17
3.360209232623141e-17
3.375161600562349e-17
3.3901139685015555e-17
3.400082213794361e-17
3.42001870437997e-17
3.434971072319178e-17
3.4549075629047875e-17
3.464875808197593e-17
3.474844053490398e-17
3.489796421429605e-17
3.514717034661617e-17
3.529669402600825e-17
3.549605893186434e-17
3.5695423837720437e-17
3.594462997004057e-17
3.604431242296861e-17
3.6243677328824716e-17
3.634335978175276e-17
3.6542724687608863e-17
3.674208959346496e-17
3.689161327285704e-17
3.714081940517716e-17
3.72405018581052e-17
3.734018431103325e-17
3.758939044335337e-17
3.773891412274545e-17
3.783859657567349e-17
3.7938279028601545e-17
3.80379614815296e-17
3.8187485160921666e-17
3.838685006677777e-17
3.848653251970581e-17
3.8586214972633866e-17
3.8735738652025946e-17
3.8835421104953986e-17
3.903478601081009e-17
3.9234150916666187e-17
3.943351582252228e-17
3.9632880728378387e-17
3.988208686069851e-17
4.00814517665546e-17
4.0181134219482654e-17
4.033065789887472e-17
4.0430340351802775e-17
4.057986403119484e-17
4.0679546484122895e-17
4.0928752616443015e-17
4.1078276295835095e-17
4.122779997522716e-17
4.1477006107547295e-17
4.1576688560475336e-17
4.167637101340339e-17
4.177605346633144e-17
4.192557714572351e-17
4.207510082511559e-17
4.2274465730971683e-17
4.242398941036376e-17
4.2623354316219857e-17
4.27230367691479e-17
4.287256044853998e-17
4.31217665808601e-17
4.327129026025218e-17
4.337097271318022e-17
4.362017884550035e-17
4.376970252489242e-17
4.39192262042845e-17
4.401890865721254e-17
4.416843233660462e-17
4.426811478953266e-17
4.436779724246071e-17
4.451732092185279e-17
4.466684460124486e-17
4.481636828063694e-17
4.4965891960029006e-17
4.516525686588511e-17
4.531478054527718e-17
4.5514145451133274e-17
4.5613827904061327e-17
4.581319280991743e-17
4.601255771577354e-17
4.6162081395165607e-17
4.6311605074557674e-17
4.641128752748573e-17
4.651096998041378e-17
4.661065243334181e-17
4.6760176112733876e-17
4.700938224505402e-17
4.710906469798205e-17
4.725858837737414e-17
4.740811205676621e-17
4.7607476962622315e-17
4.7806841868478397e-17
4.8105889227262556e-17
4.820557168019061e-17
4.8355095359582676e-17
4.8604301491902797e-17
4.875382517129489e-17
4.8903348850686956e-17
4.9003031303614985e-17
4.910271375654306e-17
4.920239620947109e-17
4.935191988886316e-17
4.9551284794719264e-17
4.965096724764732e-17
4.98503321535034e-17
5.014937951228756e-17
5.039858564460768e-17
5.049826809753573e-17
5.0647791776927824e-17
5.079731545631989e-17
5.094683913571196e-17
5.1096362815104026e-17
5.129572772096013e-17
