3.7595552850605997e-19
5.22923482471935e-19
7.678700724150641e-19
9.6382734436956e-19
1.0618059803468018e-18
1.159784616324056e-18
1.2577632523012977e-18
1.3557418882785518e-18
1.5027098422444269e-18
1.600688478221681e-18
1.796645750176177e-18
1.894624386153431e-18
2.041592340119306e-18
2.139570976096548e-18
2.3845175660396646e-18
2.5314855200055396e-18
2.6294641559827938e-18
2.7764321099486688e-18
2.874410745925923e-18
2.9723893819031647e-18
3.1193573358690397e-18
3.2663252898349147e-18
3.4132932438007897e-18
3.609250515755286e-18
3.756218469721161e-18
3.9521757416756566e-18
4.197122331618786e-18
4.344090285584661e-18
4.4910582395505234e-18
4.687015511505032e-18
4.833983465470907e-18
4.980951419436782e-18
5.0789300554140235e-18
5.1769086913912776e-18
5.3728659633457735e-18
5.5198339173116485e-18
5.8137698252433985e-18
5.91174846122064e-18
6.1077057331751486e-18
6.20568436915239e-18
6.4016416411068986e-18
6.5486095950727736e-18
6.6465882310500154e-18
6.7935561850158904e-18
6.989513456970386e-18
7.185470728924882e-18
7.283449364902136e-18
7.38142800087939e-18
7.479406636856632e-18
7.626374590822507e-18
7.822331862777003e-18
8.116267770708753e-18
8.312225042663249e-18
8.508182314617757e-18
8.606160950594999e-18
8.802118222549507e-18
8.900096858526749e-18
9.047064812492624e-18
9.24302208444712e-18
9.341000720424374e-18
9.585947310367491e-18
9.781904582322e-18
9.879883218299241e-18
1.0026851172265116e-17
1.0124829808242358e-17
1.0320787080196866e-17
1.0467755034162741e-17
1.0614722988128616e-17
1.0761690942094491e-17
1.0908658896060366e-17
1.1006637532037608e-17
1.1251584121980725e-17
1.1349562757957979e-17
1.1496530711923854e-17
1.1643498665889729e-17
1.1839455937844225e-17
1.19864238918101e-17
1.2133391845775975e-17
1.232934911773047e-17
1.2427327753707725e-17
1.25742957076736e-17
1.2819242297616717e-17
1.2917220933593971e-17
1.3015199569571225e-17
1.31621675235371e-17
1.3407114113480217e-17
1.3554082067446092e-17
1.3897007293366463e-17
1.4043975247332338e-17
1.4288921837275467e-17
1.4484879109229963e-17
1.468083638118446e-17
1.47788150171617e-17
1.4876793653138955e-17
1.502376160710483e-17
1.5219718879059326e-17
1.531769751503658e-17
1.5464665469002455e-17
1.5611633422968317e-17
1.5758601376934192e-17
1.5856580012911446e-17
1.59545586488887e-17
1.6052537284865942e-17
1.6199505238831817e-17
1.629748387480907e-17
1.65424304647522e-17
1.6640409100729442e-17
1.6787377054695317e-17
1.688535569067256e-17
1.7032323644638434e-17
1.7130302280615688e-17
1.7277270234581563e-17
1.7424238188547438e-17
1.7522216824524693e-17
1.7620195460501934e-17
1.776716341446781e-17
1.7914131368433684e-17
1.811008864038818e-17
1.8257056594354055e-17
1.835503523033131e-17
1.8502003184297184e-17
1.87469497742403e-17
1.8991896364183418e-17
1.9138864318149293e-17
1.9236842954126547e-17
1.93348215901038e-17
1.9530778862058297e-17
1.9677746816024172e-17
1.9824714769990047e-17
1.99226934059673e-17
2.0020672041944543e-17
2.026561863188766e-17
2.0412586585853535e-17
2.051056522183079e-17
2.0608543857808043e-17
2.0755511811773918e-17
2.085349044775116e-17
2.114742635568291e-17
2.1294394309648785e-17
2.1392372945626027e-17
2.149035158160328e-17
2.1637319535569156e-17
2.173529817154641e-17
2.188226612551226e-17
2.1980244761489527e-17
2.2127212715455402e-17
2.2274180669421277e-17
2.2421148623387152e-17
2.2568116577353027e-17
2.2666095213330293e-17
2.2813063167296144e-17
2.291104180327341e-17
2.305800975723926e-17
2.320497771120516e-17
2.335194566517101e-17
2.3449924301148277e-17
2.354790293712552e-17
2.364588157310276e-17
2.3743860209080027e-17
2.393981748103451e-17
2.4037796117011777e-17
2.4282742706954894e-17
2.4478699978909377e-17
2.4576678614886644e-17
2.4674657250863886e-17
2.4870614522818394e-17
2.5017582476784244e-17
2.5164550430750144e-17
2.5311518384715994e-17
2.5507475656670503e-17
2.5605454292647744e-17
2.570343292862501e-17
2.585040088259086e-17
2.599736883655676e-17
2.6095347472534003e-17
2.6242315426499878e-17
2.6389283380465728e-17
2.6536251334431628e-17
2.6683219288397478e-17
2.6781197924374744e-17
2.687917656035201e-17
2.702614451431786e-17
2.717311246828376e-17
2.7418059058226878e-17
2.7516037694204095e-17
2.7663005648169995e-17
2.7760984284147236e-17
2.790795223811311e-17
2.800593087409038e-17
2.8103909510067595e-17
2.8250877464033495e-17
2.8348856100010736e-17
2.849582405397661e-17
2.8691781325931095e-17
2.878975996190836e-17
2.8887738597885603e-17
2.8985717233862845e-17
2.9132685187828745e-17
2.937763177777186e-17
2.952459973173771e-17
2.972055700369222e-17
2.981853563966946e-17
2.996550359363536e-17
3.006348222961258e-17
3.0161460865589845e-17
3.035741813754433e-17
3.060236472748747e-17
3.079832199944198e-17
3.0896300635419196e-17
3.109225790737373e-17
3.1190236543350946e-17
3.128821517932821e-17
3.1484172451282696e-17
3.1778108359214446e-17
3.202305494915756e-17
3.217002290312346e-17
3.231699085708931e-17
3.241496949306658e-17
3.2512948129043845e-17
3.2659916083009696e-17
3.275789471898696e-17
3.2953851990941446e-17
3.314980926289593e-17
3.334576653485046e-17
3.349273448881631e-17
3.359071312479358e-17
3.373768107875943e-17
3.388464903272533e-17
3.403161698669118e-17
3.4129595622668446e-17
3.422757425864569e-17
3.4423531530600196e-17
3.4570499484566046e-17
3.466847812054331e-17
3.491342471048643e-17
3.510938198244094e-17
3.520736061841818e-17
3.5354328572384055e-17
3.5599275162327196e-17
3.5746243116293046e-17
3.5893211070258946e-17
3.5991189706236163e-17
3.613815766020206e-17
3.6236136296179305e-17
3.643209356813381e-17
3.653007220411103e-17
3.672602947606556e-17
3.682400811204278e-17
3.706895470198592e-17
3.7166933337963163e-17
3.731390129192906e-17
3.760783719986079e-17
3.770581583583803e-17
3.785278378980393e-17
3.799975174376978e-17
3.829368765170153e-17
3.844065560566743e-17
3.853863424164465e-17
3.8685602195610547e-17
3.8783580831587764e-17
3.888155946756503e-17
3.8979538103542297e-17
3.912650605750815e-17
3.9224484693485414e-17
3.94204419654399e-17
3.9567409919405797e-17
3.9665388555383014e-17
3.976336719136028e-17
3.991033514532613e-17
4.015528173526927e-17
4.035123900722378e-17
4.049820696118963e-17
4.05961855971669e-17
4.0694164233144164e-17
4.0841132187110014e-17
4.108607877705313e-17
4.123304673101903e-17
4.138001468498488e-17
4.147799332096215e-17
4.157597195693939e-17
4.1722939910905264e-17
4.186990786487114e-17
4.196788650084838e-17
4.206586513682565e-17
4.2163843772802865e-17
4.2310811726768764e-17
4.2408790362746006e-17
4.250676899872325e-17
4.2800704906655e-17
4.29476728606209e-17
4.3045651496598115e-17
4.314363013257538e-17
4.324160876855262e-17
4.33885767225185e-17
4.3486555358495764e-17
4.3633523312461615e-17
4.3927459220393365e-17
4.402543785637063e-17
4.412341649234787e-17
4.4221395128325115e-17
4.436836308229099e-17
4.4515331036256865e-17
4.466229899022274e-17
4.476027762619998e-17
4.490724558016588e-17
4.505421353413173e-17
4.5152192170109e-17
4.529916012407485e-17
4.5397138760052115e-17
4.55930960320066e-17
4.5691074667983865e-17
4.5838042621949715e-17
4.5985010575915615e-17
4.6082989211892857e-17
4.61809678478701e-17
4.6278946483847365e-17
4.6425914437813215e-17
4.652389307379048e-17
4.681782898172223e-17
4.7013786253676715e-17
4.7160754207642615e-17
4.725873284361983e-17
4.740570079758573e-17
4.755266875155158e-17
4.769963670551748e-17
4.79445832954606e-17
4.804256193143784e-17
4.8189529885403715e-17
4.83854871573582e-17
4.8483465793335466e-17
4.858144442931273e-17
4.872841238327858e-17
4.887538033724446e-17
4.89733589732217e-17
4.91203269271876e-17
4.926729488115345e-17
4.941426283511935e-17
4.95612307890852e-17
4.9659209425062466e-17
4.990415601500558e-17
5.005112396897143e-17
5.01491026049487e-17
5.0296070558914574e-17
5.049202783086908e-17
5.0687985102823566e-17
5.0883942374778074e-17
5.107989964673258e-17
5.11778782827098e-17
5.13248462366757e-17
