4.630975507004316e-19
5.697391002435677e-19
6.763806497867039e-19
8.363429741014081e-19
9.963052984161123e-19
1.1029468479592731e-18
1.3695507218171135e-18
1.5828338209033858e-18
1.689475370446522e-18
1.9027584695327942e-18
2.0094000190759304e-18
2.116041568619091e-18
2.2760038929337954e-18
2.4359662172484996e-18
2.649249316334772e-18
2.8625324154210442e-18
3.0758155145073165e-18
3.2357778388220454e-18
3.3424193883651815e-18
3.555702487451454e-18
3.768985586537726e-18
3.92894791085243e-18
4.142231009938715e-18
4.2488725594818634e-18
4.3555141090249996e-18
4.462155658568136e-18
4.62211798288284e-18
4.782080307197544e-18
4.88872185674068e-18
4.9953634062838165e-18
5.1020049558269526e-18
5.2086465053701134e-18
5.421929604456386e-18
5.528571153999522e-18
5.688533478314226e-18
5.84849580262893e-18
6.0617789017152026e-18
6.381703550344636e-18
6.488345099887772e-18
6.648307424202476e-18
6.968232072831884e-18
7.07487362237502e-18
7.181515171918157e-18
7.341477496232886e-18
7.448119045776022e-18
7.554760595319158e-18
7.661402144862294e-18
7.928006018720134e-18
8.03464756826327e-18
8.301251442121123e-18
8.567855315978976e-18
8.674496865522112e-18
8.834459189836816e-18
8.99442151415152e-18
9.261025388009361e-18
9.367666937552522e-18
9.474308487095658e-18
9.580950036638794e-18
9.794233135725066e-18
9.95419546003977e-18
1.0220799333897611e-17
1.0487403207755451e-17
1.080732785638486e-17
1.107393173024275e-17
1.1180573279785886e-17
1.1393856378872158e-17
1.160713947795843e-17
1.187374335181627e-17
1.2033705676130975e-17
1.2140347225674111e-17
1.2300309549988815e-17
1.246027187430352e-17
1.2780196522932928e-17
1.2886838072476064e-17
1.299347962201925e-17
1.3206762721105522e-17
1.3366725045420226e-17
1.3473366594963362e-17
1.3633328919278066e-17
1.3953253567907475e-17
1.4219857441765315e-17
1.432649899130845e-17
1.4433140540851587e-17
1.4699744414709428e-17
1.4966348288567268e-17
1.5072989838110454e-17
1.5232952162425158e-17
1.5339593711968294e-17
1.5552876811054566e-17
1.576615991014084e-17
1.597944300922711e-17
1.6086084558770247e-17
1.629936765785652e-17
1.6406009207399655e-17
1.651265075694279e-17
1.6779254630800632e-17
1.6885896180343768e-17
1.7045858504658472e-17
1.7152500054201658e-17
1.7259141603744794e-17
1.7525745477602634e-17
1.7792349351460475e-17
1.789899090100361e-17
1.8058953225318315e-17
1.8325557099176155e-17
1.8592160973033996e-17
1.8698802522577132e-17
1.901872717120654e-17
1.9178689495521294e-17
1.928533104506443e-17
1.9391972594607566e-17
1.955193491892227e-17
1.9711897243236975e-17
1.987185956755168e-17
1.9978501117094815e-17
2.008514266663795e-17
2.0245104990952655e-17
2.035174654049579e-17
2.0458388090038928e-17
2.0618350414353632e-17
2.0884954288211472e-17
2.0991595837754608e-17
2.1151558162069313e-17
2.1364841261155634e-17
2.1578124360241906e-17
2.1684765909785043e-17
2.1844728234099747e-17
2.200469055841445e-17
2.2111332107957587e-17
2.227129443227229e-17
2.2537898306130132e-17
2.2697860630444836e-17
2.2804502179987972e-17
2.3017785279074244e-17
2.3231068378160517e-17
2.3444351477246838e-17
2.3604313801561543e-17
2.3870917675419383e-17
2.4137521549277223e-17
2.4297483873591927e-17
2.4404125423135064e-17
2.4564087747449768e-17
2.4670729296992904e-17
2.477737084653604e-17
2.4937333170850744e-17
2.509729549516545e-17
2.5203937044708585e-17
2.5417220143794906e-17
2.5523861693338042e-17
2.563050324288118e-17
2.5737144792424315e-17
2.589710711673902e-17
2.616371099059686e-17
2.6323673314911564e-17
2.6483635639226268e-17
2.6643597963540972e-17
2.6910201837398812e-17
2.7070164161713517e-17
2.7176805711256653e-17
2.7336768035571357e-17
2.749673035988611e-17
2.7603371909429247e-17
2.776333423374395e-17
2.786997578328709e-17
2.802993810760179e-17
2.813657965714493e-17
2.83498627562312e-17
2.8509825080545904e-17
2.866978740486061e-17
2.882974972917531e-17
2.893639127871845e-17
2.9043032828261585e-17
2.920299515257629e-17
2.941627825166256e-17
2.968288212552045e-17
2.978952367506359e-17
2.9896165224606723e-17
3.005612754892143e-17
3.032273142277927e-17
3.058933529663711e-17
3.0695976846180244e-17
3.085593917049495e-17
3.0962580720038085e-17
3.106922226958122e-17
3.128250536866749e-17
3.14424676929822e-17
3.154910924252536e-17
3.1762392341611655e-17
3.186903389115479e-17
3.197567544069793e-17
3.2082316990241063e-17
3.240224163887047e-17
3.2562203963185176e-17
3.266884551272831e-17
3.2828807837043016e-17
3.304209093612929e-17
3.320205326044399e-17
3.330869480998713e-17
3.3468657134301833e-17
3.362861945861656e-17
3.378858178293129e-17
3.389522333247443e-17
3.4001864882017563e-17
3.416182720633227e-17
3.4268468755875404e-17
3.437511030541854e-17
3.4481751854961676e-17
3.458839340450481e-17
3.469503495404795e-17
3.5014959602677357e-17
3.517492192699206e-17
3.5388205026078333e-17
3.5601488125164606e-17
3.5708129674707766e-17
3.581477122425093e-17
3.60280543233372e-17
3.629465819719504e-17
3.661458284582445e-17
3.6721224395367584e-17
3.682786594491072e-17
3.6934507494453857e-17
3.704114904399699e-17
3.72011113683117e-17
3.7521036016941106e-17
3.762767756648424e-17
3.778763989079897e-17
3.79476022151137e-17
3.816088531419997e-17
3.826752686374311e-17
3.853413073760095e-17
3.8640772287144084e-17
3.874741383668722e-17
3.8907376161001925e-17
3.906733848531663e-17
3.9173980034859765e-17
3.933394235917447e-17
3.9440583908717606e-17
3.960054623303231e-17
3.9760508557347014e-17
3.992047088166177e-17
4.0027112431204904e-17
4.018707475551961e-17
4.034703707983431e-17
4.045367862937745e-17
4.0560320178920584e-17
4.066696172846372e-17
4.0826924052778425e-17
4.093356560232156e-17
4.1146848701407833e-17
4.125349025095097e-17
4.1413452575265674e-17
4.152009412480881e-17
4.178669799866665e-17
4.199998109775297e-17
4.2159943422067676e-17
4.237322652115395e-17
4.253318884546865e-17
4.263983039501179e-17
4.2746471944554925e-17
4.285311349409806e-17
4.3013075818412765e-17
4.31197173679559e-17
4.322635891749904e-17
4.3333000467042174e-17
4.343964201658531e-17
4.3599604340900014e-17
4.3812887439986286e-17
4.402617053907261e-17
4.418613286338731e-17
4.4346095187702016e-17
4.445273673724515e-17
4.471934061110299e-17
4.509258603450397e-17
4.5252548358818673e-17
4.541251068313338e-17
4.5519152232676514e-17
4.562579378221965e-17
4.5732435331762786e-17
4.583907688130592e-17
4.5999039205620627e-17
4.6265643079478516e-17
4.637228462902165e-17
4.6585567728107925e-17
4.674553005242263e-17
4.690549237673733e-17
4.701213392628047e-17
4.7118775475823605e-17
4.733205857490988e-17
4.749202089922458e-17
4.775862477308242e-17
4.7971907872168695e-17
4.8185190971255016e-17
4.834515329556972e-17
4.8718398718970697e-17
4.88783610432854e-17
4.898500259282854e-17
4.9091644142371673e-17
4.9358248016229514e-17
4.946488956577265e-17
4.9624851890087354e-17
4.9838134989173626e-17
4.999809731348833e-17
5.0158059637803035e-17
5.026470118734622e-17
5.0371342736889356e-17
5.047798428643249e-17
5.07979089350619e-17
5.090455048460504e-17
5.106451280891974e-17
5.1277795908006014e-17
