5.026324513342242e-19
7.062861284781778e-19
8.590263863361367e-19
1.0117666441940957e-18
1.164506902052067e-18
1.317247159910026e-18
1.5209008370539673e-18
1.622727675625944e-18
1.775467933483903e-18
1.9791216106278566e-18
2.080948449199821e-18
2.335515545629769e-18
2.488255803487728e-18
2.640996061345687e-18
2.742822899917664e-18
2.895563157775623e-18
3.1501302542055586e-18
3.3028705120635176e-18
3.4046973506354944e-18
3.506524189207471e-18
3.65926444706543e-18
3.812004704923389e-18
3.964744962781348e-18
4.117485220639307e-18
4.270225478497266e-18
4.372052317069255e-18
4.524792574927214e-18
4.677532832785173e-18
4.881186509929127e-18
4.983013348501091e-18
5.237580444931027e-18
5.390320702788998e-18
5.492147541360963e-18
5.5939743799329395e-18
5.7467146377908985e-18
5.950368314934852e-18
6.154021992078793e-18
6.306762249936752e-18
6.5613293463667e-18
6.663156184938665e-18
6.968636700654595e-18
7.121376958512554e-18
7.274117216370513e-18
7.37594405494249e-18
7.477770893514467e-18
7.630511151372426e-18
7.732337989944402e-18
7.834164828516367e-18
7.935991667088356e-18
8.139645344232297e-18
8.292385602090256e-18
8.49603927923421e-18
8.597866117806186e-18
9.056086891380063e-18
9.15791372995204e-18
9.46339424566797e-18
9.565221084239935e-18
9.870701599955853e-18
1.0074355277099806e-17
1.0176182115671783e-17
1.0532576050673696e-17
1.0685316308531655e-17
1.0888969985675596e-17
1.1041710243533567e-17
1.1245363920677509e-17
1.1449017597821462e-17
1.1703584694251398e-17
1.1907238371395339e-17
1.2110892048539293e-17
1.2365459144969228e-17
1.2569112822113182e-17
1.2721853079971141e-17
1.2823679918543118e-17
1.2925506757115082e-17
1.3078247014973053e-17
1.3281900692116995e-17
1.3383727530688971e-17
1.3536467788546943e-17
1.3638294627118907e-17
1.384194830426286e-17
1.4045601981406814e-17
1.414742881997878e-17
1.4249255658550755e-17
1.4401995916408714e-17
1.465656301283865e-17
1.480930327069661e-17
1.4911130109268586e-17
1.5165697205698522e-17
1.52675240442705e-17
1.5420264302128458e-17
1.557300455998643e-17
1.5725744817844388e-17
1.5827571656416352e-17
1.592939849498833e-17
1.60821387528463e-17
1.623487901070426e-17
1.6336705849276224e-17
1.6489446107134195e-17
1.6591272945706147e-17
1.6794926622850125e-17
1.6998580299994054e-17
1.7100407138566043e-17
1.7202233977138008e-17
1.7456801073567956e-17
1.760954133142589e-17
1.7762281589283874e-17
1.7864108427855863e-17
1.7965935266427803e-17
1.8118675524285786e-17
1.8322329201429715e-17
1.84750694592877e-17
1.8576896297859663e-17
1.8729636555717622e-17
1.9086030490719535e-17
1.9187857329291524e-17
1.9340597587149458e-17
1.9442424425721448e-17
1.9544251264293437e-17
1.9747904941437365e-17
1.990064519929535e-17
2.0104298876439278e-17
2.0206125715011267e-17
2.0307952553583207e-17
2.0511606230727185e-17
2.0715259907871114e-17
2.0868000165729098e-17
2.1020740423587032e-17
2.112256726215902e-17
2.122439410073101e-17
2.1377134358588945e-17
2.1529874616446928e-17
2.1682614874304863e-17
2.1835355132162846e-17
2.2039008809306775e-17
2.2140835647878764e-17
2.2293575905736723e-17
2.2446316163594682e-17
2.254814300216667e-17
2.2700883260024606e-17
2.2904536937168584e-17
2.3006363775740548e-17
2.3108190614312513e-17
2.341367113002843e-17
2.351549796860042e-17
2.371915164574435e-17
2.3820978484316338e-17
2.402463216146029e-17
2.417737241931825e-17
2.4431939515748174e-17
2.4533766354320163e-17
2.4635593192892152e-17
2.4737420031464092e-17
2.483924687003608e-17
2.4991987127894064e-17
2.5195640805037993e-17
2.5297467643609982e-17
2.5399294482181922e-17
2.550112132075391e-17
2.5704774997897865e-17
2.5857515255755824e-17
2.6010255513613807e-17
2.626482261004373e-17
2.6366649448615695e-17
2.657030312575965e-17
2.6672129964331638e-17
2.6773956802903578e-17
2.692669706076156e-17
2.707943731861952e-17
2.7181264157191485e-17
2.7384917834335438e-17
2.774131176933735e-17
2.7944965446481304e-17
2.8148619123625233e-17
2.825044596219722e-17
2.835227280076921e-17
2.8505013058627146e-17
2.865775331648513e-17
2.886140699362906e-17
2.896323383220105e-17
2.9115974090059007e-17
2.9268714347916966e-17
2.9472368025060894e-17
2.967602170220487e-17
2.98796753793488e-17
2.998150221792079e-17
3.028698273363671e-17
3.049063641078064e-17
3.064337666863862e-17
3.084703034578255e-17
3.094885718435454e-17
3.115251086149849e-17
3.150890479650038e-17
3.171255847364436e-17
3.1814385312216323e-17
3.2018038989360277e-17
3.2221692666504206e-17
3.2323519505076195e-17
3.2476259762934154e-17
3.27308268593641e-17
3.2883567117222036e-17
3.3087220794366014e-17
3.318904763293798e-17
3.339270131008193e-17
3.3494528148653897e-17
3.359635498722586e-17
3.369818182579785e-17
3.380000866436984e-17
3.390183550294178e-17
3.410548918008576e-17
3.420731601865772e-17
3.436005627651568e-17
3.451279653437364e-17
3.4716450211517593e-17
3.492010388866152e-17
3.502193072723351e-17
3.51237575658055e-17
3.532741124294943e-17
3.542923808152142e-17
3.568380517795134e-17
3.578563201652333e-17
3.5887458855095295e-17
3.609111253223925e-17
3.619293937081124e-17
3.634567962866917e-17
3.6549333305813126e-17
3.6702073563671085e-17
3.7007554079387e-17
3.7160294337244987e-17
3.7363948014388915e-17
3.756760169153287e-17
3.7669428530104833e-17
3.787308220724881e-17
3.8025822465106746e-17
3.8229476142250724e-17
3.838221640010866e-17
3.853495665796664e-17
3.863678349653858e-17
3.873861033511057e-17
3.8891350592968555e-17
3.919683110868447e-17
3.934957136654241e-17
3.950231162440039e-17
3.9604138462972355e-17
3.9756878720830314e-17
3.99096189786883e-17
4.006235923654623e-17
4.0215099494404216e-17
4.036783975226215e-17
4.0520580010120134e-17
4.072423368726406e-17
4.082606052583605e-17
4.097880078369401e-17
4.113154104155197e-17
4.123336788012396e-17
4.1335194718695923e-17
4.148793497655388e-17
4.164067523441184e-17
4.1742502072983806e-17
4.189524233084179e-17
4.209889600798572e-17
4.2404376523701636e-17
4.2506203362273625e-17
4.2658943620131584e-17
4.276077045870355e-17
4.286259729727554e-17
4.2964424135847527e-17
4.332081807084944e-17
4.352447174799337e-17
4.362629858656536e-17
4.377903884442329e-17
4.388086568299528e-17
4.4135432779425204e-17
4.428817303728319e-17
4.444091329514112e-17
4.454274013371311e-17
4.46445669722851e-17
4.4797307230143035e-17
4.4899134068715024e-17
4.505187432657298e-17
4.520461458443094e-17
4.5357354842288926e-17
4.5561008519432854e-17
4.581557561586278e-17
4.591740245443477e-17
4.617196955086469e-17
4.6324709808722674e-17
4.647745006658061e-17
4.65792769051526e-17
4.6732017163010556e-17
4.6884757420868515e-17
4.708841109801247e-17
4.7190237936584433e-17
4.734297819444242e-17
4.749571845230035e-17
4.769937212944433e-17
4.780119896801627e-17
4.790302580658826e-17
4.805576606444624e-17
4.8310333160876166e-17
4.8412159999448155e-17
4.8513986838020094e-17
4.871764051516407e-17
4.8921294192308e-17
4.9175861288737925e-17
4.9277688127309914e-17
4.9379514965881903e-17
4.948134180445387e-17
4.9786822320169786e-17
5.0041389416599734e-17
5.024504309374366e-17
5.049961019017361e-17
5.0601437028745575e-17
5.075417728660356e-17
5.0906917544461493e-17
5.111057122160547e-17
5.1263311479463406e-17
5.1365138318035395e-17
