3.7156978821956143e-19
4.706718942945276e-19
6.1932505340695215e-19
7.184271594819183e-19
1.0652845307442998e-18
1.164386636819266e-18
1.3130397959317152e-18
1.4121419020066814e-18
1.5607950611191306e-18
1.6598971671940844e-18
1.8581013793440044e-18
1.9572034854189705e-18
2.204958750606386e-18
2.304060856681352e-18
2.4031629627563182e-18
2.5022650688312844e-18
2.7004692809812167e-18
2.8491224400936412e-18
2.9482245461686074e-18
3.0473266522435735e-18
3.1464287583185397e-18
3.295081917430989e-18
3.394184023505955e-18
3.493286129580921e-18
3.592388235655887e-18
3.6914903417308535e-18
3.889694553880761e-18
4.0383477129932104e-18
4.236551925143143e-18
4.385205084255592e-18
4.533858243368041e-18
4.632960349443007e-18
4.7320624555179734e-18
4.880715614630423e-18
5.029368773742847e-18
5.1284708798178134e-18
5.326675091967746e-18
5.475328251080195e-18
5.673532463230127e-18
5.970838781455026e-18
6.2185940466424164e-18
6.3176961527173825e-18
6.416798258792349e-18
6.515900364867315e-18
6.615002470942281e-18
6.76365563005473e-18
6.9123087891671794e-18
7.209615107392053e-18
7.30871721346702e-18
7.407819319541986e-18
7.556472478654435e-18
7.655574584729401e-18
7.754676690804367e-18
7.9528809029543e-18
8.051983009029266e-18
8.200636168141702e-18
8.34928932725414e-18
8.547493539404072e-18
8.646595645479038e-18
8.745697751554004e-18
8.84479985762897e-18
8.943901963703936e-18
9.191657228891352e-18
9.290759334966305e-18
9.38986144104126e-18
9.488963547116225e-18
9.786269865341124e-18
1.0133127236603505e-17
1.0430433554828379e-17
1.0529535660903345e-17
1.0727739873053278e-17
1.0826841979128244e-17
1.1223250403428108e-17
1.1322352509503075e-17
1.1669209880765431e-17
1.181786303987788e-17
1.2164720411140262e-17
1.2263822517215228e-17
1.246202672936516e-17
1.2610679888477585e-17
1.2808884100627517e-17
1.2907986206702484e-17
1.3254843577964865e-17
1.3403496737077314e-17
1.350259884315228e-17
1.3799905161377154e-17
1.389900726745212e-17
1.404766042656457e-17
1.4245864638714502e-17
1.4444068850864434e-17
1.4592722009976884e-17
1.479092622212679e-17
1.493957938123924e-17
1.508823254035169e-17
1.5286436752501622e-17
1.5385538858576588e-17
1.558374307072652e-17
1.573239622983897e-17
1.583149833591391e-17
1.6079253601101327e-17
1.627745781325126e-17
1.6376559919326225e-17
1.647566202540119e-17
1.6723417290588606e-17
1.702072360881348e-17
1.716937676792593e-17
1.7268478874000896e-17
1.7367580980075862e-17
1.751623413918831e-17
1.7714438351338243e-17
1.7962193616525646e-17
1.80612957226006e-17
1.8408153093862982e-17
1.8655908359050397e-17
1.885411257120033e-17
1.8953214677275296e-17
1.905231678335025e-17
1.9151418889425203e-17
1.925052099550017e-17
1.9547827313725068e-17
1.9646929419800034e-17
1.9845133631949966e-17
1.9944235738024932e-17
2.00433378440999e-17
2.0191991003212323e-17
2.0390195215362255e-17
2.0588399427512188e-17
2.0737052586624637e-17
2.0885705745737086e-17
2.108390995788702e-17
2.133166522307441e-17
2.1430767329149375e-17
2.1579420488261825e-17
2.1728073647374274e-17
2.182717575344924e-17
2.1926277859524206e-17
2.2124482071674138e-17
2.2322686283824046e-17
2.2421788389899012e-17
2.257044154901146e-17
2.2818196814198877e-17
2.2917298920273843e-17
2.301640102634881e-17
2.3115503132423775e-17
2.3264156291536224e-17
2.341280945064865e-17
2.3511911556723615e-17
2.375966682191103e-17
2.3957871034060963e-17
2.425517735228586e-17
2.4354279458360828e-17
2.445338156443578e-17
2.4552483670510735e-17
2.4701136829623184e-17
2.480023893569815e-17
2.49488920948106e-17
2.509754525392305e-17
2.529574946607298e-17
2.5394851572147947e-17
2.5543504731260384e-17
2.569215789037282e-17
2.5791259996447787e-17
2.598946420859772e-17
2.6237219473785135e-17
2.6385872632897584e-17
2.648497473897255e-17
2.6584076845047517e-17
2.6782281057197424e-17
2.6930934216309873e-17
2.717868948149729e-17
2.7327342640609738e-17
2.772375106490959e-17
2.7822853170984544e-17
2.8021057383134476e-17
2.812015948920944e-17
2.821926159528441e-17
2.836791475439686e-17
2.851656791350931e-17
2.871477212565924e-17
2.8863425284771664e-17
2.9012078443884113e-17
2.916073160299656e-17
2.925983370907153e-17
2.9358935815146495e-17
2.9507588974258944e-17
2.960669108033391e-17
2.9854446345521326e-17
3.000309950463376e-17
3.0201303716783695e-17
3.030040582285866e-17
3.049861003500857e-17
3.06968142471585e-17
3.084546740627095e-17
3.09941205653834e-17
3.114277372449585e-17
3.12914268836083e-17
3.148963109575823e-17
3.1638284254870655e-17
3.1786937413983104e-17
3.188603952005807e-17
3.203469267917052e-17
3.2133794785245485e-17
3.23815500504329e-17
3.248065215650787e-17
3.2629305315620316e-17
3.277795847473274e-17
3.2877060580807707e-17
3.297616268688267e-17
3.312481584599512e-17
3.3323020058145055e-17
3.342212216422002e-17
3.357077532333247e-17
3.381853058851986e-17
3.401673480066979e-17
3.411583690674476e-17
3.4214939012819725e-17
3.4363592171932175e-17
3.446269427800714e-17
3.4760000596232014e-17
3.485910270230698e-17
3.4958204808381947e-17
3.520596007356936e-17
3.530506217964433e-17
3.545371533875678e-17
3.5602368497869227e-17
3.5751021656981676e-17
3.5949225869131584e-17
3.6196981134319e-17
3.639518534646893e-17
3.64942874525439e-17
3.6593389558618864e-17
3.669249166469383e-17
3.684114482380628e-17
3.6989797982918704e-17
3.713845114203115e-17
3.72871043011436e-17
3.743575746025605e-17
3.7633961672405984e-17
3.773306377848095e-17
3.78817169375934e-17
3.7980819043668365e-17
3.8079921149743307e-17
3.817902325581827e-17
3.832767641493072e-17
3.847632957404317e-17
3.8674533786193103e-17
3.882318694530555e-17
3.8971840104418e-17
3.917004431656791e-17
3.936824852871784e-17
3.946735063479281e-17
3.9566452740867774e-17
3.9715105899980223e-17
3.996286116516764e-17
4.011151432428009e-17
4.0210616430355054e-17
4.040882064250496e-17
4.0607024854654894e-17
4.070612696072986e-17
4.0805229066804826e-17
4.090433117287979e-17
4.100343327895476e-17
4.1102535385029725e-17
4.1251188544142174e-17
4.1350290650217116e-17
4.159804591540453e-17
4.16971480214795e-17
4.1845801180591946e-17
4.1994454339704396e-17
4.209355644577936e-17
4.219265855185433e-17
4.234131171096678e-17
4.24899648700792e-17
4.273772013526662e-17
4.2886373294379066e-17
4.313412855956648e-17
4.323323066564145e-17
4.348098593082884e-17
4.362963908994129e-17
4.377829224905374e-17
4.3926945408166186e-17
4.4075598567278635e-17
4.4224251726391085e-17
4.432335383246605e-17
4.44720069915785e-17
4.4571109097653466e-17
4.4818864362840857e-17
4.491796646891582e-17
4.5116170681065755e-17
4.5264823840178205e-17
4.536392594625317e-17
4.551257910536562e-17
4.5611681211440586e-17
4.576033437055301e-17
4.610719174181539e-17
4.625584490092784e-17
4.640449806004029e-17
4.660270227219022e-17
4.675135543130265e-17
4.6900008590415097e-17
4.7048661749527546e-17
4.714776385560251e-17
4.724686596167748e-17
4.7345968067752444e-17
4.7494621226864894e-17
4.764327438597734e-17
4.779192754508979e-17
4.7891029651164734e-17
4.79901317572397e-17
4.813878491635215e-17
4.8237887022427115e-17
4.843609123457705e-17
4.8535193340652014e-17
4.863429544672698e-17
4.878294860583943e-17
4.8931601764951854e-17
4.90802549240643e-17
4.917935703013927e-17
4.9427112295326684e-17
4.9575765454439133e-17
4.96748675605141e-17
4.982352071962655e-17
4.9922622825701515e-17
5.012082703785142e-17
5.026948019696387e-17
5.036858230303884e-17
5.0616337568226253e-17
5.0814541780376186e-17
5.091364388645115e-17
5.101274599252612e-17
5.1210950204676026e-17
5.1359603363788475e-17
