4.6510083115362955e-19
6.229811544268304e-19
7.808614777000313e-19
8.861150265488278e-19
9.913685753976243e-19
1.1492488986708252e-18
1.307129221944026e-18
1.4123827707928225e-18
1.5702630940660234e-18
1.7281434173392243e-18
1.8333969661880208e-18
1.9386505150368296e-18
2.1491576127344226e-18
2.3596647104320155e-18
2.570171808129621e-18
2.6754253569784173e-18
2.8859324546760103e-18
2.991186003524819e-18
3.14906632679802e-18
3.4122001989200173e-18
3.570080522193206e-18
3.727960845466407e-18
3.885841168739608e-18
3.9910947175884165e-18
4.2542285897104015e-18
4.4121089129836024e-18
4.622616010681208e-18
4.7804963339544086e-18
5.043630206076406e-18
5.254137303773999e-18
5.517271175896009e-18
5.8856585968668025e-18
6.1487924689888e-18
6.359299566686405e-18
6.464553115535189e-18
6.727686987657199e-18
6.8855673109304e-18
7.0434476342036e-18
7.253954731901194e-18
7.622342152871988e-18
7.780222476145188e-18
7.93810279941839e-18
8.09598312269159e-18
8.201236671540387e-18
8.306490220389183e-18
8.464370543662384e-18
8.674877641359977e-18
8.780131190208786e-18
8.938011513481987e-18
9.095891836755188e-18
9.201145385603984e-18
9.464279257725982e-18
9.727413129847979e-18
9.937920227545584e-18
1.004317377639438e-17
1.0201054099667569e-17
1.035893442294077e-17
1.0464187971789579e-17
1.0569441520638375e-17
1.077994861833598e-17
1.0885202167184765e-17
1.0990455716033574e-17
1.1200962813731167e-17
1.1358843137004367e-17
1.1464096685853176e-17
1.167460378355077e-17
1.183248410682397e-17
1.1990364430097171e-17
1.2095617978945968e-17
1.2358751851067965e-17
1.2464005399916761e-17
1.2569258948765558e-17
1.2727139272038759e-17
1.2937646369736364e-17
1.3148153467433957e-17
1.3411287339555954e-17
1.3569167662829155e-17
1.3727047986102356e-17
1.3990181858224354e-17
1.409543540707315e-17
1.4305942504770755e-17
1.4411196053619552e-17
1.4726956700165954e-17
1.4937463797863547e-17
1.5095344121136747e-17
1.5200597669985556e-17
1.546373154210754e-17
1.5621611865380742e-17
1.572686541422955e-17
1.5884745737502752e-17
1.5989999286351548e-17
1.6095252835200345e-17
1.620050638404914e-17
1.6305759932897938e-17
1.6516267030595543e-17
1.6674147353868744e-17
1.6832027677141933e-17
1.693728122599074e-17
1.7147788323688334e-17
1.7305668646961535e-17
1.7410922195810344e-17
1.7516175744659128e-17
1.7621429293507937e-17
1.7779309616781138e-17
1.7884563165629934e-17
1.798981671447873e-17
1.8147697037751932e-17
1.825295058660074e-17
1.8463457684298333e-17
1.872659155642033e-17
1.8831845105269127e-17
1.8989725428542328e-17
1.920023252623992e-17
1.946336639836192e-17
1.9568619947210727e-17
1.977912704490832e-17
2.004226091703033e-17
2.0358021563576732e-17
2.0673782210123134e-17
2.0779035758971918e-17
2.1042169631093903e-17
2.1305303503215912e-17
2.1463183826489113e-17
2.1568437375337922e-17
2.1673690924186706e-17
2.1778944473035515e-17
2.2042078345157525e-17
2.2252585442855118e-17
2.2515719314977103e-17
2.2884106735947897e-17
2.3041987059221098e-17
2.3410374480191916e-17
2.35156280290407e-17
2.36735083523139e-17
2.377876190116271e-17
2.3884015450011494e-17
2.4041895773284695e-17
2.4199776096557896e-17
2.441028319425549e-17
2.4515536743104298e-17
2.4620790291953106e-17
2.4778670615226307e-17
2.4936550938499508e-17
2.51470580361971e-17
2.5410191908319086e-17
2.5568072231592287e-17
2.5725952554865488e-17
2.5989086426987498e-17
2.6094339975836282e-17
2.619959352468509e-17
2.63048470735339e-17
2.64627273968071e-17
2.6673234494504693e-17
2.683111481777787e-17
2.7041621915475487e-17
2.7199502238748688e-17
2.741000933644628e-17
2.751526288529509e-17
2.767314320856829e-17
2.7778396757417075e-17
2.7936277080690276e-17
2.8146784178387893e-17
2.825203772723668e-17
2.835729127608546e-17
2.846254482493427e-17
2.856779837378308e-17
2.877830547148067e-17
2.904143934360268e-17
2.9146692892451466e-17
2.930457321572467e-17
2.9515080313422285e-17
2.967296063669546e-17
2.9883467734393054e-17
2.998872128324186e-17
3.009397483209067e-17
3.025185515536387e-17
3.0462362253061465e-17
3.0567615801910274e-17
3.077812289960787e-17
3.093600322288107e-17
3.109388354615427e-17
3.1251763869427445e-17
3.1357017418276254e-17
3.146227096712506e-17
3.172540483924705e-17
3.1830658388095857e-17
3.219904580906665e-17
3.235692613233985e-17
3.246217968118866e-17
3.267268677888625e-17
3.277794032773504e-17
3.293582065100824e-17
3.309370097428144e-17
3.319895452313025e-17
3.335683484640345e-17
3.356734194410104e-17
3.367259549294985e-17
3.377784904179866e-17
3.393572936507186e-17
3.4093609688345036e-17
3.425149001161824e-17
3.451462388374025e-17
3.477775775586223e-17
3.488301130471104e-17
3.498826485355985e-17
3.514614517683305e-17
3.5251398725681835e-17
3.5514532597803844e-17
3.561978614665263e-17
3.583029324435022e-17
3.598817356762342e-17
3.6146053890896623e-17
3.6303934214169824e-17
3.651444131186744e-17
3.667232163514064e-17
3.6777575183989427e-17
3.693545550726263e-17
3.7040709056111436e-17
3.719858937938461e-17
3.7356469702657814e-17
3.746172325150662e-17
3.7619603574779823e-17
3.772485712362863e-17
3.7935364221326225e-17
3.8093244544599426e-17
3.8251124867872627e-17
3.8356378416721436e-17
3.851425873999461e-17
3.861951228884342e-17
3.8830019386541014e-17
3.8987899709814215e-17
3.9093153258663023e-17
3.9408913905209425e-17
3.9566794228482626e-17
3.967204777733141e-17
3.982992810060461e-17
3.998780842387781e-17
4.0093061972726596e-17
4.0198315521575405e-17
4.0461449393697415e-17
4.05667029425462e-17
4.07245832658194e-17
4.08824635890926e-17
4.10403439123658e-17
4.1198224235639e-17
4.1356104558912203e-17
4.1513984882185404e-17
4.161923843103419e-17
4.1724491979883e-17
4.1829745528731806e-17
4.20402526264294e-17
4.214550617527821e-17
4.230338649855141e-17
4.240864004740019e-17
4.2513893596249e-17
4.26717739195222e-17
4.277702746837101e-17
4.2882281017219795e-17
4.314541488934178e-17
4.325066843819059e-17
4.346117553588818e-17
4.356642908473699e-17
4.36716826335858e-17
4.3829562956859e-17
4.4040070054556594e-17
4.41453236034054e-17
4.4250577152254187e-17
4.4355830701102995e-17
4.446108424995178e-17
4.467159134764937e-17
4.488209844534699e-17
4.4987351994195774e-17
4.5092605543044583e-17
4.5250485866317784e-17
4.535573941516659e-17
4.5513619738439794e-17
4.561887328728858e-17
4.5724126836137387e-17
4.593463393383498e-17
4.609251425710818e-17
4.625039458038138e-17
4.640827490365458e-17
4.6566155226927783e-17
4.667140877577657e-17
4.6776662324625376e-17
4.6881915873474185e-17
4.698716942232297e-17
4.709242297117178e-17
4.7197676520020587e-17
4.735555684329379e-17
4.746081039214257e-17
4.761869071541577e-17
4.7776571038688974e-17
4.788182458753776e-17
4.7987078136386567e-17
4.814495845965977e-17
4.840809233178178e-17
4.856597265505498e-17
4.872385297832818e-17
4.8881733301601355e-17
4.8986986850450164e-17
4.909224039929895e-17
4.9197493948147757e-17
4.940800104584535e-17
4.951325459469416e-17
4.967113491796736e-17
4.982901524124056e-17
5.0039522338938153e-17
5.014477588778696e-17
5.0355282985484555e-17
5.0513163308757756e-17
5.067104363203096e-17
5.082892395530416e-17
5.098680427857736e-17
5.109205782742614e-17
5.130256492512376e-17
