5.063319539900004e-19
7.682917085030642e-19
1.082643413918731e-18
1.2398192666265397e-18
1.5017790211396035e-18
1.658954873847437e-18
1.7637387756526674e-18
1.920914628360476e-18
2.0256985301657066e-18
2.130482431970937e-18
2.2876582846787458e-18
2.4972260882892067e-18
2.7067938918996183e-18
2.9163616955100792e-18
3.1259294991205155e-18
3.230713400925746e-18
3.3354973027309518e-18
3.492673155438785e-18
3.6498490081466186e-18
3.807024860854427e-18
3.964200713562285e-18
4.173768517172697e-18
4.278552418977952e-18
4.488120222588364e-18
4.645296075296222e-18
4.7500799771014275e-18
4.907255829809236e-18
5.064431682517094e-18
5.1692155843223e-18
5.273999486127506e-18
5.431175338835364e-18
5.6407431424457755e-18
5.745527044251006e-18
6.007486798764045e-18
6.164662651471903e-18
6.374230455082315e-18
6.583798258692776e-18
6.7409741114005845e-18
6.8981499641084425e-18
7.107717767718854e-18
7.212501669524085e-18
7.422069473134521e-18
7.631637276744982e-18
7.893597031257996e-18
8.103164834868457e-18
8.260340687576266e-18
8.365124589381521e-18
8.469908491186727e-18
8.574692392991933e-18
8.784260196602394e-18
8.8890440984076e-18
8.993828000212805e-18
9.09861190201806e-18
9.255787754725869e-18
9.412963607433678e-18
9.674923361946742e-18
9.779707263751948e-18
1.0041667018265011e-17
1.0460802625485884e-17
1.0670370429096345e-17
1.077515433090155e-17
1.1037114085414614e-17
1.1194289938122423e-17
1.1351465790830281e-17
1.150864164353809e-17
1.1718209447148551e-17
1.1927777250758963e-17
1.208495310346682e-17
1.2346912857979835e-17
1.2556480661590296e-17
1.2870832367005963e-17
1.3132792121519002e-17
1.3342359925129438e-17
1.3499535777837272e-17
1.3709103581447708e-17
1.3866279434155541e-17
1.4075847237765978e-17
1.4285415041376414e-17
1.4442590894084247e-17
1.4547374795889453e-17
1.4652158697694683e-17
1.4756942599499914e-17
1.486172650130512e-17
1.5018902354012953e-17
1.5176078206720786e-17
1.5333254059428595e-17
1.5490429912136453e-17
1.559521381394166e-17
1.5857173568454723e-17
1.6066741372065134e-17
1.617152527387039e-17
1.6328701126578198e-17
1.6485876979286032e-17
1.6643052831993865e-17
1.6957404537409532e-17
1.72717562428252e-17
1.7428932095533007e-17
1.7533715997338213e-17
1.7638499899143468e-17
1.7795675751851277e-17
1.795285160455911e-17
1.805763550636434e-17
1.8162419408169547e-17
1.8371987211780008e-17
1.8686338917195625e-17
1.879112281900088e-17
1.8895906720806086e-17
1.9000690622611292e-17
1.936743427892956e-17
1.9577002082540022e-17
1.9681785984345228e-17
1.989135378795569e-17
2.0048529640663498e-17
2.020570549337133e-17
2.0415273296981767e-17
2.05724491496896e-17
2.0729625002397434e-17
2.0886800855105243e-17
2.10439767078131e-17
2.120115256052091e-17
2.1358328413228768e-17
2.156789621683918e-17
2.1882247922254846e-17
2.1987031824060052e-17
2.2091815725865307e-17
2.230138352947572e-17
2.2458559382183577e-17
2.2668127185793988e-17
2.277291108759922e-17
2.287769498940445e-17
2.2982478891209655e-17
2.3296830596625322e-17
2.345400644933313e-17
2.355879035113836e-17
2.3768358154748797e-17
2.392553400745663e-17
2.4135101811067067e-17
2.42922776637749e-17
2.439706156558013e-17
2.4606629369190542e-17
2.47638052218984e-17
2.492098107460621e-17
2.5078156927314067e-17
2.539250863272971e-17
2.570686033814535e-17
2.5811644239950606e-17
2.6021212043561018e-17
2.6178387896268876e-17
2.6387955699879288e-17
2.664991545439235e-17
2.680709130710016e-17
2.6911875208905415e-17
2.701665911071062e-17
2.7121443012515827e-17
2.738340276702889e-17
2.7592970570639327e-17
2.775014642334716e-17
2.7854930325152366e-17
2.795971422695757e-17
2.816928203056803e-17
2.827406593237324e-17
2.8431241785081097e-17
2.85360256868863e-17
2.8797985441399366e-17
2.8955161294107175e-17
2.905994519591238e-17
2.942668885223065e-17
2.9531472754035906e-17
2.9688648606743715e-17
2.984582445945155e-17
3.0055392263061984e-17
3.016017616486719e-17
3.0264960066672445e-17
3.0422135919380254e-17
3.0631703722990715e-17
3.0788879575698523e-17
3.089366347750373e-17
3.0998447379308984e-17
3.1208015182919396e-17
3.1365191035627254e-17
3.1679542741042896e-17
3.183671859375073e-17
3.199389444645854e-17
3.2151070299166396e-17
3.236063810277681e-17
3.246542200458204e-17
3.257020590638727e-17
3.2674989808192475e-17
3.277977370999768e-17
3.293694956270554e-17
3.309412541541335e-17
3.3251301268121205e-17
3.3408477120829014e-17
3.3618044924439475e-17
3.3775220777147284e-17
3.393239662985512e-17
3.4141964433465553e-17
3.440392418797862e-17
3.461349199158903e-17
3.4770667844296887e-17
3.4927843697004695e-17
3.5032627598809926e-17
3.5137411500615156e-17
3.534697930422557e-17
3.5451763206030823e-17
3.5766114911446465e-17
3.5870898813251696e-17
3.6028074665959504e-17
3.6237642469569965e-17
3.6394818322277774e-17
3.6499602224083005e-17
3.665677807679084e-17
3.6813953929498647e-17
3.69187378313039e-17
3.707591368401171e-17
3.7180697585816916e-17
3.7285481487622147e-17
3.739026538942738e-17
3.749504929123258e-17
3.7704617094843044e-17
3.786179294755085e-17
3.796657684935606e-17
3.8071360751161314e-17
3.8385712456576956e-17
3.854288830928479e-17
3.8647672211089995e-17
3.8752456112895225e-17
3.8857240014700456e-17
3.9014415867408265e-17
3.9119199769213495e-17
3.9223983671018725e-17
3.9381159523726534e-17
3.953833537643439e-17
3.96431192782396e-17
3.9800295130947407e-17
3.9957470983655265e-17
4.006225488546047e-17
4.0219430738168304e-17
4.0481390492681343e-17
4.0586174394486574e-17
4.0690958296291804e-17
4.0900526099902216e-17
4.100531000170747e-17
4.121487780531788e-17
4.137205365802574e-17
4.152922951073355e-17
4.168640536344136e-17
4.189597316705182e-17
4.205314901975963e-17
4.215793292156488e-17
4.2367500725175294e-17
4.268185243059096e-17
4.289142023420142e-17
4.3100988037811834e-17
4.3205771939617064e-17
4.3310555841422295e-17
4.3467731694130103e-17
4.362490754683796e-17
4.372969144864317e-17
4.3886867301350976e-17
4.399165120315623e-17
4.420121900676664e-17
4.43583948594745e-17
4.451557071218231e-17
4.467274656489014e-17
4.4829922417597976e-17
4.503949022120841e-17
4.530144997572145e-17
4.5563409730234515e-17
4.5720585582942324e-17
4.5930153386552785e-17
4.613972119016322e-17
4.624450509196845e-17
4.634928899377366e-17
4.6506464846481466e-17
4.671603265009193e-17
4.6873208502799736e-17
4.697799240460499e-17
4.71875602082154e-17
4.734473606092326e-17
4.7449519962728467e-17
4.755430386453367e-17
4.7763871668144133e-17
4.792104752085194e-17
4.802583142265717e-17
4.823539922626761e-17
4.8340183128072815e-17
4.844496702987807e-17
4.860214288258588e-17
4.875931873529371e-17
4.8916494588001545e-17
4.902127848980675e-17
4.923084629341721e-17
4.933563019522242e-17
4.9440414097027623e-17
4.954519799883288e-17
4.970237385154069e-17
4.9807157753345893e-17
4.991194165515115e-17
5.006911750785896e-17
5.033107726237202e-17
5.048825311507983e-17
5.064542896778769e-17
5.0802604820495496e-17
5.0959780673203305e-17
5.127413237861897e-17
