5.108508115984425e-19
6.47229690583856e-19
8.290681958977653e-19
9.654470748831912e-19
1.0563663275401458e-18
1.1472855801970882e-18
1.2382048328540428e-18
1.3291240855109975e-18
1.465502964496411e-18
1.5564222171533657e-18
1.6473414698103204e-18
1.8291799751242174e-18
2.0564781067665856e-18
2.1928569857520237e-18
2.283776238408966e-18
2.5110743700513466e-18
2.64745324903676e-18
2.8292917543506694e-18
2.9656706333360952e-18
3.05658988599305e-18
3.283888017635418e-18
3.465726522949315e-18
3.55664577560627e-18
3.738484280920167e-18
3.8294035335771214e-18
4.05670166521949e-18
4.193080544204928e-18
4.3749190495188125e-18
4.556757554832722e-18
4.693136433818148e-18
4.874974939132045e-18
5.1931923234313675e-18
5.329571202416806e-18
5.420490455073748e-18
5.51140970773069e-18
5.784167465701542e-18
6.0114655973439225e-18
6.147844476329348e-18
6.238763728986303e-18
6.3751426079717166e-18
6.4660618606286835e-18
6.647900365942568e-18
6.738819618599535e-18
6.875198497584949e-18
6.966117750241903e-18
7.32979476086971e-18
7.511633266183594e-18
7.602552518840561e-18
7.784391024154446e-18
7.875310276811413e-18
7.966229529468355e-18
8.102608408453769e-18
8.32990654009615e-18
8.511745045410059e-18
8.693583550723956e-18
8.78450280338091e-18
8.966341308694795e-18
9.057260561351762e-18
9.148179814008704e-18
9.28455869299413e-18
9.375477945651085e-18
9.557316450964982e-18
9.693695329950408e-18
9.78461458260735e-18
9.920993461592788e-18
1.001191271424973e-17
1.0148291593235157e-17
1.0375589724877525e-17
1.0511968603862963e-17
1.0648347482848376e-17
1.0739266735505343e-17
1.0875645614490757e-17
1.1012024493476183e-17
1.1148403372461609e-17
1.1330241877775518e-17
1.142116113043246e-17
1.1512080383089403e-17
1.1693918888403312e-17
1.1830297767388725e-17
1.1966676646374164e-17
1.2057595899031106e-17
1.2239434404345015e-17
1.2421272909658912e-17
1.2557651788644338e-17
1.2694030667629764e-17
1.283040954661519e-17
1.3012248051929087e-17
1.3148626930914513e-17
1.3239546183571455e-17
1.3466844315213835e-17
1.355776356787079e-17
1.3648682820527745e-17
1.3785061699513158e-17
1.3875980952170113e-17
1.405781945748401e-17
1.4148738710140965e-17
1.423965796279792e-17
1.4330577215454862e-17
1.4557875347097242e-17
1.4648794599754185e-17
1.4785173478739623e-17
1.4921552357725036e-17
1.501247161038199e-17
1.5194310115695888e-17
1.5285229368352843e-17
1.5376148621009797e-17
1.569436600530912e-17
1.59216641369515e-17
1.6012583389608443e-17
1.6194421894922352e-17
1.6285341147579295e-17
1.642172002656472e-17
1.6512639279221675e-17
1.6603558531878617e-17
1.669447778453556e-17
1.6830856663520998e-17
1.710361442149185e-17
1.7239993300477263e-17
1.73763721794627e-17
1.7558210684776586e-17
1.7694589563762024e-17
1.7785508816418966e-17
1.7967347321732876e-17
1.8058266574389818e-17
1.8149185827046773e-17
1.82855647060322e-17
1.8467403211346096e-17
1.860378209033152e-17
1.8694701342988464e-17
1.8876539848302373e-17
1.90129187272878e-17
1.9194757232601696e-17
1.9331136111587134e-17
1.9422055364244077e-17
1.951297461690102e-17
1.9649353495886457e-17
1.978573237487187e-17
1.9876651627528825e-17
2.001303050651425e-17
2.0149409385499677e-17
2.0285788264485103e-17
2.0422167143470516e-17
2.0558546022455954e-17
2.0694924901441368e-17
2.0831303780426806e-17
2.096768265941222e-17
2.1058601912069187e-17
2.114952116472613e-17
2.1331359670040026e-17
2.1467738549025452e-17
2.1695036680667832e-17
2.1785955933324775e-17
2.1967794438638684e-17
2.2058713691295626e-17
2.2195092570281064e-17
2.2286011822938007e-17
2.2467850328251904e-17
2.26496888335658e-17
2.287698696520818e-17
2.3013365844193607e-17
2.3149744723179033e-17
2.3240663975835975e-17
2.3377042854821414e-17
2.3467962107478356e-17
2.3649800612792265e-17
2.3740719865449208e-17
2.3877098744434633e-17
2.3968017997091588e-17
2.405893724974853e-17
2.4149856502405473e-17
2.428623538139091e-17
2.4377154634047853e-17
2.4604452765690234e-17
2.474083164467566e-17
2.4831750897332614e-17
2.4922670149989557e-17
2.5059049028974995e-17
2.5195427907960408e-17
2.5377266413274318e-17
2.565002417124517e-17
2.5740943423902112e-17
2.5877322302887537e-17
2.6013701181872963e-17
2.6286458939843815e-17
2.6468297445157712e-17
2.6559216697814667e-17
2.665013595047161e-17
2.6786514829457047e-17
2.687743408211399e-17
2.7013812961099403e-17
2.715019184008484e-17
2.7332030345398738e-17
2.7513868850712635e-17
2.760478810336959e-17
2.7695707356026545e-17
2.7786626608683487e-17
2.787754586134044e-17
2.7968465113997396e-17
2.824122287196825e-17
2.8468521003610616e-17
2.860489988259604e-17
2.874127876158147e-17
2.8877657640566894e-17
2.901403651955231e-17
2.9104955772209274e-17
2.924133465119469e-17
2.9377713530180126e-17
2.946863278283707e-17
2.965047128815098e-17
2.9923229046121817e-17
3.001414829877877e-17
3.024144643042115e-17
3.0423284935735037e-17
3.0559663814720475e-17
3.069604269370589e-17
3.0832421572691326e-17
3.096880045167674e-17
3.110517933066218e-17
3.119609858331912e-17
3.1332477462304546e-17
3.16052352202754e-17
3.1787073725589295e-17
3.187799297824624e-17
3.1968912230903204e-17
3.2059831483560147e-17
3.215075073621709e-17
3.228712961520253e-17
3.237804886785947e-17
3.255988737317338e-17
3.269626625215879e-17
3.28781047574727e-17
3.2969024010129644e-17
3.310540288911508e-17
3.3196322141772025e-17
3.333270102075745e-17
3.351453952607135e-17
3.360545877872829e-17
3.37872972840422e-17
3.3923676163027625e-17
3.406005504201305e-17
3.4196433920998477e-17
3.43328127999839e-17
3.446919167896933e-17
3.4605570557954754e-17
3.4832868689597135e-17
3.492378794225408e-17
3.501470719491102e-17
3.5105626447567986e-17
3.52420053265534e-17
3.5332924579210354e-17
3.542384383186731e-17
3.556022271085272e-17
3.574206121616663e-17
3.5832980468823574e-17
3.596935934780901e-17
3.6060278600465955e-17
3.619665747945138e-17
3.637849598476528e-17
3.656033449007919e-17
3.665125374273613e-17
3.674217299539307e-17
3.683309224805004e-17
3.696947112703545e-17
3.710585000602089e-17
3.719676925867783e-17
3.7287688511334775e-17
3.7424067390320213e-17
3.76059058956341e-17
3.7742284774619536e-17
3.7924123279933433e-17
3.806050215891886e-17
3.81514214115758e-17
3.824234066423277e-17
3.856055804853209e-17
3.8651477301189033e-17
3.878785618017446e-17
3.8969694685488356e-17
3.9106073564473794e-17
3.9196992817130737e-17
3.928791206978768e-17
3.946975057510159e-17
3.956066982775853e-17
3.9651589080415485e-17
3.974250833307244e-17
3.9878887212057854e-17
3.996980646471482e-17
4.0106185343700234e-17
4.024256422268567e-17
4.0333483475342615e-17
4.042440272799956e-17
4.0560781606984995e-17
4.074262011229888e-17
4.0833539364955847e-17
4.092445861761279e-17
4.1015377870269756e-17
4.124267600191211e-17
4.1379054880897526e-17
4.160635301253993e-17
4.1788191517853815e-17
4.187911077051076e-17
4.206094927582467e-17
4.2151868528481634e-17
4.228824740746705e-17
4.2606464791766346e-17
4.274284367075181e-17
4.283376292340875e-17
4.2924682176065693e-17
4.310652068137958e-17
4.328835918669351e-17
4.3470197692007397e-17
4.356111694466434e-17
4.365203619732128e-17
4.378841507630672e-17
4.392479395529216e-17
4.40157132079491e-17
4.410663246060604e-17
4.4379390218576894e-17
4.447030947123386e-17
4.4561228723890803e-17
4.4652147976547746e-17
4.478852685553316e-17
4.4970365360847093e-17
4.515220386616098e-17
4.533404237147486e-17
4.565225975577421e-17
4.5788638634759624e-17
4.601593676640198e-17
4.6197775271715913e-17
4.6334154150701327e-17
4.647053302968674e-17
4.656145228234368e-17
4.6743290787657617e-17
4.69251292929715e-17
4.7016048545628444e-17
4.7106967798285386e-17
4.728880630359932e-17
4.7425185182584734e-17
4.7516104435241676e-17
4.760702368789862e-17
4.769794294055556e-17
4.7925241072197966e-17
4.806161995118338e-17
4.815253920384032e-17
4.8288918082825735e-17
4.83798373354827e-17
4.847075658813967e-17
4.8743514346110496e-17
4.887989322509591e-17
4.901627210408137e-17
4.9107191356738315e-17
4.937994911470914e-17
4.951632799369458e-17
4.978908575166543e-17
4.9880005004322374e-17
5.001638388330779e-17
5.0107303135964755e-17
5.0334601267607135e-17
5.051643977292102e-17
5.0743737904563425e-17
5.083465715722037e-17
5.092557640987731e-17
5.101649566253425e-17
5.1152874541519665e-17
5.124379379417663e-17
5.13347130468336e-17
