4.4693199784338995e-19
7.936765383177034e-19
1.0248395653005708e-18
1.1982118355377028e-18
1.4293748625205702e-18
1.5449563760120163e-18
1.776119402994859e-18
1.9494916732320157e-18
2.0650731867234618e-18
2.296236213706329e-18
2.4118177271977505e-18
2.642980754180618e-18
2.9897252946549067e-18
3.1630975648920634e-18
3.2786790783834848e-18
3.394260591874931e-18
3.509842105366352e-18
3.914377402586376e-18
4.087749672823533e-18
4.318912699806376e-18
4.434494213297822e-18
4.7234479970264e-18
4.839029510517821e-18
4.954611024009267e-18
5.416937077975002e-18
5.648100104957845e-18
5.8214723751950016e-18
5.937053888686423e-18
6.168216915669315e-18
6.283798429160736e-18
6.630542969635025e-18
6.8617059966178925e-18
7.03507826685505e-18
7.15065978034647e-18
7.381822807329338e-18
7.497404320820784e-18
8.017521131532205e-18
8.190893401769362e-18
8.422056428752229e-18
8.711010212480807e-18
8.826591725972253e-18
9.288917779937988e-18
9.40449929342941e-18
9.52008080692083e-18
9.751243833903698e-18
1.0097988374377987e-17
1.0675895941835168e-17
1.0964849725563746e-17
1.1311594266038035e-17
1.1484966536275191e-17
1.1600548049766613e-17
1.177392032000377e-17
1.1947292590240926e-17
1.2294037130715215e-17
1.2409618644206661e-17
1.2640781671189504e-17
1.275636318468095e-17
1.2987526211663817e-17
1.3392061508883817e-17
1.3565433779120973e-17
1.3681015292612395e-17
1.3854387562849551e-17
1.408555058983242e-17
1.425892286006955e-17
1.4374504373560997e-17
1.4547876643798154e-17
1.4836830427526732e-17
1.5010202697763864e-17
1.524136572474673e-17
1.5356947238238177e-17
1.5645901021966755e-17
1.5819273292203912e-17
1.5934854805695333e-17
1.6050436319186755e-17
1.6397180859661068e-17
1.6570553129898225e-17
1.6859506913626803e-17
1.6975088427118224e-17
1.7090669940609646e-17
1.7264042210846802e-17
1.743741448108396e-17
1.755299599457538e-17
1.7668577508066826e-17
1.784194977830396e-17
1.7957531291795405e-17
1.8188694318778272e-17
1.8419857345761115e-17
1.853543885925256e-17
1.8708811129489717e-17
1.882439264298114e-17
1.9055555669964006e-17
1.9171137183455428e-17
1.9286718696946874e-17
1.9402300210438295e-17
1.9575672480675452e-17
1.9691253994166898e-17
1.992241702114974e-17
2.0037998534641186e-17
2.0153580048132608e-17
2.0442533831861186e-17
2.0615906102098343e-17
2.084706912908121e-17
2.096265064257263e-17
2.1309395183046945e-17
2.1424976696538366e-17
2.1540558210029788e-17
2.1656139723521234e-17
2.18873027505041e-17
2.2060675020741258e-17
2.217625653423268e-17
2.22918380477241e-17
2.2407419561215547e-17
2.2523001074706968e-17
2.2638582588198414e-17
2.281195485843557e-17
2.2985327128672703e-17
2.310090864216415e-17
2.321649015565557e-17
2.356323469612986e-17
2.3794397723112726e-17
2.4025560750095594e-17
2.414114226358704e-17
2.4372305290569882e-17
2.448788680406133e-17
2.466125907429846e-17
2.4892422101281353e-17
2.5123585128264195e-17
2.523916664175564e-17
2.552812042548422e-17
2.5759283452467087e-17
2.6048237236195665e-17
2.6163818749687086e-17
2.6337191019924243e-17
2.65105632901614e-17
2.662614480365282e-17
2.6741726317144243e-17
2.685730783063569e-17
2.6972889344127135e-17
2.7146261614364267e-17
2.7261843127855713e-17
2.7493006154838555e-17
2.7666378425075712e-17
2.7781959938567133e-17
2.789754145205858e-17
2.8302076749278604e-17
2.8475449019515736e-17
2.864882128975289e-17
2.8764402803244314e-17
2.893777507348147e-17
2.9053356586972917e-17
2.916893810046434e-17
2.9342310370701495e-17
2.9457891884192916e-17
2.957347339768434e-17
2.9746845667921494e-17
2.997800869490436e-17
3.015138096514152e-17
3.026696247863294e-17
3.0440334748870096e-17
3.0671497775852964e-17
3.0902660802835806e-17
3.11338238298187e-17
3.130719610005583e-17
3.1422777613547277e-17
3.1711731397275855e-17
3.1827312910767276e-17
3.2058475937750143e-17
3.217405745124159e-17
3.228963896473301e-17
3.246301123497017e-17
3.257859274846159e-17
3.269417426195301e-17
3.2809755775444456e-17
3.298312804568159e-17
3.3156500315918745e-17
3.33298725861559e-17
3.350324485639306e-17
3.3792198640121637e-17
3.4081152423850215e-17
3.425452469408737e-17
3.437010620757879e-17
3.4485687721070214e-17
3.460126923456166e-17
3.471685074805308e-17
3.483243226154453e-17
3.494801377503595e-17
3.5179176802018816e-17
3.5352549072255973e-17
3.558371209923884e-17
3.569929361273026e-17
3.5814875126221683e-17
3.593045663971313e-17
3.604603815320455e-17
3.621941042344171e-17
3.6392782693678864e-17
3.6508364207170285e-17
3.668173647740744e-17
3.6797317990898864e-17
3.697069026113602e-17
3.708627177462744e-17
3.720185328811889e-17
3.7375225558356044e-17
3.7548597828593176e-17
3.7721970098830333e-17
3.7837551612321755e-17
3.79531331258132e-17
3.806871463930462e-17
3.824208690954178e-17
3.8473249936524646e-17
3.8704412963507513e-17
3.8819994476998935e-17
3.8935575990490356e-17
3.90511575039818e-17
3.928232053096467e-17
3.951348355794754e-17
3.968685582818467e-17
3.9802437341676115e-17
4.0091391125404693e-17
4.0264763395641825e-17
4.061150793611614e-17
4.0784880206353295e-17
4.095825247659043e-17
4.1131624746827584e-17
4.1247206260319006e-17
4.147836928730187e-17
4.159395080079332e-17
4.170953231428474e-17
4.18829045845219e-17
4.205627685475903e-17
4.2171858368250475e-17
4.240302139523334e-17
4.25763936654705e-17
4.280755669245334e-17
4.29809289626905e-17
4.309651047618192e-17
4.3269882746419077e-17
4.33854642599105e-17
4.3501045773401944e-17
4.361662728689339e-17
4.378999955713052e-17
4.402116258411339e-17
4.4194534854350546e-17
4.436790712458768e-17
4.4541279394824835e-17
4.47724424218077e-17
4.494581469204486e-17
4.506139620553628e-17
4.523476847577344e-17
4.535034998926486e-17
4.546593150275628e-17
4.575488528648488e-17
4.5870466799976304e-17
4.598604831346775e-17
4.615942058370488e-17
4.627500209719633e-17
4.639058361068775e-17
4.6563955880924906e-17
4.667953739441633e-17
4.6795118907907774e-17
4.702628193489064e-17
4.714186344838206e-17
4.737302647536493e-17
4.748860798885635e-17
4.771977101583922e-17
4.7893143286076376e-17
4.8182097069804954e-17
4.835546934004211e-17
4.852884161027924e-17
4.87022138805164e-17
4.8817795394007845e-17
4.9164539934482134e-17
4.9395702961465e-17
4.968465674519358e-17
4.9800238258685e-17
5.0146982799159314e-17
5.0262564312650736e-17
5.037814582614216e-17
5.0609308853125024e-17
5.078268112336218e-17
5.089826263685363e-17
5.107163490709076e-17
5.1302797934073627e-17
