3.7825238121002137e-19
5.255084439914139e-19
6.236791525123341e-19
7.218498610332543e-19
9.181912780751192e-19
1.0654473408564995e-18
1.2127034036378797e-18
1.556300883461125e-18
1.6544715919820451e-18
1.7526423005029776e-18
1.9980690718052903e-18
2.1944104888471307e-18
2.3907519058889957e-18
2.538007968670376e-18
2.636178677191296e-18
2.783434739972701e-18
2.9306908027540812e-18
3.1270322197959215e-18
3.3233736368377865e-18
3.519715053879627e-18
3.814227179442412e-18
3.912397887963332e-18
4.010568596484252e-18
4.108739305005197e-18
4.206910013526117e-18
4.3050807220470375e-18
4.452336784828418e-18
4.55050749334935e-18
4.648678201870283e-18
4.746848910391203e-18
4.845019618912123e-18
5.090446390214448e-18
5.237702452995828e-18
5.3849585157772086e-18
5.5322145785586135e-18
5.679470641339994e-18
5.826726704121374e-18
5.9248974126423064e-18
6.023068121163239e-18
6.121238829684159e-18
6.268494892465539e-18
6.3666656009864595e-18
6.5139216637678644e-18
6.661177726549245e-18
6.808433789330625e-18
7.05386056063295e-18
7.15203126915387e-18
7.299287331935263e-18
7.397458040456195e-18
7.593799457498035e-18
7.691970166018956e-18
7.83922622880036e-18
8.035567645842201e-18
8.133738354363121e-18
8.231909062884054e-18
8.330079771404986e-18
8.428250479925906e-18
8.526421188446826e-18
8.771847959749151e-18
8.919104022530532e-18
9.017274731051452e-18
9.115445439572372e-18
9.213616148093317e-18
9.409957565135157e-18
9.802640399218862e-18
9.949896462000243e-18
1.0146237879042108e-17
1.0293493941823488e-17
1.0489835358865328e-17
1.0637091421646733e-17
1.0784347484428113e-17
1.1029774255730426e-17
1.1127944964251359e-17
1.1226115672772279e-17
1.1373371735553659e-17
1.1471542444074591e-17
1.1815139923897824e-17
1.1913310632418745e-17
1.201148134093969e-17
1.210965204946061e-17
1.235507882076291e-17
1.2600505592065235e-17
1.2747761654846615e-17
1.294410307188848e-17
1.30422737804094e-17
1.3287700551711701e-17
1.3385871260232646e-17
1.3533127323014026e-17
1.3680383385795406e-17
1.3778554094316326e-17
1.3876724802837271e-17
1.402398086561865e-17
1.4171236928400032e-17
1.4318492991181436e-17
1.4416663699702357e-17
1.4662090471004657e-17
1.4907517242306982e-17
1.5005687950827902e-17
1.5152944013609283e-17
1.5251114722130227e-17
1.5447456139172068e-17
1.5594712201953448e-17
1.5741968264734853e-17
1.5938309681776693e-17
1.6036480390297613e-17
1.6134651098818546e-17
1.6232821807339478e-17
1.642916322438132e-17
1.657641928716271e-17
1.6674589995683644e-17
1.6772760704204564e-17
1.6870931412725484e-17
1.6969102121246404e-17
1.7067272829767337e-17
1.716544353828827e-17
1.731269960106965e-17
1.741087030959057e-17
1.7509041018111502e-17
1.7656297080892895e-17
1.7803553143674275e-17
1.7950809206455655e-17
1.814715062349752e-17
1.824532133201844e-17
1.8441662749060293e-17
1.8588918811841685e-17
1.8736174874623066e-17
1.8834345583143986e-17
1.898160164592539e-17
1.912885770870677e-17
1.927611377148815e-17
1.9374284480009084e-17
1.9521540542790476e-17
1.9717881959832317e-17
1.9865138022613722e-17
2.0012394085395102e-17
2.0159650148176482e-17
2.0355991565218347e-17
2.0503247627999727e-17
2.0650503690781108e-17
2.0797759753562512e-17
2.0945015816343893e-17
2.1043186524864813e-17
2.1141357233385733e-17
2.1288613296167138e-17
2.1386784004688058e-17
2.1484954713208978e-17
2.1583125421729898e-17
2.1730381484511303e-17
2.1877637547292684e-17
2.1975808255813604e-17
2.2073978964334524e-17
2.222123502711593e-17
2.241757644415777e-17
2.2613917861199634e-17
2.2810259278241474e-17
2.2908429986762395e-17
2.3104771403804235e-17
2.3252027466585615e-17
2.3399283529367045e-17
2.3546539592148425e-17
2.3693795654929805e-17
2.3939222426232106e-17
2.4135563843273946e-17
2.423373455179489e-17
2.4430075968836756e-17
2.4626417385878596e-17
2.4773673448659976e-17
2.4970014865701817e-17
2.5166356282743682e-17
2.5362697699785547e-17
2.5460868408306467e-17
2.5706295179608767e-17
2.5853551242390147e-17
2.6049892659431988e-17
2.6295319430734337e-17
2.6442575493515718e-17
2.6638916910557558e-17
2.6737087619078478e-17
2.6933429036120318e-17
2.7129770453162208e-17
2.7326111870204048e-17
2.747336793298543e-17
2.766970935002727e-17
2.776788005854819e-17
2.801330682985054e-17
2.820964824689238e-17
2.840598966393422e-17
2.850416037245514e-17
2.870050178949698e-17
2.889684320653887e-17
2.899501391505979e-17
2.919135533210163e-17
2.933861139488301e-17
2.948586745766439e-17
2.958403816618531e-17
2.973129422896669e-17
2.987855029174812e-17
3.00258063545295e-17
3.012397706305042e-17
3.022214777157134e-17
3.036940383435272e-17
3.061483060565502e-17
3.076208666843645e-17
3.086025737695737e-17
3.100751343973875e-17
3.110568414825967e-17
3.120385485678059e-17
3.140019627382243e-17
3.149836698234335e-17
3.164562304512476e-17
3.17437937536457e-17
3.189104981642708e-17
3.213647658772938e-17
3.2283732650510763e-17
3.2480074067552604e-17
3.257824477607355e-17
3.2676415484594493e-17
3.2872756901636333e-17
3.2970927610157254e-17
3.3069098318678174e-17
3.3167269027199094e-17
3.3314525089980474e-17
3.3461781152761854e-17
3.3559951861282824e-17
3.3707207924064204e-17
3.3854463986845584e-17
3.4001720049626965e-17
3.4198061466668805e-17
3.4345317529450185e-17
3.444348823797113e-17
3.4541658946492075e-17
3.4738000363533915e-17
3.4836171072054835e-17
3.4983427134836216e-17
3.5277939260398976e-17
3.5425195323180406e-17
3.5621536740222246e-17
3.5719707448743166e-17
3.5817878157264086e-17
3.5965134220045467e-17
3.6112390282826847e-17
3.625964634560825e-17
3.6455987762650117e-17
3.6603243825431497e-17
3.68486705967338e-17
3.70940973680361e-17
3.729043878507799e-17
3.738860949359891e-17
3.748678020211983e-17
3.763403626490121e-17
3.778129232768259e-17
3.792854839046397e-17
3.807580445324535e-17
3.817397516176632e-17
3.827214587028724e-17
3.837031657880816e-17
3.851757264158954e-17
3.88120847671523e-17
3.891025547567322e-17
3.900842618419414e-17
3.920476760123603e-17
3.940110901827787e-17
3.959745043531971e-17
3.974470649810109e-17
3.994104791514293e-17
4.013738933218482e-17
4.038281610348712e-17
4.05300721662685e-17
4.062824287478942e-17
4.072641358331034e-17
4.097184035461269e-17
4.107001106313361e-17
4.136452318869637e-17
4.156086460573821e-17
4.175720602278005e-17
4.190446208556148e-17
4.20026327940824e-17
4.210080350260332e-17
4.22480595653847e-17
4.234623027390562e-17
4.244440098242654e-17
4.254257169094746e-17
4.273891310798933e-17
4.283708381651027e-17
4.298433987929165e-17
4.308251058781257e-17
4.3278852004854413e-17
4.3377022713375333e-17
4.3524278776156714e-17
4.3622449484677634e-17
4.3769705547459063e-17
4.3867876255979983e-17
4.4015132318761364e-17
4.4162388381542744e-17
4.4260559090063664e-17
4.4358729798584584e-17
4.4505985861365965e-17
4.460415656988691e-17
4.4751412632668314e-17
4.4996839403970615e-17
4.5144095466751995e-17
4.5340436883793835e-17
4.5438607592314755e-17
4.5585863655096185e-17
4.5684034363617105e-17
4.5782205072138025e-17
4.5929461134919405e-17
4.6125802551961246e-17
4.6273058614742626e-17
4.6371229323263546e-17
4.6518485386044976e-17
4.6665741448826356e-17
4.6763912157347276e-17
4.7058424282910037e-17
4.7156594991430957e-17
4.725476569995188e-17
4.73529364084728e-17
4.7451107116993767e-17
4.769653388829607e-17
4.789287530533791e-17
4.799104601385883e-17
4.813830207664021e-17
4.833464349368207e-17
4.848189955646348e-17
4.862915561924486e-17
4.872732632776578e-17
4.88254970362867e-17
4.892366774480762e-17
4.912000916184946e-17
4.921817987037038e-17
4.931635057889135e-17
4.946360664167273e-17
4.961086270445411e-17
4.970903341297503e-17
4.990537483001687e-17
5.005263089279825e-17
5.019988695557968e-17
5.034714301836106e-17
5.049439908114244e-17
5.064165514392382e-17
5.073982585244474e-17
5.088708191522612e-17
5.098525262374704e-17
5.118159404078893e-17
