1.62E-17
1.85E-17
1.40E-17
1.35E-17
8.83E-18
5.68E-18
5.80E-17
8.70E-18
4.58E-18
4.82E-18
9.09E-18
2.96E-17
2.04E-17
1.29E-17
4.84E-18
3.45E-17
4.65E-18
1.21E-17
2.54E-17
4.47E-18
8.81E-18
1.42E-17
2.43E-17
1.13E-17
1.67E-17
1.68E-17
9.15E-18
1.18E-17
3.97E-17
1.65E-17
1.27E-17
2.01E-17
8.36E-18
1.98E-17
1.41E-17
3.48E-17
1.51E-17
8.49E-18
1.28E-17
1.96E-17
8.74E-18
8.68E-18
8.53E-18
4.31E-18
8.69E-18
1.82E-17
7.60E-18
7.95E-18
1.26E-17
2.04E-17
4.65E-18
7.99E-18
2.43E-17
4.21E-18
1.24E-17
1.60E-17
4.23E-18
1.58E-17
2.08E-17
1.64E-17
1.30E-17
